2.018807868020304568e+03 6.517097336124386686e-01
2.038823604060913567e+03 0.000000000000000000e+00
2.058839340101522794e+03 0.000000000000000000e+00
2.078855076142132020e+03 2.713465430196148054e-01
2.098870812182741247e+03 3.091654092943382226e-01
2.118886548223350474e+03 4.257545061806576880e-01
2.138902284263959245e+03 2.588812865242977046e-01
2.158918020304568472e+03 4.459846808398737483e-01
2.178933756345177699e+03 2.471278932205212553e-01
2.198949492385786925e+03 1.174763631791627960e-01
2.218965228426395697e+03 2.281538642168994269e-01
2.238980964467004924e+03 2.929304369772603445e-01
2.258996700507614150e+03 1.915006580246184087e-01
2.279012436548223377e+03 7.671670298359681804e-03
2.299028172588832604e+03 1.306292705520389029e-02
2.319043908629441830e+03 9.796207902329798212e-02
2.339059644670050602e+03 2.133720654156900931e-01
2.359075380710659829e+03 2.965616665172078892e-01
2.379091116751269055e+03 8.302995800055651410e-02
2.399106852791878282e+03 2.197149201524798701e-01
2.419122588832487054e+03 2.325466380568762814e-01
2.439138324873096280e+03 1.900110526620560347e-01
2.459154060913705507e+03 0.000000000000000000e+00
2.479169796954314734e+03 4.042622547682726830e-02
2.499185532994923960e+03 1.170969058177209199e-01
2.519201269035533187e+03 3.360456326772865571e-02
2.539217005076141959e+03 1.698208621580669236e-02
2.559232741116751185e+03 1.100957885611993439e-02
2.579248477157360412e+03 1.497288263976779242e-02
2.599264213197969639e+03 2.238123809145210058e-02
2.619279949238578865e+03 3.237424157399455132e-02
2.639295685279187637e+03 1.545041837658237514e-02
2.659311421319796864e+03 6.899168978654519890e-02
2.679327157360406090e+03 1.918810040701799946e-01
2.699342893401015317e+03 1.200748538617208011e-01
2.719358629441624544e+03 1.218175313155256262e-01
2.739374365482233316e+03 1.800394352527559527e-01
2.759390101522842542e+03 2.716768437274945103e-01
2.779405837563451769e+03 3.272706765925191830e-01
2.799421573604060995e+03 1.995044917880763047e-01
2.819437309644670222e+03 2.048444227087283520e-01
2.839453045685278994e+03 2.592912328126313892e-01
2.859468781725888221e+03 2.057078330352983264e-01
2.879484517766497447e+03 3.669729884234900208e-01
2.899500253807106674e+03 4.236848386908894648e-01
2.919515989847715900e+03 3.217640287327191428e-01
2.939531725888324672e+03 3.815176899322779147e-01
2.959547461928933899e+03 3.738796188525082553e-01
2.979563197969543126e+03 3.141226563939914507e-01
2.999578934010152352e+03 2.555396310338848287e-01
3.019594670050761579e+03 3.747670523934505393e-01
3.039610406091370805e+03 3.660980270523379598e-01
3.059626142131979577e+03 1.441220193384186443e-01
3.079641878172588804e+03 2.826874769245948382e-01
3.099657614213198030e+03 1.435134979721378046e-01
3.119673350253807257e+03 3.816572706572622931e-01
3.139689086294416029e+03 7.110768584016240457e-01
3.159704822335025256e+03 4.558407885504136003e-01
3.179720558375634482e+03 1.026074987155934259e+00
3.199736294416243709e+03 1.186824951163975239e+00
3.219752030456852935e+03 1.058175192131506126e+00
3.239767766497462162e+03 7.927963974591399898e-01
3.259783502538070934e+03 0.000000000000000000e+00
3.279799238578680161e+03 5.129832794203342816e-01
3.299814974619289387e+03 4.230940545317888879e-01
3.319830710659898614e+03 4.242047331884353789e-01
3.339846446700507386e+03 4.120762036127102457e-01
3.359862182741116612e+03 4.285246759442016273e-01
3.379877918781725839e+03 4.498468587319180978e-01
3.399893654822335066e+03 4.515318286999586150e-01
3.419909390862944292e+03 3.801496004829519881e-01
3.439925126903553519e+03 3.869786008998956084e-01
3.459940862944162291e+03 3.949972311614976528e-01
3.479956598984771517e+03 4.391302056706181678e-01
3.499972335025380744e+03 4.805156048779631317e-01
3.519988071065989971e+03 4.811529462013291458e-01
3.540003807106598742e+03 5.170331733662697493e-01
3.560019543147207969e+03 5.218453499691683151e-01
3.580035279187817196e+03 4.711988100003605129e-01
3.600051015228426422e+03 4.711982553081731639e-01
3.620066751269035649e+03 5.792700435710712581e-01
3.640082487309644875e+03 8.186504154182240311e-01
3.660098223350254102e+03 9.922759112899273148e-01
3.680113959390862874e+03 9.455911678211967875e-01
3.700129695431472101e+03 7.843181122715476850e-01
3.720145431472081327e+03 6.984484335030382018e-01
3.740161167512690099e+03 5.249050320750756615e-01
3.760176903553299326e+03 4.553029959849529962e-01
3.780192639593908552e+03 4.645186519870460606e-01
3.800208375634517779e+03 5.120949706983850547e-01
3.820224111675127006e+03 6.814003389169264180e-01
3.840239847715736232e+03 9.128162554394502193e-01
3.860255583756345459e+03 1.072693335650714008e+00
3.880271319796954231e+03 1.282424300694936958e+00
3.900287055837563457e+03 1.706970909168229911e+00
3.920302791878172684e+03 2.027484997887547102e+00
3.940318527918781456e+03 2.341736611810690594e+00
3.960334263959390682e+03 2.554963986609730231e+00
3.980349999999999909e+03 2.206206820680034042e+00
4.000365736040609136e+03 1.771448329036009683e+00
4.020381472081218362e+03 1.583638799239331929e+00
4.040397208121827589e+03 1.590544716972933648e+00
4.060412944162436816e+03 1.519464611100684870e+00
4.080428680203046042e+03 1.381555190485919571e+00
4.100444416243654814e+03 1.270230317441094048e+00
4.120460152284264041e+03 1.014147424240603224e+00
4.140475888324872358e+03 8.180470952156874143e-01
4.160491624365482494e+03 8.589205135340270969e-01
4.180507360406090811e+03 1.038069449310841108e+00
4.200523096446700947e+03 1.112215154005663287e+00
4.220538832487309264e+03 9.932873000450224144e-01
4.240554568527919400e+03 1.001119553731645295e+00
4.260570304568527717e+03 1.020051198088900435e+00
4.280586040609137854e+03 1.029778650082602720e+00
4.300601776649746171e+03 9.908632951859188687e-01
4.320617512690355397e+03 1.008948109470352072e+00
4.340633248730964624e+03 1.034913250764319503e+00
4.360648984771572941e+03 9.427714825350541616e-01
4.380664720812183077e+03 8.978506602223759181e-01
4.400680456852791394e+03 1.021016362495042351e+00
4.420696192893401530e+03 1.304269928010198809e+00
4.440711928934009848e+03 1.617121868647040994e+00
4.460727664974619984e+03 1.881739625638242375e+00
4.480743401015228301e+03 2.160047185815411108e+00
4.500759137055838437e+03 2.354964171507126558e+00
4.520774873096446754e+03 2.559386732317568303e+00
4.540790609137055071e+03 2.906387372987044859e+00
4.560806345177665207e+03 3.040537829544939896e+00
4.580822081218273524e+03 2.822835937767234071e+00
4.600837817258883661e+03 2.579925135044435436e+00
4.620853553299491978e+03 2.665349580883827674e+00
4.640869289340102114e+03 2.667109804091964076e+00
4.660885025380710431e+03 2.379738573572060645e+00
4.680900761421320567e+03 2.149607878847830111e+00
4.700916497461928884e+03 2.034830971423182699e+00
4.720932233502538111e+03 2.050351258827694867e+00
4.740947969543147337e+03 2.253701414742423914e+00
4.760963705583755655e+03 2.215399919199838141e+00
4.780979441624365791e+03 2.214958014423845878e+00
4.800995177664974108e+03 2.322063528896227247e+00
4.821010913705584244e+03 2.434181611769088871e+00
4.841026649746192561e+03 2.251007459685434142e+00
4.861042385786802697e+03 1.899088548287341416e+00
4.881058121827411014e+03 1.762584347880752356e+00
4.901073857868021150e+03 1.794908110616715957e+00
4.921089593908629467e+03 1.889791907225882417e+00
4.941105329949237785e+03 1.924491601498038662e+00
4.961121065989847921e+03 1.738540290529277943e+00
4.981136802030456238e+03 1.437262926870306545e+00
5.001152538071066374e+03 1.362388726435982633e+00
5.021168274111674691e+03 1.435935363568371814e+00
5.041184010152284827e+03 1.567970593918169842e+00
5.061199746192893144e+03 1.730674755311408575e+00
5.081215482233503280e+03 1.883289065815152208e+00
5.101231218274111598e+03 1.941324660412820702e+00
5.121246954314721734e+03 1.969669431190896214e+00
5.141262690355330051e+03 1.951728836875196826e+00
5.161278426395938368e+03 1.968894711102441075e+00
5.181294162436548504e+03 2.058007859988295607e+00
5.201309898477156821e+03 2.220828506740896824e+00
5.221325634517766957e+03 2.368280481953551675e+00
5.241341370558375274e+03 2.421414446588226799e+00
5.261357106598985411e+03 2.464813563333366986e+00
5.281372842639593728e+03 2.460431495052607609e+00
5.301388578680203864e+03 2.321727015635848268e+00
5.321404314720812181e+03 2.191586983593129645e+00
5.341420050761421408e+03 2.139908161463499603e+00
5.361435786802030634e+03 2.226710092901696303e+00
5.381451522842638951e+03 2.362321238886510688e+00
5.401467258883249087e+03 2.446771275449970862e+00
5.421482994923857405e+03 2.376249559713075943e+00
5.441498730964467541e+03 2.231957480994858578e+00
5.461514467005075858e+03 2.089207446557718839e+00
5.481530203045685994e+03 1.998959027661574961e+00
5.501545939086294311e+03 1.972394818805174532e+00
5.521561675126904447e+03 2.036726169730262548e+00
5.541577411167512764e+03 2.151153621076823619e+00
5.561593147208121081e+03 2.333584485629311978e+00
5.581608883248731217e+03 2.400576510080143944e+00
5.601624619289339535e+03 2.460374176859906115e+00
5.621640355329949671e+03 2.448562931215394922e+00
5.641656091370557988e+03 2.307221814934347748e+00
5.661671827411168124e+03 2.156073740779397951e+00
5.681687563451776441e+03 2.083893495402063589e+00
5.701703299492386577e+03 2.067385855903912439e+00
5.721719035532994894e+03 2.131443558683197459e+00
5.741734771573604121e+03 2.021351951268442360e+00
5.761750507614213348e+03 1.720152244515712026e+00
5.781766243654821665e+03 1.524297829027226880e+00
5.801781979695431801e+03 1.567909577777551577e+00
5.821797715736040118e+03 1.729234404598028352e+00
5.841813451776650254e+03 1.881639781044504023e+00
5.861829187817258571e+03 1.998090009901255293e+00
5.881844923857868707e+03 2.197849458389303123e+00
5.901860659898477024e+03 2.300783687612151684e+00
5.921876395939087161e+03 2.287400814103233593e+00
5.941892131979695478e+03 2.158715924565560051e+00
5.961907868020304704e+03 2.107192416248413025e+00
5.981923604060913931e+03 2.119175616471029588e+00
6.001939340101522248e+03 2.155152951748251056e+00
6.021955076142132384e+03 2.139092763947965992e+00
6.041970812182740701e+03 1.953182130406284189e+00
6.061986548223350837e+03 1.914899124603279601e+00
6.082002284263959154e+03 1.757486726678198163e+00
6.102018020304569291e+03 1.354097927207744023e+00
6.122033756345177608e+03 1.029220259947248639e+00
6.142049492385787744e+03 9.168747532775373132e-01
6.162065228426396061e+03 9.451159815139582587e-01
6.182080964467006197e+03 1.119707196483991085e+00
6.202096700507614514e+03 1.262730879066933598e+00
6.222112436548222831e+03 1.394564571255295871e+00
6.242128172588832967e+03 1.496455979165761452e+00
6.262143908629441285e+03 1.610576500835273928e+00
6.282159644670051421e+03 1.795128138517733118e+00
6.302175380710659738e+03 1.859520505583438954e+00
6.322191116751269874e+03 1.938050127532978451e+00
6.342206852791878191e+03 2.097015663582885825e+00
6.362222588832488327e+03 2.146314856228407564e+00
6.382238324873096644e+03 2.128856844115778912e+00
6.402254060913706780e+03 2.125408507683873793e+00
6.422269796954315098e+03 2.114667817961117802e+00
6.442285532994923415e+03 2.105445135857983541e+00
6.462301269035533551e+03 2.084769909058215465e+00
6.482317005076141868e+03 2.040187448979874585e+00
6.502332741116752004e+03 1.999371348854236841e+00
6.522348477157360321e+03 1.933913972788650071e+00
6.542364213197970457e+03 1.921176391191118160e+00
6.562379949238578774e+03 1.868597118743880792e+00
6.582395685279188910e+03 1.790213565737033274e+00
6.602411421319797228e+03 1.737547391513764250e+00
6.622427157360406454e+03 1.721877337218643556e+00
6.642442893401015681e+03 1.696281990716301591e+00
6.662458629441623998e+03 1.699323552877419541e+00
6.682474365482234134e+03 1.617195827605365954e+00
6.702490101522842451e+03 1.566064301767341682e+00
6.722505837563452587e+03 1.540611326259775371e+00
6.742521573604060904e+03 1.518850751746586791e+00
6.762537309644671041e+03 1.504944618607519269e+00
6.782553045685279358e+03 1.461214535523874147e+00
6.802568781725889494e+03 1.412923033685532070e+00
6.822584517766497811e+03 1.376731217429167931e+00
6.842600253807106128e+03 1.384524642662670280e+00
6.862615989847716264e+03 1.385560068079221052e+00
6.882631725888324581e+03 1.421500423877279706e+00
6.902647461928934717e+03 1.402008540410712545e+00
6.922663197969543035e+03 1.386506742745781784e+00
6.942678934010153171e+03 1.375721677648031216e+00
6.962694670050761488e+03 1.370661035924639393e+00
6.982710406091371624e+03 1.330811949179101727e+00
7.002726142131979941e+03 1.324775049205819455e+00
7.022741878172589168e+03 1.329162664408453098e+00
7.042757614213198394e+03 1.304077634718553647e+00
7.062773350253806711e+03 1.284755856856134137e+00
7.082789086294416848e+03 1.254027758646033330e+00
7.102804822335025165e+03 1.260791305384859395e+00
7.122820558375635301e+03 1.305575303624636030e+00
7.142836294416243618e+03 1.308720408327408880e+00
7.162852030456853754e+03 1.317016754477521534e+00
7.182867766497462071e+03 1.293301814490593893e+00
7.202883502538072207e+03 1.283219359496931000e+00
7.222899238578680524e+03 1.269684870123446663e+00
7.242914974619289751e+03 1.275547966544665179e+00
7.262930710659898978e+03 1.264716677097961206e+00
7.282946446700507295e+03 1.240911137387085361e+00
7.302962182741117431e+03 1.236216592507402678e+00
7.322977918781725748e+03 1.247955728167546408e+00
7.342993654822335884e+03 1.232457628450532194e+00
7.363009390862944201e+03 1.234571005684670375e+00
7.383025126903554337e+03 1.190010733293826783e+00
7.403040862944162654e+03 1.127498772743535049e+00
7.423056598984772791e+03 1.053809764616370215e+00
7.443072335025381108e+03 8.348265338856833973e-01
7.463088071065989425e+03 6.621218270451270094e-01
7.483103807106599561e+03 5.541178961264919822e-01
7.503119543147207878e+03 4.936588513619079577e-01
7.523135279187818014e+03 5.599412396076107745e-01
7.543151015228426331e+03 6.606230487546698171e-01
7.563166751269036467e+03 7.434774207922668632e-01
7.583182487309644785e+03 7.246787176626009463e-01
7.603198223350254921e+03 6.983382346551338937e-01
7.623213959390863238e+03 6.886046810473697155e-01
7.643229695431472464e+03 8.292796120113046232e-01
7.663245431472081691e+03 9.477563163261626400e-01
7.683261167512690008e+03 1.056768122949372390e+00
7.703276903553300144e+03 1.149854716871240079e+00
7.723292639593908461e+03 1.200984393735306410e+00
7.743308375634518598e+03 1.268503375764204133e+00
7.763324111675126915e+03 1.304491804885174133e+00
7.783339847715737051e+03 1.352883151317255228e+00
7.803355583756345368e+03 1.380627005558940024e+00
7.823371319796955504e+03 1.311188788561507446e+00
7.843387055837563821e+03 1.283968193949972303e+00
7.863402791878172138e+03 1.283380220231288060e+00
7.883418527918782274e+03 1.290495072022157963e+00
7.903434263959390591e+03 1.206546107401350154e+00
7.923450000000000728e+03 1.094256069950382493e+00
7.943465736040609045e+03 1.041889429508330078e+00
7.963481472081219181e+03 1.014480239553066099e+00
7.983497208121827498e+03 1.007415310059065483e+00
8.003512944162437634e+03 9.535140212317678721e-01
8.023528680203045951e+03 9.126794313665489433e-01
8.043544416243656087e+03 9.578202815802440151e-01
8.063560152284264404e+03 9.437477407849449440e-01
8.083575888324872722e+03 8.771920741882309747e-01
8.103591624365482858e+03 7.191611944741563844e-01
8.123607360406091175e+03 5.674201543708357054e-01
8.143623096446701311e+03 4.188452972734104662e-01
8.163638832487309628e+03 3.146752138569504087e-01
8.183654568527919764e+03 2.629557143002418940e-01
8.203670304568528081e+03 2.416982456010598190e-01
8.223686040609136398e+03 2.709974567363205855e-01
8.243701776649746535e+03 3.836702317966202425e-01
8.263717512690354852e+03 3.977300146716082896e-01
8.283733248730964988e+03 4.088543664906750807e-01
8.303748984771573305e+03 3.536536187656064700e-01
8.323764720812181622e+03 3.570255925730413393e-01
8.343780456852791758e+03 3.998252719609570183e-01
8.363796192893401894e+03 4.471477265478454033e-01
8.383811928934010211e+03 5.134554457367744851e-01
8.403827664974618529e+03 6.038053733032195947e-01
8.423843401015228665e+03 7.032021455493809858e-01
8.443859137055838801e+03 7.891088037970527269e-01
8.463874873096447118e+03 8.544367516855708722e-01
8.483890609137055435e+03 9.079848864868662606e-01
8.503906345177663752e+03 1.006599912543531650e+00
8.523922081218273888e+03 1.044389242299716969e+00
8.543937817258884024e+03 1.045224978528789928e+00
8.563953553299492341e+03 1.058633737673121633e+00
8.583969289340100659e+03 1.027556183384935151e+00
8.603985025380710795e+03 1.054223934782990701e+00
8.624000761421320931e+03 1.043185560252976485e+00
8.644016497461929248e+03 9.988804462683544827e-01
8.664032233502537565e+03 9.382507412074353459e-01
8.684047969543145882e+03 9.207631455114768659e-01
8.704063705583756018e+03 8.846989084582238538e-01
8.724079441624366154e+03 7.804149282459430514e-01
8.744095177664974472e+03 7.601113452117582714e-01
8.764110913705582789e+03 7.258677928150721881e-01
8.784126649746192925e+03 7.802732968407505298e-01
8.804142385786803061e+03 7.951734383797069983e-01
8.824158121827411378e+03 7.814725413499913342e-01
8.844173857868019695e+03 7.224714125513898022e-01
8.864189593908629831e+03 6.030458148012213249e-01
8.884205329949238148e+03 5.008363833699583934e-01
8.904221065989848285e+03 4.450901883272424531e-01
8.924236802030456602e+03 4.306332458460488399e-01
8.944252538071064919e+03 4.170425476642373175e-01
8.964268274111675055e+03 4.929762101765677307e-01
8.984284010152285191e+03 5.508337485820681279e-01
9.004299746192893508e+03 5.873999820649525860e-01
9.024315482233501825e+03 5.655271748325060299e-01
9.044331218274111961e+03 5.842093926028099071e-01
9.064346954314722097e+03 5.952268737270969279e-01
9.084362690355330415e+03 6.335429761639522761e-01
9.104378426395938732e+03 6.681198985652886391e-01
9.124394162436547049e+03 6.672649330070511420e-01
9.144409898477157185e+03 6.863420916148106343e-01
9.164425634517767321e+03 7.369180007784179587e-01
9.184441370558375638e+03 7.664625707579221237e-01
9.204457106598983955e+03 7.714180058630962789e-01
9.224472842639594091e+03 7.072038798869536569e-01
9.244488578680204228e+03 7.314535431425716050e-01
9.264504314720812545e+03 7.246448814391672766e-01
9.284520050761420862e+03 6.926010533604638475e-01
9.304535786802029179e+03 6.591146557996302446e-01
9.324551522842639315e+03 6.730152420168238336e-01
9.344567258883249451e+03 6.914066161835142887e-01
9.364582994923857768e+03 7.416247488862242054e-01
9.384598730964466085e+03 7.802540675115861024e-01
9.404614467005076222e+03 7.694005903773847299e-01
9.424630203045686358e+03 7.839316767142991971e-01
9.444645939086294675e+03 7.840407661778286963e-01
9.464661675126902992e+03 7.922964349008626561e-01
9.484677411167513128e+03 8.127941602006506505e-01
9.504693147208121445e+03 8.197814327884098695e-01
9.524708883248731581e+03 8.316888250787431991e-01
9.544724619289339898e+03 7.793517682200205021e-01
9.564740355329948216e+03 7.069185832052148344e-01
9.584756091370558352e+03 6.799988166566666159e-01
9.604771827411168488e+03 6.477578879540270007e-01
9.624787563451776805e+03 6.365788065057996770e-01
9.644803299492385122e+03 6.667790226508555351e-01
9.664819035532995258e+03 6.133392377235062920e-01
9.684834771573603575e+03 6.460540584516136775e-01
9.704850507614213711e+03 6.258105670710680801e-01
9.724866243654822028e+03 6.585385155142782221e-01
9.744881979695430346e+03 5.475453483975405433e-01
9.764897715736040482e+03 5.343832423792226338e-01
9.784913451776650618e+03 5.573260508412368752e-01
9.804929187817258935e+03 5.653280403372158425e-01
9.824944923857867252e+03 5.698321408992114145e-01
9.844960659898477388e+03 6.128925256152228940e-01
9.864976395939087524e+03 6.189388553556917083e-01
9.884992131979695841e+03 5.581210726637519937e-01
