4.091087956692913394e+03 6.708130575610975477e-01
4.111145870078740700e+03 6.245994389580346029e-01
4.131203783464567096e+03 5.888586306281599070e-01
4.151261696850393491e+03 5.536627305471287785e-01
4.171319610236220797e+03 4.948917424107223684e-01
4.191377523622047192e+03 5.677779001228262512e-01
4.211435437007874498e+03 5.776322183198002724e-01
4.231493350393700894e+03 5.945603682893886299e-01
4.251551263779527289e+03 5.768231561358895254e-01
4.271609177165354595e+03 5.771052876535642806e-01
4.291667090551181900e+03 5.865362250728359816e-01
4.311725003937008296e+03 6.169090089245491404e-01
4.331782917322834692e+03 6.294540378248945078e-01
4.351840830708661088e+03 6.124735859246167591e-01
4.371898744094488393e+03 5.360209759986676037e-01
4.391956657480315698e+03 4.860207061818961338e-01
4.412014570866142094e+03 4.168974404809461243e-01
4.432072484251968490e+03 3.902378319801077522e-01
4.452130397637794886e+03 4.365447506601737304e-01
4.472188311023622191e+03 4.705001950910541741e-01
4.492246224409449496e+03 5.171327526067509561e-01
4.512304137795275892e+03 6.037943820264889405e-01
4.532362051181102288e+03 7.246791467911037898e-01
4.552419964566928684e+03 9.041839645573789275e-01
4.572477877952755989e+03 1.113350888023476593e+00
4.592535791338583294e+03 1.248741020994097672e+00
4.612593704724409690e+03 1.286888416653322986e+00
4.632651618110236086e+03 1.292459497615325414e+00
4.652709531496062482e+03 1.250903161590106949e+00
4.672767444881889787e+03 1.004296881227162430e+00
4.692825358267717093e+03 7.417682213257530410e-01
4.712883271653543488e+03 5.866073499981662165e-01
4.732941185039369884e+03 5.395832641947824193e-01
4.752999098425196280e+03 5.366212825527510999e-01
4.773057011811023585e+03 5.258982966794747416e-01
4.793114925196850891e+03 5.945775172042525591e-01
4.813172838582677286e+03 7.444029927654337575e-01
4.833230751968503682e+03 8.939725759186474274e-01
4.853288665354330988e+03 8.126030980056903052e-01
4.873346578740157383e+03 7.117468758877795176e-01
4.893404492125984689e+03 7.678288585113864917e-01
4.913462405511811085e+03 9.287765924204836043e-01
4.933520318897637480e+03 1.144349999079250724e+00
4.953578232283464786e+03 1.273539848754147830e+00
4.973636145669292091e+03 1.235560685996692110e+00
4.993694059055118487e+03 9.596174474028835721e-01
5.013751972440944883e+03 7.527395876315876588e-01
5.033809885826771279e+03 6.590913991545868100e-01
5.053867799212598584e+03 6.238272595712024415e-01
5.073925712598425889e+03 5.935099930173202143e-01
5.093983625984252285e+03 5.740908274261606881e-01
5.114041539370078681e+03 5.751303778128467048e-01
5.134099452755905077e+03 5.730879921418663425e-01
5.154157366141732382e+03 5.635488064738838343e-01
5.174215279527559687e+03 6.040514110116996793e-01
5.194273192913386083e+03 6.634896188355836610e-01
5.214331106299212479e+03 7.537034911301834228e-01
5.234389019685038875e+03 8.498626611124749930e-01
5.254446933070866180e+03 9.468501506579179994e-01
5.274504846456693485e+03 1.019529483289045801e+00
5.294562759842519881e+03 1.102816786032228435e+00
5.314620673228346277e+03 1.183591770976008872e+00
5.334678586614172673e+03 1.173103526657345519e+00
5.354736499999999978e+03 1.093024050193563967e+00
5.374794413385827283e+03 1.060530444843058806e+00
5.394852326771653679e+03 1.118063038128782161e+00
5.414910240157480075e+03 1.267741041929405066e+00
5.434968153543306471e+03 1.489402756870167766e+00
5.455026066929133776e+03 1.749882527816995825e+00
5.475083980314961082e+03 2.013494463473539664e+00
5.495141893700787477e+03 2.189664610565801972e+00
5.515199807086613873e+03 2.300993599999736183e+00
5.535257720472440269e+03 2.289574567264162752e+00
5.555315633858267574e+03 2.226569702012361596e+00
5.575373547244094880e+03 2.108997069907824873e+00
5.595431460629921276e+03 1.956880570728845692e+00
5.615489374015747671e+03 1.784255617078552625e+00
5.635547287401574067e+03 1.590477204123481592e+00
5.655605200787402282e+03 1.381527929112090991e+00
5.675663114173228678e+03 1.166921669111281812e+00
5.695721027559055074e+03 1.055799767834722180e+00
5.715778940944881469e+03 1.055551534087230126e+00
5.735836854330708775e+03 1.078577262611959187e+00
5.755894767716536080e+03 1.134832121015366679e+00
5.775952681102362476e+03 1.225483861833435828e+00
5.796010594488188872e+03 1.403023040323969628e+00
5.816068507874015268e+03 1.533141752001499603e+00
5.836126421259842573e+03 1.581712340667916994e+00
5.856184334645669878e+03 1.549466341063059804e+00
5.876242248031496274e+03 1.417692518127471768e+00
5.896300161417322670e+03 1.089262117001189578e+00
5.916358074803149066e+03 1.287335195201665838e+00
5.936415988188976371e+03 1.217001484370850317e+00
5.956473901574803676e+03 1.140456815554669268e+00
5.976531814960630072e+03 1.059280103260929362e+00
5.996589728346456468e+03 1.000836155855550524e+00
6.016647641732282864e+03 9.970564029269074480e-01
6.036705555118110169e+03 1.010359956391068126e+00
6.056763468503937474e+03 1.021779975912401550e+00
6.076821381889763870e+03 1.000000000000000000e+00
6.096879295275590266e+03 9.733643184965887762e-01
6.116937208661416662e+03 9.626214309333931407e-01
6.136995122047243967e+03 9.103140292465761174e-01
6.157053035433071273e+03 8.057271704423943914e-01
6.177110948818897668e+03 7.312096402766076197e-01
6.197168862204724064e+03 7.366866541198430207e-01
6.217226775590550460e+03 8.176776527956444163e-01
6.237284688976378675e+03 8.934088939262579965e-01
6.257342602362205071e+03 8.990701556048180665e-01
6.277400515748031467e+03 8.327806253069433007e-01
6.297458429133857862e+03 8.927475434984256664e-01
6.317516342519684258e+03 9.628017029479504219e-01
6.337574255905512473e+03 1.045326390599190747e+00
6.357632169291338869e+03 1.132120421975346680e+00
6.377690082677165265e+03 1.239378833582876371e+00
6.397747996062991660e+03 1.375768213600615297e+00
6.417805909448818056e+03 1.499292070341876615e+00
6.437863822834646271e+03 1.633479393314148709e+00
6.457921736220472667e+03 1.726260396225136606e+00
6.477979649606299063e+03 1.806495388238978927e+00
6.498037562992125459e+03 1.849706613493911966e+00
6.518095476377951854e+03 1.821673285538556675e+00
6.538153389763780069e+03 1.736054206982602377e+00
6.558211303149606465e+03 1.656812233724143768e+00
6.578269216535432861e+03 1.517870160810302904e+00
6.598327129921259257e+03 1.354317749274982052e+00
6.618385043307085652e+03 1.173803588572004619e+00
