3.460028248587570488e+03 3.803424571800497551e-06
3.480084745762711918e+03 3.803424571800497974e-06
3.500141242937853349e+03 7.250141839438641966e+01
3.520197740112994325e+03 4.876759180810642746e+00
3.540254237288135300e+03 1.699192453245673029e+00
3.560310734463277186e+03 1.040791062751382778e+00
3.580367231638418161e+03 9.206767186454083429e-01
3.600423728813559137e+03 9.196279291284386037e-01
3.620480225988700568e+03 6.644896779001400189e-01
3.640536723163841998e+03 6.737973586399249593e-01
3.660593220338982974e+03 7.405597864190054391e-01
3.680649717514123950e+03 9.211159998924570713e-01
3.700706214689265835e+03 8.570083652030949795e-01
3.720762711864406810e+03 7.338535212471588576e-01
3.740819209039547786e+03 6.093377474508538949e-01
3.760875706214689217e+03 5.510016804071108387e-01
3.780932203389830647e+03 5.656939417596086317e-01
3.800988700564971623e+03 4.755082362402448526e-01
3.821045197740112599e+03 5.013021850216566877e-01
3.841101694915254484e+03 6.245278871453434633e-01
3.861158192090395460e+03 8.451022726120033246e-01
3.881214689265536435e+03 1.076509389765913705e+00
3.901271186440678321e+03 1.244051188452491852e+00
3.921327683615819296e+03 1.301711960907957710e+00
3.941384180790960272e+03 1.261939108853410207e+00
3.961440677966101703e+03 1.369267665325301753e+00
3.981497175141243133e+03 1.430199189744976618e+00
4.001553672316384109e+03 1.265100791435015415e+00
4.021610169491525085e+03 1.120837796642869089e+00
4.041666666666666970e+03 9.594276176676446166e-01
4.061723163841807946e+03 9.933901984491562143e-01
4.081779661016948921e+03 9.955022051711787112e-01
4.101836158192090807e+03 9.331267793943461841e-01
4.121892655367231782e+03 9.364003873514181731e-01
4.141949152542372758e+03 8.541545389555948997e-01
4.162005649717513734e+03 8.503462201968526868e-01
4.182062146892654710e+03 8.992412119376168578e-01
4.202118644067796595e+03 1.000762451611848514e+00
4.222175141242937570e+03 1.000000000000000000e+00
4.242231638418079456e+03 9.362752160780186683e-01
4.262288135593220431e+03 9.471192240129515660e-01
4.282344632768361407e+03 9.693521436245324807e-01
4.302401129943502383e+03 1.035214588963044857e+00
4.322457627118644268e+03 1.124131839721286497e+00
4.342514124293785244e+03 1.073585093809462432e+00
4.362570621468927129e+03 8.886270621868809227e-01
4.382627118644068105e+03 7.247581195630882211e-01
4.402683615819209081e+03 6.616080303428559795e-01
4.422740112994350056e+03 6.164638435735285693e-01
4.442796610169491032e+03 6.475303983509299588e-01
4.462853107344632917e+03 7.011778114566085129e-01
4.482909604519773893e+03 7.550560675716092573e-01
4.502966101694915778e+03 8.730460946414975165e-01
4.523022598870056754e+03 9.718695043680440904e-01
4.543079096045197730e+03 1.220489198093338779e+00
4.563135593220338706e+03 1.665360214069467659e+00
4.583192090395479681e+03 1.945048579946182743e+00
4.603248587570621567e+03 2.125059889677919589e+00
4.623305084745762542e+03 2.385307807585260953e+00
4.643361581920904428e+03 2.410850182788466967e+00
4.663418079096045403e+03 2.070747571889032912e+00
4.683474576271186379e+03 1.507260623234762509e+00
4.703531073446327355e+03 1.155232272482991318e+00
4.723587570621468331e+03 1.063560613573627966e+00
4.743644067796610216e+03 9.989902587992399718e-01
4.763700564971751191e+03 8.949669724121922521e-01
4.783757062146893077e+03 9.210185022050724202e-01
4.803813559322034052e+03 1.112349933578469452e+00
4.823870056497175028e+03 1.281040973944777228e+00
4.843926553672316004e+03 1.188909549425762879e+00
4.863983050847456980e+03 1.088762436248576382e+00
4.884039548022598865e+03 1.070276086860393994e+00
4.904096045197740750e+03 1.232760808529609786e+00
4.924152542372881726e+03 1.403242605662133657e+00
4.944209039548022702e+03 1.574658361702041320e+00
4.964265536723163677e+03 1.635149472325773568e+00
4.984322033898304653e+03 1.411772471518118577e+00
5.004378531073445629e+03 1.129391199819343550e+00
5.024435028248587514e+03 9.995618020605889775e-01
5.044491525423729399e+03 9.578985781784219444e-01
5.064548022598870375e+03 9.018170220523025193e-01
5.084604519774011351e+03 8.687010461895786628e-01
5.104661016949152327e+03 8.273621252211054156e-01
5.124717514124293302e+03 8.615616549277153036e-01
5.144774011299434278e+03 8.299450753179483664e-01
5.164830508474576163e+03 8.832189442536780843e-01
5.184887005649718049e+03 9.664848252728185374e-01
5.204943502824859024e+03 1.149294663321281273e+00
5.225000000000000000e+03 1.362772032362710384e+00
5.245056497175140976e+03 1.573515028973062835e+00
5.265112994350281951e+03 1.674120972176030842e+00
5.285169491525423837e+03 1.768464954062339611e+00
5.305225988700564812e+03 1.861521030891305273e+00
5.325282485875706698e+03 1.847214574781563146e+00
5.345338983050847673e+03 1.761634403959706052e+00
5.365395480225988649e+03 1.647937081886337918e+00
5.385451977401129625e+03 1.631079534772550188e+00
5.405508474576270601e+03 1.686891150331881084e+00
5.425564971751412486e+03 1.771256243914395956e+00
5.445621468926553462e+03 1.775864979293559243e+00
5.465677966101695347e+03 1.767161587250532628e+00
5.485734463276836323e+03 1.710712642111496429e+00
5.505790960451977298e+03 1.642571015985976990e+00
5.525847457627118274e+03 1.541325872035565148e+00
5.545903954802259250e+03 1.495559817440996975e+00
5.565960451977401135e+03 1.471758711541470754e+00
5.586016949152543020e+03 1.366631386947935178e+00
5.606073446327683996e+03 1.216297142224603611e+00
5.626129943502824972e+03 1.128225462318768635e+00
5.646186440677965948e+03 1.080422346194197303e+00
5.666242937853106923e+03 9.655746498922057608e-01
5.686299435028247899e+03 8.849429298764133200e-01
5.706355932203389784e+03 8.159146656907705353e-01
5.726412429378531669e+03 8.126840945916653514e-01
5.746468926553672645e+03 8.150957835992541645e-01
5.766525423728813621e+03 8.922885435194713999e-01
5.786581920903954597e+03 9.738530898937539648e-01
5.806638418079095572e+03 1.100411932653324820e+00
5.826694915254236548e+03 1.213941046595326645e+00
5.846751412429378433e+03 1.459823862056726540e+00
5.866807909604520319e+03 1.653632621032299355e+00
5.886864406779661294e+03 1.656378805893626627e+00
5.906920903954802270e+03 1.428440193589044060e+00
5.926977401129943246e+03 1.575126252118974168e+00
5.947033898305084222e+03 1.344978233887497820e+00
5.967090395480225197e+03 1.162921787059732814e+00
5.987146892655367083e+03 1.075991076302576177e+00
6.007203389830508968e+03 1.078628536470093158e+00
6.027259887005649944e+03 1.050355241194998568e+00
6.047316384180790919e+03 9.501352017172985942e-01
6.067372881355931895e+03 8.939838707310661103e-01
6.087429378531072871e+03 9.440641979923944938e-01
6.107485875706213847e+03 9.522929809226350351e-01
6.127542372881356641e+03 7.858825219835127163e-01
6.147598870056497617e+03 6.309980897347048368e-01
6.167655367231638593e+03 5.709862442581001840e-01
6.187711864406779569e+03 5.982053827192931328e-01
6.207768361581920544e+03 6.793902790078516496e-01
6.227824858757061520e+03 7.186614611436754618e-01
6.247881355932202496e+03 7.548672765951286445e-01
6.267937853107345290e+03 8.186280066341758976e-01
6.287994350282486266e+03 8.790236877032863161e-01
6.308050847457627242e+03 1.036911885824889801e+00
6.328107344632768218e+03 1.045357647615191565e+00
6.348163841807909193e+03 1.125592187658033705e+00
6.368220338983050169e+03 1.244200980354018826e+00
6.388276836158192054e+03 1.192707675244460530e+00
6.408333333333333940e+03 1.276468184682679752e+00
6.428389830508474915e+03 1.304226268693580826e+00
6.448446327683615891e+03 1.289766820000655789e+00
6.468502824858756867e+03 1.261981160886251896e+00
6.488559322033897843e+03 1.272301783508453132e+00
6.508615819209038818e+03 1.287758564605562039e+00
6.528672316384180704e+03 1.242678046780572032e+00
6.548728813559322589e+03 1.196978714088228646e+00
6.568785310734463565e+03 1.321281962622537831e+00
6.588841807909604540e+03 1.176991146520607767e+00
6.608898305084745516e+03 1.008434387060106907e+00
6.628954802259886492e+03 8.345209667791894104e-01
6.649011299435027468e+03 7.731286919247392087e-01
6.669067796610169353e+03 7.340012942571793042e-01
6.689124293785311238e+03 6.847490572022870703e-01
6.709180790960452214e+03 5.859946344757532843e-01
6.729237288135593190e+03 5.843433289472503844e-01
6.749293785310734165e+03 5.253534857442131445e-01
6.769350282485875141e+03 4.711150298397088210e-01
6.789406779661016117e+03 4.679254767070639143e-01
6.809463276836158002e+03 4.738765287317313613e-01
6.829519774011299887e+03 4.375495994863939364e-01
6.849576271186440863e+03 4.381140273862140222e-01
6.869632768361581839e+03 3.402573564713400334e-01
6.889689265536722814e+03 3.648720953444657411e-01
6.909745762711863790e+03 4.320983757574658468e-01
6.929802259887004766e+03 4.470133011466220219e-01
6.949858757062147561e+03 4.736323314937128659e-01
6.969915254237288536e+03 4.736733297636704365e-01
6.989971751412429512e+03 3.897388881716078446e-01
