3.364907632462686706e+03 -3.497823978137468148e-02
3.384956897388059588e+03 2.438284004167247110e-01
3.405006162313432469e+03 1.367554634531414626e-01
3.425055427238805805e+03 4.970497415787111239e-01
3.445104692164179141e+03 5.419797986793094546e-01
3.465153957089552023e+03 3.112693436049738249e-01
3.485203222014924904e+03 1.056010842380213227e-01
3.505252486940298240e+03 4.484867850036369785e-01
3.525301751865671577e+03 2.505641718206227941e-01
3.545351016791044458e+03 4.555707578770543109e-01
3.565400281716417794e+03 4.838860876920213494e-01
3.585449546641791130e+03 7.040165691426077954e-01
3.605498811567164012e+03 8.185725584758609674e-01
3.625548076492536893e+03 6.667035775551782839e-01
3.645597341417910229e+03 6.340578813547951276e-01
3.665646606343283565e+03 4.339462943949407570e-01
3.685695871268656447e+03 6.537024903148137556e-01
3.705745136194029328e+03 4.569948814883840749e-01
3.725794401119402664e+03 8.276472721238100627e-01
3.745843666044776000e+03 8.039701405200033735e-01
3.765892930970148882e+03 5.817754449792430504e-01
3.785942195895522218e+03 2.038521739387484100e-01
3.805991460820895554e+03 3.117037245619672103e-01
3.826040725746268436e+03 2.198481876454128903e-01
3.846089990671641317e+03 2.797500326683751148e-01
3.866139255597014653e+03 3.349970169316963675e-01
3.886188520522387989e+03 4.638454594748074311e-01
3.906237785447760871e+03 7.006228705026597003e-01
3.926287050373134207e+03 9.013393040963554315e-01
3.946336315298507543e+03 1.289802146885014489e+00
3.966385580223880424e+03 1.624690841151066545e+00
3.986434845149253306e+03 2.269838894627423720e+00
4.006484110074626642e+03 2.306831320569144861e+00
4.026533374999999978e+03 2.162695345287831028e+00
4.046582639925372860e+03 2.020816080042431739e+00
4.066631904850746196e+03 1.815851492586312954e+00
4.086681169776119077e+03 1.634806396104454551e+00
4.106730434701492413e+03 1.371277898445941723e+00
4.126779699626865295e+03 1.312395433120447708e+00
4.146828964552238176e+03 1.321038715393713758e+00
4.166878229477611967e+03 1.363331760836943962e+00
4.186927494402984848e+03 1.366070228088934080e+00
4.206976759328357730e+03 1.451278336240764189e+00
4.227026024253731521e+03 1.761028504212592827e+00
4.247075289179104402e+03 1.837475384074103824e+00
4.267124554104477284e+03 1.813197977768784996e+00
4.287173819029851074e+03 1.852560427137286858e+00
4.307223083955223046e+03 1.954614927882703412e+00
4.327272348880596837e+03 1.974821385905612292e+00
4.347321613805970628e+03 1.988530230040752578e+00
4.367370878731342600e+03 1.912290894282439480e+00
4.387420143656716391e+03 1.668810562215225390e+00
4.407469408582089272e+03 1.313473209497614036e+00
4.427518673507462154e+03 1.091087163929071124e+00
4.447567938432835945e+03 1.029429510541851611e+00
4.467617203358208826e+03 1.150509087599877800e+00
4.487666468283581708e+03 1.285103429722435742e+00
4.507715733208955498e+03 1.516280393397856807e+00
4.527764998134327470e+03 1.827702543145209635e+00
4.547814263059701261e+03 2.104291671036772282e+00
4.567863527985075052e+03 2.670624393972701682e+00
4.587912792910447024e+03 3.074279546949264308e+00
4.607962057835820815e+03 3.475736383228884119e+00
4.628011322761193696e+03 3.767515456238129001e+00
4.648060587686566578e+03 3.643125084039041450e+00
4.668109852611940369e+03 3.503357495332175553e+00
4.688159117537313250e+03 3.084839895982629976e+00
4.708208382462686131e+03 2.538507348532713870e+00
4.728257647388059922e+03 1.946862867641218076e+00
4.748306912313432804e+03 1.625123046593023757e+00
4.768356177238805685e+03 1.417668856458199178e+00
4.788405442164179476e+03 1.324085608544442572e+00
4.808454707089551448e+03 1.273710696705915746e+00
4.828503972014925239e+03 1.516811958282807904e+00
4.848553236940298120e+03 1.643983182674647825e+00
4.868602501865671002e+03 1.648061681911632714e+00
4.888651766791044793e+03 1.515736103142327762e+00
4.908701031716417674e+03 1.595294517931009404e+00
4.928750296641790555e+03 1.813724530645923760e+00
4.948799561567164346e+03 2.154051374945279207e+00
4.968848826492537228e+03 2.574571426487707537e+00
4.988898091417910109e+03 2.575906154556632188e+00
5.008947356343283900e+03 2.160409777452379831e+00
5.028996621268655872e+03 1.649085572663292476e+00
5.049045886194029663e+03 1.506701462301884842e+00
5.069095151119402544e+03 1.529164246622038537e+00
5.089144416044775426e+03 1.673547214888766010e+00
5.109193680970149217e+03 1.854565699924958677e+00
5.129242945895522098e+03 2.061308786082642452e+00
5.149292210820894979e+03 2.153914105017922687e+00
5.169341475746268770e+03 2.289886854786173931e+00
5.189390740671641652e+03 2.263181507890731581e+00
5.209440005597014533e+03 2.317673398593124823e+00
5.229489270522388324e+03 2.394289084881263019e+00
5.249538535447760296e+03 2.556946960067884689e+00
5.269587800373134087e+03 2.758885590156005208e+00
5.289637065298506968e+03 2.892198874076635562e+00
5.309686330223879850e+03 3.029944045696780996e+00
5.329735595149253641e+03 3.041242561147928569e+00
5.349784860074626522e+03 2.951186339381478341e+00
5.369834124999999403e+03 2.801511678616504852e+00
5.389883389925373194e+03 2.658149309355095191e+00
5.409932654850746076e+03 2.451869315819568573e+00
5.429981919776118957e+03 2.209532597682343891e+00
5.450031184701492748e+03 2.063032490321731416e+00
5.470080449626865629e+03 2.017675514411296334e+00
5.490129714552238511e+03 1.990059135877730645e+00
5.510178979477611392e+03 1.983118875356629784e+00
5.530228244402984274e+03 1.849560299841908506e+00
5.550277509328358065e+03 1.710780378884685149e+00
5.570326774253730946e+03 1.531353119442675048e+00
5.590376039179103827e+03 1.265891064625179974e+00
5.610425304104477618e+03 9.763016017798451518e-01
5.630474569029850500e+03 7.998828367254251503e-01
5.650523833955223381e+03 6.344710436465348380e-01
5.670573098880597172e+03 4.927396936045674303e-01
5.690622363805970053e+03 4.487119484147191750e-01
5.710671628731342935e+03 4.397556734219854047e-01
5.730720893656715816e+03 4.860767840415781693e-01
5.750770158582089607e+03 6.382563131579109816e-01
5.770819423507462488e+03 8.837907898481504043e-01
5.790868688432835370e+03 1.304734139799858195e+00
5.810917953358208251e+03 1.814861079343558892e+00
5.830967218283582042e+03 2.240345366503745606e+00
5.851016483208954924e+03 2.520924018659333132e+00
5.871065748134327805e+03 2.385977919718967222e+00
5.891115013059701596e+03 2.017428957882505980e+00
5.911164277985074477e+03 2.358119108327193292e+00
5.931213542910447359e+03 2.092846493708846900e+00
5.951262807835821150e+03 1.662639815372235486e+00
5.971312072761194031e+03 1.261069688451883053e+00
5.991361337686566912e+03 9.792429630077469360e-01
6.011410602611939794e+03 8.340474133473013696e-01
6.031459867537312675e+03 8.076860618770249634e-01
6.051509132462686466e+03 8.869440308858027588e-01
6.071558397388059348e+03 1.010037054169742543e+00
6.091607662313432229e+03 1.174264474904390676e+00
6.111656927238806020e+03 1.270903621929733607e+00
6.131706192164178901e+03 1.340548735310812312e+00
6.151755457089551783e+03 1.353858550239408043e+00
6.171804722014925574e+03 1.323439255746338583e+00
6.191853986940298455e+03 1.290967690522067945e+00
6.211903251865671336e+03 1.312672923101458222e+00
6.231952516791044218e+03 1.268149420878844635e+00
6.252001781716417099e+03 1.158665369217807939e+00
6.272051046641790890e+03 9.963481251408001782e-01
6.292100311567163772e+03 9.176859471491578546e-01
6.312149576492536653e+03 8.367815600734712644e-01
6.332198841417910444e+03 7.884564462923122630e-01
6.352248106343283325e+03 8.375371439240463234e-01
6.372297371268656207e+03 9.152694781167836080e-01
6.392346636194029998e+03 1.043302170805667339e+00
6.412395901119402879e+03 1.176757033092653115e+00
6.432445166044775760e+03 1.293057958542518815e+00
6.452494430970148642e+03 1.367690116469145956e+00
6.472543695895522433e+03 1.446694890383691146e+00
6.492592960820895314e+03 1.493080684900397914e+00
6.512642225746268196e+03 1.459269610773056725e+00
6.532691490671641077e+03 1.319990647719247789e+00
6.552740755597014868e+03 1.152648576294232230e+00
6.572790020522387749e+03 1.003651874859199822e+00
6.592839285447760631e+03 8.543023897418007273e-01
6.612888550373134422e+03 7.257044738236162473e-01
6.632937815298507303e+03 6.319474994025089387e-01
6.652987080223880184e+03 5.660287904165113293e-01
6.673036345149253975e+03 4.486200159148173716e-01
6.693085610074626857e+03 3.377698944965993322e-01
6.713134874999999738e+03 2.800237467835327565e-01
6.733184139925372619e+03 2.730967272693910486e-01
6.753233404850745501e+03 2.939116203688016959e-01
6.773282669776119292e+03 3.175624992961934012e-01
6.793331934701492173e+03 3.627443433622278279e-01
6.813381199626865055e+03 3.889671873006214642e-01
6.833430464552238845e+03 4.191812354642204252e-01
6.853479729477611727e+03 3.960178822629617512e-01
6.873528994402984608e+03 4.339475229613745100e-01
6.893578259328358399e+03 5.179352098132453674e-01
6.913627524253731281e+03 5.833518029548994122e-01
6.933676789179104162e+03 6.562142618317855502e-01
6.953726054104477043e+03 7.527613570528509657e-01
6.973775319029849925e+03 8.679392588817629317e-01
6.993824583955223716e+03 9.592007393256796188e-01
7.013873848880596597e+03 1.048741649819501021e+00
7.033923113805969479e+03 1.176557483864652420e+00
7.053972378731343269e+03 1.310539724453666066e+00
7.074021643656716151e+03 1.448586248891777117e+00
7.094070908582089032e+03 1.586386924799443543e+00
7.114120173507462823e+03 1.716510240260946452e+00
7.134169438432835705e+03 1.772268255913791002e+00
7.154218703358208586e+03 1.720513595812673602e+00
7.174267968283581467e+03 1.651899997682055643e+00
7.194317233208954349e+03 1.781287414091050625e+00
7.214366498134328140e+03 1.760441652960510694e+00
7.234415763059701021e+03 1.648353453781702171e+00
7.254465027985073903e+03 1.572846178842142395e+00
7.274514292910447693e+03 1.504590988848656163e+00
7.294563557835820575e+03 1.442552921968454083e+00
7.314612822761193456e+03 1.416159321851257591e+00
7.334662087686567247e+03 1.420705813872838563e+00
7.354711352611940129e+03 1.487985779774847916e+00
7.374760617537313010e+03 1.429566946147011963e+00
7.394809882462685891e+03 1.238112280413946387e+00
7.414859147388059682e+03 1.043779361737119826e+00
7.434908412313432564e+03 9.209570379593025047e-01
7.454957677238805445e+03 8.839583399444476131e-01
7.475006942164178326e+03 8.728377454548030823e-01
7.495056207089552117e+03 8.539324244579982182e-01
7.515105472014924999e+03 8.114102989070413052e-01
7.535154736940297880e+03 7.321941292219041886e-01
7.555204001865671671e+03 6.606355950471366478e-01
7.575253266791044553e+03 4.544263454734443486e-01
7.595302531716417434e+03 3.088665976777008049e-01
7.615351796641791225e+03 3.812509117534735315e-01
7.635401061567163197e+03 4.994426118717178453e-01
7.655450326492536988e+03 6.092726159576128397e-01
7.675499591417910779e+03 6.701893177494279152e-01
7.695548856343282750e+03 6.836649443236415546e-01
7.715598121268656541e+03 6.794633583383877795e-01
7.735647386194029423e+03 6.524504465037850309e-01
7.755696651119402304e+03 6.154188038973120722e-01
7.775745916044776095e+03 6.033769062816692896e-01
7.795795180970148976e+03 5.620861905480615262e-01
7.815844445895521858e+03 5.463122361798810056e-01
7.835893710820895649e+03 5.832521551040958929e-01
7.855942975746267621e+03 6.552912060179211240e-01
7.875992240671641412e+03 6.723990232372974996e-01
7.896041505597015203e+03 6.253351174668067003e-01
7.916090770522387174e+03 5.169491818436495745e-01
7.936140035447760965e+03 4.247851280202132318e-01
7.956189300373134756e+03 3.824635586602480597e-01
7.976238565298506728e+03 3.514363192074574371e-01
7.996287830223880519e+03 3.569414897647322782e-01
8.016337095149253400e+03 3.670714642417935436e-01
8.036386360074626282e+03 3.758850448734723515e-01
8.056435625000000073e+03 3.843884939500489262e-01
8.076484889925372045e+03 3.922974871717527789e-01
8.096534154850745836e+03 3.761508667184338961e-01
8.116583419776119626e+03 3.599022194822731335e-01
8.136632684701491598e+03 3.272031331970206569e-01
8.156681949626865389e+03 3.115683012352579717e-01
8.176731214552239180e+03 2.954630730564990482e-01
8.196780479477612971e+03 2.591627566561983120e-01
8.216829744402984943e+03 1.894658996759200908e-01
8.236879009328356915e+03 1.521983891919864440e-01
8.256928274253732525e+03 1.321899580107665506e-01
8.276977539179104497e+03 1.289877605521129733e-01
8.297026804104476469e+03 1.605021570931016717e-01
8.317076069029852079e+03 1.920449098946532540e-01
8.337125333955224050e+03 2.292583407314870703e-01
8.357174598880596022e+03 2.212809373904359167e-01
8.377223863805969813e+03 2.258467241334479458e-01
8.397273128731343604e+03 2.221348926244824384e-01
8.417322393656715576e+03 2.658578946024693357e-01
8.437371658582087548e+03 3.010376214420282803e-01
8.457420923507463158e+03 3.518569281105301538e-01
8.477470188432835130e+03 3.999145960077717943e-01
8.497519453358207102e+03 4.605958662040996465e-01
8.517568718283582712e+03 5.194045534836069233e-01
8.537617983208954684e+03 5.546589540853160694e-01
8.557667248134326655e+03 5.878470713646687384e-01
8.577716513059702265e+03 6.314368703316587395e-01
8.597765777985074237e+03 6.438494740631133251e-01
8.617815042910446209e+03 6.519844513097889926e-01
8.637864307835821819e+03 6.578902593256603648e-01
8.657913572761193791e+03 6.655350724493785952e-01
8.677962837686565763e+03 6.759396127603882753e-01
8.698012102611941373e+03 6.516881753860493953e-01
8.718061367537313345e+03 6.263944314368550259e-01
