3.244864708558101484e+03 2.574167982251552300e-01
3.264953813308964072e+03 2.520106494901376282e-01
3.285042918059826661e+03 2.583641615323638008e-01
3.305132022810689705e+03 2.500108419730099896e-01
3.325221127561552748e+03 2.567729022032969044e-01
3.345310232312415337e+03 2.627081234223349604e-01
3.365399337063277926e+03 2.668655085833273599e-01
3.385488441814140970e+03 2.667207251259005596e-01
3.405577546565004013e+03 3.241715172482164120e-01
3.425666651315866602e+03 3.645172307059947880e-01
3.445755756066729191e+03 3.737022447952934590e-01
3.465844860817592235e+03 3.887179179304114940e-01
3.485933965568455278e+03 3.973409452278269249e-01
3.506023070319317412e+03 4.297601692374715676e-01
3.526112175070180456e+03 4.885772843089201123e-01
3.546201279821043499e+03 5.544046914211226973e-01
3.566290384571906088e+03 5.982108835503636701e-01
3.586379489322768677e+03 6.425066957576485160e-01
3.606468594073631721e+03 6.398988293170637665e-01
3.626557698824494764e+03 5.947254295020947268e-01
3.646646803575357353e+03 6.141514724347280074e-01
3.666735908326219942e+03 7.689100137305328042e-01
3.686825013077082986e+03 8.961383749100287899e-01
3.706914117827946029e+03 9.403659886714218485e-01
3.727003222578808163e+03 8.916353026227042955e-01
3.747092327329671207e+03 7.844949780007350881e-01
3.767181432080534250e+03 6.292525832136239838e-01
3.787270536831397294e+03 4.851071446298134138e-01
3.807359641582259428e+03 4.059378148664976038e-01
3.827448746333122472e+03 4.291830629291285004e-01
3.847537851083985515e+03 5.948861698159734201e-01
3.867626955834848104e+03 8.066316853402701881e-01
3.887716060585710693e+03 9.911647465117747746e-01
3.907805165336573737e+03 1.078263114607225015e+00
3.927894270087436780e+03 1.142450570279881061e+00
3.947983374838298914e+03 1.214974008887653056e+00
3.968072479589161958e+03 1.300376631842012243e+00
3.988161584340025001e+03 1.237640328505857701e+00
4.008250689090888045e+03 1.150724489996091338e+00
4.028339793841750179e+03 9.751855083305456251e-01
4.048428898592613223e+03 9.128941274423569840e-01
4.068518003343476266e+03 9.535026155683885563e-01
4.088607108094338400e+03 9.222298100673281818e-01
4.108696212845201444e+03 8.701602439661162425e-01
4.128785317596064488e+03 8.423773293620246960e-01
4.148874422346927531e+03 8.115488670171120411e-01
4.168963527097790575e+03 8.347366545976483421e-01
4.189052631848652709e+03 9.350341341121122252e-01
4.209141736599515752e+03 9.609241337052912835e-01
4.229230841350377887e+03 9.690161294590824426e-01
4.249319946101240930e+03 9.699059216921219750e-01
4.269409050852103974e+03 9.809148360716063442e-01
4.289498155602967017e+03 1.020426593128203496e+00
4.309587260353830061e+03 1.112495574671308107e+00
4.329676365104693105e+03 1.155605497532019355e+00
4.349765469855555239e+03 1.054888689735383522e+00
4.369854574606418282e+03 8.815127047253492609e-01
4.389943679357280416e+03 7.584042037627373167e-01
4.410032784108143460e+03 6.642019116366691955e-01
4.430121888859006503e+03 6.220888183381670933e-01
4.450210993609869547e+03 7.012165681146461660e-01
4.470300098360732591e+03 7.505375762245999338e-01
4.490389203111594725e+03 8.593605855903003743e-01
4.510478307862457768e+03 9.688676201020055556e-01
4.530567412613319902e+03 1.133713980720905123e+00
4.550656517364182946e+03 1.428685424925689507e+00
4.570745622115045990e+03 1.690261775389866550e+00
4.590834726865909033e+03 1.805835469801056803e+00
4.610923831616772077e+03 1.822196513953494135e+00
4.631012936367635120e+03 1.949925172612504420e+00
4.651102041118497255e+03 1.963729222678590070e+00
4.671191145869359389e+03 1.689752893858861738e+00
4.691280250620222432e+03 1.344936285141125509e+00
4.711369355371085476e+03 1.078894937660959119e+00
4.731458460121948519e+03 1.019169951185448397e+00
4.751547564872811563e+03 9.627558281035789589e-01
4.771636669623674607e+03 9.022463488487432182e-01
4.791725774374536741e+03 9.861920528798637786e-01
4.811814879125399784e+03 1.186758178975103828e+00
4.831903983876261918e+03 1.307216488330364079e+00
4.851993088627124962e+03 1.164787009538961415e+00
4.872082193377988006e+03 1.100389428924909430e+00
4.892171298128851049e+03 1.230704414901439225e+00
4.912260402879714093e+03 1.468215798314814080e+00
4.932349507630576227e+03 1.665115086194014937e+00
4.952438612381439270e+03 1.707787038108580457e+00
4.972527717132301404e+03 1.541829516787679433e+00
4.992616821883164448e+03 1.233511215418747087e+00
5.012705926634027492e+03 9.915432610521968115e-01
5.032795031384890535e+03 9.195487685375027809e-01
5.052884136135753579e+03 8.850937814208210686e-01
5.072973240886616622e+03 8.659979532566799421e-01
5.093062345637478757e+03 8.447041602763538659e-01
5.113151450388341800e+03 8.549448020474280652e-01
5.133240555139203934e+03 8.319679820145690075e-01
5.153329659890066978e+03 8.366051866892959543e-01
5.173418764640930021e+03 8.941874780543852541e-01
5.193507869391793065e+03 1.000000000000000000e+00
5.213596974142656109e+03 1.100453861973981873e+00
5.233686078893518243e+03 1.213074326695043892e+00
5.253775183644381286e+03 1.337033428166037208e+00
5.273864288395243420e+03 1.414184460470640392e+00
5.293953393146106464e+03 1.513089691093954414e+00
5.314042497896969508e+03 1.629362116763902302e+00
5.334131602647832551e+03 1.659036735132376927e+00
5.354220707398695595e+03 1.652010188689827519e+00
5.374309812149558638e+03 1.577820285509238918e+00
5.394398916900420772e+03 1.604610030622155126e+00
5.414488021651282907e+03 1.783871488849751552e+00
5.434577126402145950e+03 1.989219642574314717e+00
5.454666231153008994e+03 2.173830334115772089e+00
5.474755335903872037e+03 2.280280472033304751e+00
5.494844440654735081e+03 2.313637543165468990e+00
5.514933545405598124e+03 2.354196659829705940e+00
5.535022650156461168e+03 2.388760237830889199e+00
5.555111754907322393e+03 2.375283461310744748e+00
5.575200859658185436e+03 2.300674572156786724e+00
5.595289964409048480e+03 2.160093876872314134e+00
5.615379069159911523e+03 1.995895138174922590e+00
5.635468173910774567e+03 1.799418496340126516e+00
5.655557278661637611e+03 1.548015721453322113e+00
5.675646383412500654e+03 1.355417885977201475e+00
5.695735488163362788e+03 1.269289989666223750e+00
5.715824592914224922e+03 1.339377190200331080e+00
5.735913697665087966e+03 1.478586175121759938e+00
5.756002802415951010e+03 1.646440034541591491e+00
5.776091907166814053e+03 1.818061686942538557e+00
5.796181011917677097e+03 1.904489840735563932e+00
5.816270116668540140e+03 1.919952139963222892e+00
5.836359221419402274e+03 1.862215177682624789e+00
5.856448326170264409e+03 1.808272208172201578e+00
5.876537430921127452e+03 1.809076212553227370e+00
5.896626535671990496e+03 1.616255929018847182e+00
5.916715640422853539e+03 1.643048939231103400e+00
5.936804745173716583e+03 1.460726055400572987e+00
5.956893849924579627e+03 1.299558145165526701e+00
5.976982954675442670e+03 1.127476587723674095e+00
5.997072059426304804e+03 1.067152560845060272e+00
6.017161164177166938e+03 1.097473247579712208e+00
6.037250268928029982e+03 1.082137128642675750e+00
6.057339373678893025e+03 1.046729891102354149e+00
6.077428478429756069e+03 1.020410636271751548e+00
6.097517583180619113e+03 1.078693765411301797e+00
6.117606687931482156e+03 1.149620017481447265e+00
6.137695792682344290e+03 1.197677092471168159e+00
6.157784897433206424e+03 1.252732249609998627e+00
6.177874002184069468e+03 1.312983865011314144e+00
6.197963106934932512e+03 1.308156678951603258e+00
6.218052211685795555e+03 1.272383013004706687e+00
6.238141316436658599e+03 1.105227437209045815e+00
6.258230421187521642e+03 9.971005127917508259e-01
6.278319525938384686e+03 9.310762544202272339e-01
6.298408630689246820e+03 9.320081243044383568e-01
6.318497735440108954e+03 9.721760610025883542e-01
6.338586840190971998e+03 1.025542292844916492e+00
6.358675944941835041e+03 1.139866323146618177e+00
6.378765049692698085e+03 1.289410216416840615e+00
6.398854154443561129e+03 1.446586990343337042e+00
6.418943259194424172e+03 1.579099677821589109e+00
6.439032363945286306e+03 1.679822120547731057e+00
6.459121468696148440e+03 1.774673388031646759e+00
6.479210573447011484e+03 1.820616179541493240e+00
6.499299678197874528e+03 1.844393528204468113e+00
6.519388782948737571e+03 1.845885336294041279e+00
6.539477887699600615e+03 1.813606379898784704e+00
6.559566992450463658e+03 1.764038775161178130e+00
6.579656097201326702e+03 1.658018234789870426e+00
6.599745201952187927e+03 1.540463704668604938e+00
6.619834306703050970e+03 1.407204889328273145e+00
6.639923411453914014e+03 1.254179557555341162e+00
6.660012516204777057e+03 1.130966689272213443e+00
6.680101620955640101e+03 1.010139318365749217e+00
6.700190725706503144e+03 8.929021085037275318e-01
6.720279830457366188e+03 8.079869280168036072e-01
6.740368935208228322e+03 7.378159329211673167e-01
6.760458039959090456e+03 6.847920757092275101e-01
6.780547144709953500e+03 6.454881316930423107e-01
6.800636249460816543e+03 6.312644057696937816e-01
6.820725354211679587e+03 5.606465212670534992e-01
6.840814458962542631e+03 5.288800380120759481e-01
6.860903563713405674e+03 5.491217080261276973e-01
6.880992668464267808e+03 5.863318201967723242e-01
6.901081773215129942e+03 5.910007437317004175e-01
6.921170877965992986e+03 5.965926186899815908e-01
6.941259982716856030e+03 5.978675478221853190e-01
6.961349087467719073e+03 5.890559136412824026e-01
6.981438192218582117e+03 5.820796207639779007e-01
7.001527296969445160e+03 5.783901032732490233e-01
7.021616401720308204e+03 5.748565627377647536e-01
7.041705506471170338e+03 6.030362395745576531e-01
7.061794611222032472e+03 6.237742942152050274e-01
7.081883715972895516e+03 6.426391560982115392e-01
7.101972820723758559e+03 6.493646419496013067e-01
7.122061925474621603e+03 6.590810983530867029e-01
7.142151030225484647e+03 6.635784488171322382e-01
7.162240134976347690e+03 7.557053858735214291e-01
7.182329239727209824e+03 8.301336544716522159e-01
7.202418344478071958e+03 8.327645082648487129e-01
7.222507449228935002e+03 8.378343649335705523e-01
7.242596553979798045e+03 7.980070202268954027e-01
7.262685658730661089e+03 7.844683569085355579e-01
7.282774763481524133e+03 7.851646525085113071e-01
7.302863868232387176e+03 8.114608146607172889e-01
7.322952972983250220e+03 8.417998807448798804e-01
7.343042077734112354e+03 8.736693568188769188e-01
7.363131182484974488e+03 9.358069093978380604e-01
7.383220287235837532e+03 1.017347551787701088e+00
7.403309391986700575e+03 1.031170376174991299e+00
7.423398496737563619e+03 1.057203039544171164e+00
7.443487601488426662e+03 1.002960707820874209e+00
7.463576706239288796e+03 9.408186262331510452e-01
