3.219002882655572193e+03 1.082821716357246396e-02
3.239017689001777399e+03 2.441168181180850775e-03
3.259032495347982149e+03 -5.942754962671123117e-03
3.279047301694186899e+03 6.952730750612412525e-02
3.299062108040391649e+03 3.490141625285109878e-02
3.319076914386596854e+03 6.385218682018528602e-02
3.339091720732801605e+03 1.492180044398400685e-01
3.359106527079006810e+03 1.654495969439017944e-01
3.379121333425211560e+03 1.037527494914756848e-01
3.399136139771416310e+03 2.206344437744167941e-01
3.419150946117621061e+03 2.734270537736030460e-01
3.439165752463826266e+03 2.104984201306899227e-01
3.459180558810031016e+03 3.371545160517674944e-01
3.479195365156236221e+03 3.557820988463703538e-01
3.499210171502440971e+03 2.954607184171155199e-01
3.519224977848645722e+03 3.866139485390434616e-01
3.539239784194850927e+03 4.430052483536423003e-01
3.559254590541055677e+03 4.660958686084157310e-01
3.579269396887260427e+03 4.439921041491888265e-01
3.599284203233465632e+03 5.471343587863201074e-01
3.619299009579670383e+03 4.748094448717089522e-01
3.639313815925875133e+03 5.404222512093244113e-01
3.659328622272080338e+03 6.267459582282018937e-01
3.679343428618285088e+03 8.408374300556423764e-01
3.699358234964490293e+03 9.662277617288762555e-01
3.719373041310695044e+03 1.102777471267302856e+00
3.739387847656899794e+03 1.027454082671287239e+00
3.759402654003104544e+03 7.295253723071394303e-01
3.779417460349309749e+03 4.805717448815537973e-01
3.799432266695514500e+03 3.658699169720284194e-01
3.819447073041719705e+03 2.488939289211394013e-01
3.839461879387924455e+03 3.800995187417686716e-01
3.859476685734129205e+03 5.056702147032857697e-01
3.879491492080333956e+03 7.960688118505484523e-01
3.899506298426539161e+03 1.097843601998146346e+00
3.919521104772743911e+03 1.391117996506031851e+00
3.939535911118949116e+03 1.603143400499503768e+00
3.959550717465153866e+03 1.855666091845534771e+00
3.979565523811358617e+03 1.874916473968168074e+00
3.999580330157563822e+03 1.810850581833096662e+00
4.019595136503768572e+03 1.641732397469074511e+00
4.039609942849973322e+03 1.494566292876316371e+00
4.059624749196178527e+03 1.313366436993290698e+00
4.079639555542383277e+03 1.182925403024709166e+00
4.099654361888588028e+03 1.127914440478773983e+00
4.119669168234793688e+03 1.098427634965042587e+00
4.139683974580997528e+03 1.111150407890659553e+00
4.159698780927203188e+03 1.143998700457262707e+00
4.179713587273407029e+03 1.179299878619208819e+00
4.199728393619612689e+03 1.269249810513087828e+00
4.219743199965818349e+03 1.316984745241291277e+00
4.239758006312022189e+03 1.358235605612780450e+00
4.259772812658227849e+03 1.362257093532384111e+00
4.279787619004431690e+03 1.413179375952250627e+00
4.299802425350637350e+03 1.492141346762576370e+00
4.319817231696842100e+03 1.559306829655611182e+00
4.339832038043046850e+03 1.531694454093522451e+00
4.359846844389252510e+03 1.379049726422385103e+00
4.379861650735456351e+03 1.168892884296434787e+00
4.399876457081662011e+03 9.195520426173047213e-01
4.419891263427866761e+03 8.238977408629469812e-01
4.439906069774071511e+03 8.049856300003527254e-01
4.459920876120277171e+03 8.531362999855532925e-01
4.479935682466481012e+03 9.825949849529240776e-01
4.499950488812686672e+03 1.135796625526507286e+00
4.519965295158890513e+03 1.399917638003097986e+00
4.539980101505096172e+03 1.716392877589109078e+00
4.559994907851300923e+03 2.095185425973412396e+00
4.580009714197505673e+03 2.482047726634825757e+00
4.600024520543711333e+03 2.830322616295350091e+00
4.620039326889915174e+03 2.986913815567464603e+00
4.640054133236120833e+03 3.073362536567647574e+00
4.660068939582325584e+03 2.931418075261271738e+00
4.680083745928530334e+03 2.579375531968589375e+00
4.700098552274735994e+03 2.124146535734907637e+00
4.720113358620939835e+03 1.765029832004813892e+00
4.740128164967145494e+03 1.431815380240551328e+00
4.760142971313350245e+03 1.195517465698173964e+00
4.780157777659554995e+03 1.049043345673887906e+00
4.800172584005759745e+03 1.059400910639427540e+00
4.820187390351964495e+03 1.126984322712801578e+00
4.840202196698170155e+03 1.109785814004439208e+00
4.860217003044373996e+03 1.080414519876331081e+00
4.880231809390579656e+03 1.091103631594700696e+00
4.900246615736784406e+03 1.212693770844997854e+00
4.920261422082989156e+03 1.415811053083601001e+00
4.940276228429194816e+03 1.609324713434953757e+00
4.960291034775398657e+03 1.692385065213116047e+00
4.980305841121604317e+03 1.490738927523306279e+00
5.000320647467809067e+03 1.265993314586919327e+00
5.020335453814013817e+03 1.140091296551468458e+00
5.040350260160219477e+03 1.039039716052396756e+00
5.060365066506423318e+03 1.080095898768253626e+00
5.080379872852628978e+03 1.105948959272152532e+00
5.100394679198832819e+03 1.186445064020732021e+00
5.120409485545038478e+03 1.224179726094485998e+00
5.140424291891243229e+03 1.261274899163120411e+00
5.160439098237447979e+03 1.291341561259553794e+00
5.180453904583653639e+03 1.337206797509347345e+00
5.200468710929857480e+03 1.433985038262221678e+00
5.220483517276063139e+03 1.534995251411522599e+00
5.240498323622267890e+03 1.645433149655692429e+00
5.260513129968472640e+03 1.740475997044653500e+00
5.280527936314677390e+03 1.834198551939225652e+00
5.300542742660882141e+03 1.931964798314940168e+00
5.320557549007087800e+03 1.959716633389740004e+00
5.340572355353292551e+03 1.962099392736557313e+00
5.360587161699497301e+03 1.912699904578872845e+00
5.380601968045702051e+03 1.893271048113968513e+00
5.400616774391906802e+03 1.850111104375150139e+00
5.420631580738112461e+03 1.748651401268751293e+00
5.440646387084316302e+03 1.597290753140445885e+00
5.460661193430521962e+03 1.534914367008774594e+00
5.480675999776726712e+03 1.466204124187321822e+00
5.500690806122931463e+03 1.439398848087157567e+00
5.520705612469137122e+03 1.426972281245588947e+00
5.540720418815340963e+03 1.353843794006088119e+00
5.560735225161546623e+03 1.288220507058770004e+00
5.580750031507751373e+03 1.174909256489027554e+00
5.600764837853956124e+03 1.020545074439224598e+00
5.620779644200160874e+03 9.071504547824668085e-01
5.640794450546365624e+03 7.683291358689723349e-01
5.660809256892571284e+03 6.309955084441798423e-01
5.680824063238776034e+03 5.243455906641001363e-01
5.700838869584980785e+03 4.843973550958899366e-01
5.720853675931185535e+03 5.290608209341310930e-01
5.740868482277390285e+03 6.857330499894553899e-01
5.760883288623595945e+03 9.519185443313336048e-01
5.780898094969799786e+03 1.265471900950123629e+00
5.800912901316005446e+03 1.552106796170525937e+00
5.820927707662210196e+03 1.773490129069700050e+00
5.840942514008414946e+03 1.833405303270451148e+00
5.860957320354619696e+03 1.814235038999036265e+00
5.880972126700824447e+03 1.798973473841171788e+00
5.900986933047030107e+03 1.739884166398407039e+00
5.921001739393234857e+03 1.703118240428015406e+00
5.941016545739439607e+03 1.608886721750795612e+00
5.961031352085644357e+03 1.510761385632818365e+00
5.981046158431849108e+03 1.343356179608680145e+00
6.001060964778054768e+03 1.181304014376171940e+00
6.021075771124258608e+03 1.029347861440841783e+00
6.041090577470464268e+03 9.124061963954976928e-01
6.061105383816669018e+03 8.837499891129859675e-01
6.081120190162873769e+03 9.322978913872346229e-01
6.101134996509079429e+03 9.670428174670185895e-01
6.121149802855283269e+03 9.890639926071657095e-01
6.141164609201488929e+03 1.000553066928393964e+00
6.161179415547693679e+03 9.890423177018541345e-01
6.181194221893898430e+03 1.011803215067781148e+00
6.201209028240103180e+03 1.020674727378922286e+00
6.221223834586307930e+03 9.994469330716061473e-01
6.241238640932513590e+03 9.291051249692439118e-01
6.261253447278718340e+03 8.762188318000520004e-01
6.281268253624923091e+03 8.160322454923036872e-01
6.301283059971127841e+03 7.564669491990574368e-01
6.321297866317332591e+03 6.833274051145666883e-01
6.341312672663538251e+03 6.927358550526128145e-01
6.361327479009742092e+03 7.225083331750670190e-01
6.381342285355947752e+03 7.760784035248049495e-01
6.401357091702152502e+03 8.660293002162986475e-01
6.421371898048357252e+03 9.517321401456557695e-01
6.441386704394562003e+03 1.038649435592735149e+00
6.461401510740766753e+03 1.136231736034227557e+00
6.481416317086972413e+03 1.155794633285515127e+00
6.501431123433177163e+03 1.158296895372470381e+00
6.521445929779381913e+03 1.146540056672211927e+00
6.541460736125586664e+03 1.085871653079078625e+00
6.561475542471791414e+03 9.932374691920627940e-01
6.581490348817997074e+03 8.938855713287631177e-01
6.601505155164200914e+03 7.725050839217311172e-01
6.621519961510406574e+03 6.880561372646378793e-01
6.641534767856611325e+03 6.122333614935290269e-01
6.661549574202816075e+03 5.121791359026740542e-01
6.681564380549020825e+03 4.642554973342047364e-01
6.701579186895225575e+03 3.911540535040016198e-01
6.721593993241431235e+03 3.467806428346060788e-01
6.741608799587635986e+03 3.045667294141958803e-01
6.761623605933840736e+03 2.714963087173680734e-01
6.781638412280045486e+03 2.617591033313709237e-01
6.801653218626250236e+03 2.697681711601719323e-01
6.821668024972455896e+03 2.471145381427252707e-01
6.841682831318660647e+03 2.645198941730678710e-01
6.861697637664865397e+03 3.158852063709366997e-01
6.881712444011070147e+03 3.653612835995230235e-01
6.901727250357274897e+03 4.095733351719997861e-01
6.921742056703480557e+03 4.750507103573548551e-01
6.941756863049684398e+03 5.349216888975201201e-01
6.961771669395890058e+03 5.414110736060356865e-01
6.981786475742094808e+03 5.029469610969945492e-01
7.001801282088299558e+03 4.921284739834460575e-01
7.021816088434504309e+03 5.639656575927716187e-01
7.041830894780709059e+03 5.550295514205212388e-01
7.061845701126914719e+03 5.785396868243155577e-01
7.081860507473119469e+03 6.066003760833966751e-01
7.101875313819324219e+03 6.093143702758702096e-01
7.121890120165528970e+03 6.190300355638940211e-01
7.141904926511733720e+03 5.770529601332278213e-01
7.161919732857939380e+03 6.277749505683299924e-01
7.181934539204143221e+03 6.553003727541840684e-01
7.201949345550348880e+03 6.818442283500441015e-01
7.221964151896553631e+03 6.907276935784802951e-01
7.241978958242758381e+03 7.351434416818237727e-01
7.261993764588963131e+03 7.781177477864934522e-01
7.282008570935167882e+03 7.749230279837434621e-01
7.302023377281373541e+03 7.550546044391237555e-01
7.322038183627577382e+03 7.953693467964629837e-01
7.342052989973783042e+03 7.945812842452766311e-01
7.362067796319988702e+03 7.844827687608628697e-01
7.382082602666192543e+03 7.180739118764696283e-01
7.402097409012398202e+03 6.008391994680344350e-01
