3.803117644117647160e+03 2.845915090863438968e-01
3.823186932352941312e+03 1.450096022381658911e-01
3.843256220588235465e+03 2.217067033622371064e-01
3.863325508823529617e+03 2.596517258560884778e-01
3.883394797058823769e+03 2.135867172901516342e-01
3.903464085294117922e+03 3.243254591478673121e-01
3.923533373529411620e+03 3.087986664240897072e-01
3.943602661764705772e+03 4.347260704263381514e-01
3.963671949999999924e+03 6.032088147145265866e-01
3.983741238235294077e+03 6.545029824894652570e-01
4.003810526470588229e+03 6.732836224766745037e-01
4.023879814705882382e+03 6.008017101561187179e-01
4.043949102941176534e+03 5.260987629255566844e-01
4.064018391176470686e+03 4.438622393894630647e-01
4.084087679411764839e+03 4.572965461216008665e-01
4.104156967647058991e+03 4.231282500827532878e-01
4.124226255882353144e+03 3.685054165124742043e-01
4.144295544117647296e+03 4.186580737145751963e-01
4.164364832352941448e+03 4.114554673622595748e-01
4.184434120588235601e+03 3.658593728987216687e-01
4.204503408823529753e+03 4.605300701109157346e-01
4.224572697058823906e+03 5.575803563328977086e-01
4.244641985294118058e+03 5.057163516887739352e-01
4.264711273529412210e+03 5.994425096219342386e-01
4.284780561764706363e+03 6.000651746512315476e-01
4.304849849999999606e+03 5.863638029292973508e-01
4.324919138235293758e+03 6.451592407294889364e-01
4.344988426470587910e+03 6.723863526505827748e-01
4.365057714705882063e+03 6.132557086343415342e-01
4.385127002941176215e+03 5.126856056715533017e-01
4.405196291176470368e+03 4.770299714010097780e-01
4.425265579411764520e+03 4.258338982409962115e-01
4.445334867647058672e+03 4.479655551280294357e-01
4.465404155882352825e+03 4.679095545519195154e-01
4.485473444117646977e+03 4.606725846693566773e-01
4.505542732352941130e+03 5.924354918767424927e-01
4.525612020588235282e+03 7.558851161171630251e-01
4.545681308823529434e+03 8.718630846815600410e-01
4.565750597058823587e+03 1.113374354510898057e+00
4.585819885294117739e+03 1.335630679261014864e+00
4.605889173529411892e+03 1.426950870260443427e+00
4.625958461764706044e+03 1.531195734108727002e+00
4.646027750000000196e+03 1.426021620142397417e+00
4.666097038235294349e+03 1.328792952615539757e+00
4.686166326470588501e+03 1.085020445076057660e+00
4.706235614705882654e+03 7.530745401947838147e-01
4.726304902941176806e+03 6.343376668331187629e-01
4.746374191176470958e+03 6.559681642340283725e-01
4.766443479411765111e+03 6.179047220095804649e-01
4.786512767647059263e+03 6.568422979956459740e-01
4.806582055882353416e+03 8.064028109966515645e-01
4.826651344117647568e+03 8.997236911172252771e-01
4.846720632352941720e+03 9.879258046999820353e-01
4.866789920588235873e+03 8.340732377244854945e-01
4.886859208823529116e+03 8.526335826441001631e-01
4.906928497058823268e+03 9.105320527287763532e-01
4.926997785294117421e+03 1.173992369261876778e+00
4.947067073529411573e+03 1.372523211726418779e+00
4.967136361764705725e+03 1.450036616006633361e+00
4.987205649999999878e+03 1.302403521045426560e+00
5.007274938235294030e+03 9.939071244839914332e-01
5.027344226470588183e+03 8.178522173386056915e-01
5.047413514705882335e+03 7.787258833194790064e-01
5.067482802941176487e+03 7.740379521734440660e-01
5.087552091176470640e+03 6.948310859157117436e-01
5.107621379411764792e+03 7.535049517953480436e-01
5.127690667647058945e+03 7.555574829259626979e-01
5.147759955882353097e+03 7.093808698706274285e-01
5.167829244117647249e+03 7.555416626874996711e-01
5.187898532352941402e+03 8.442545062873798578e-01
5.207967820588235554e+03 9.135549539713153644e-01
5.228037108823529707e+03 1.045992693187299594e+00
5.248106397058823859e+03 1.212680420661035763e+00
5.268175685294118011e+03 1.208476765164265609e+00
5.288244973529411254e+03 1.355155709482061432e+00
5.308314261764705407e+03 1.485532441701542528e+00
5.328383549999999559e+03 1.524625819746884270e+00
5.348452838235293711e+03 1.503162577240724440e+00
5.368522126470587864e+03 1.418962734913094437e+00
5.388591414705882016e+03 1.404706491068169694e+00
5.408660702941176169e+03 1.419439760668993467e+00
5.428729991176470321e+03 1.583007597138409883e+00
5.448799279411764473e+03 1.753133825783618871e+00
5.468868567647058626e+03 2.035928205284555759e+00
5.488937855882352778e+03 2.268821479643902350e+00
5.509007144117646931e+03 2.319234114737807051e+00
5.529076432352941083e+03 2.410709648160540119e+00
5.549145720588235235e+03 2.249646146359031373e+00
5.569215008823529388e+03 2.281768625417535556e+00
5.589284297058823540e+03 1.947393971188673412e+00
5.609353585294117693e+03 1.690934809983335452e+00
5.629422873529411845e+03 1.481679644908847182e+00
5.649492161764705997e+03 1.238820761046244723e+00
5.669561450000000150e+03 1.006092875516008567e+00
5.689630738235294302e+03 8.816023297668100778e-01
5.709700026470588455e+03 8.449939166305944216e-01
5.729769314705882607e+03 9.295425001514102670e-01
5.749838602941176759e+03 9.375937456032888973e-01
5.769907891176470912e+03 1.113256002620120366e+00
5.789977179411765064e+03 1.348943621811968363e+00
5.810046467647059217e+03 1.657057958180172319e+00
5.830115755882353369e+03 1.815856237488120639e+00
5.850185044117647521e+03 1.932006540484743295e+00
5.870254332352941674e+03 1.807552669776699261e+00
5.890323620588235826e+03 1.334804326126404428e+00
5.910392908823529979e+03 1.575155021278793477e+00
5.930462197058824131e+03 1.459028282388158182e+00
5.950531485294118283e+03 1.338176082891961327e+00
5.970600773529411526e+03 1.241182708983472383e+00
5.990670061764705679e+03 1.126889608091025341e+00
6.010739349999999831e+03 1.120413596764078257e+00
6.030808638235293984e+03 1.096960889065847544e+00
6.050877926470588136e+03 1.098276993904738985e+00
6.070947214705882288e+03 1.145294165594757940e+00
6.091016502941176441e+03 1.108178316463848567e+00
6.111085791176470593e+03 1.130804012587263374e+00
6.131155079411764746e+03 1.196005918392862855e+00
6.151224367647058898e+03 1.122634272074356954e+00
6.171293655882353050e+03 1.026021064743981581e+00
6.191362944117647203e+03 1.024417240965018294e+00
6.211432232352941355e+03 1.114860255490520924e+00
6.231501520588235508e+03 1.172056753037594046e+00
6.251570808823528751e+03 1.249871756350310781e+00
6.271640097058822903e+03 1.140610315430873101e+00
6.291709385294117055e+03 1.093894185516759654e+00
6.311778673529411208e+03 1.075525680240790649e+00
6.331847961764705360e+03 1.085024851977413052e+00
6.351917249999999513e+03 1.248405075949722054e+00
6.371986538235293665e+03 1.350032914250468119e+00
6.392055826470587817e+03 1.506264262286627797e+00
6.412125114705881970e+03 1.530661543853423012e+00
6.432194402941176122e+03 1.725023344898790834e+00
6.452263691176470275e+03 1.871311146488659816e+00
6.472332979411764427e+03 1.995818977930526428e+00
6.492402267647058579e+03 2.130696973441624564e+00
6.512471555882352732e+03 2.035784342182204387e+00
6.532540844117646884e+03 1.945444701301039192e+00
6.552610132352941037e+03 1.933374710616130310e+00
6.572679420588235189e+03 1.671805592836643761e+00
6.592748708823529341e+03 1.356365226270284108e+00
6.612817997058823494e+03 1.196763111609008501e+00
6.632887285294117646e+03 9.861215574384324389e-01
6.652956573529411799e+03 8.237707800773288458e-01
6.673025861764705951e+03 7.168174735879863091e-01
6.693095150000000103e+03 5.698129820102989518e-01
6.713164438235294256e+03 5.686574989528008217e-01
6.733233726470588408e+03 5.283813756582050880e-01
6.753303014705882561e+03 6.106589702065559067e-01
6.773372302941176713e+03 5.221224094143668282e-01
6.793441591176470865e+03 6.342950101985294076e-01
6.813510879411765018e+03 6.550084563275935245e-01
6.833580167647059170e+03 5.464730559692561052e-01
6.853649455882353323e+03 4.846443394732581345e-01
6.873718744117647475e+03 6.037931430450834691e-01
6.893788032352941627e+03 6.541442698147064139e-01
6.913857320588235780e+03 5.805952694822357207e-01
6.933926608823529932e+03 7.302480599101580649e-01
6.953995897058824085e+03 7.867832346363221596e-01
6.974065185294118237e+03 8.494346300038625452e-01
6.994134473529412389e+03 8.864894571442358817e-01
7.014203761764705632e+03 9.621207146277751532e-01
7.034273049999999785e+03 9.908832398683837805e-01
7.054342338235293937e+03 1.055847497803974244e+00
7.074411626470588089e+03 1.175061218747232017e+00
7.094480914705882242e+03 1.264945312387659948e+00
7.114550202941176394e+03 1.191337932114768350e+00
7.134619491176470547e+03 1.341835529605599264e+00
7.154688779411764699e+03 1.402972011668941921e+00
7.174758067647058851e+03 1.541234058734081147e+00
7.194827355882353004e+03 1.503439252721531005e+00
