1.741223762033084540e+03 2.832624522775557985e+00
1.761229633095033932e+03 7.037104749730503706e+00
1.781235504156983097e+03 2.901321112682419212e+00
1.801241375218932262e+03 2.140804778193864610e+00
1.821247246280881427e+03 1.778047299035494966e+00
1.841253117342830819e+03 1.255178641813432527e+00
1.861258988404779984e+03 3.034472057105443432e-01
1.881264859466729376e+03 1.200253122438833808e-01
1.901270730528678541e+03 1.423373583208810134e-01
1.921276601590627706e+03 1.092011777932933164e-01
1.941282472652577098e+03 3.696960860937991561e-02
1.961288343714526263e+03 1.205814236761352937e-01
1.981294214776475656e+03 2.597006362810926894e-01
2.001300085838424820e+03 3.215292928438452380e-01
2.021305956900373985e+03 1.476925508613146087e-01
2.041311827962323378e+03 8.184115973584857318e-03
2.061317699024272770e+03 3.915631335251732771e-03
2.081323570086221480e+03 4.731791963687861924e-02
2.101329441148171099e+03 4.685619268121791331e-02
2.121335312210120264e+03 2.868069379765049789e-02
2.141341183272069429e+03 1.024872873123224837e-01
2.161347054334019049e+03 2.659709085247253385e-02
2.181352925395967759e+03 2.390311412595244600e-02
2.201358796457917379e+03 6.774277589486414619e-02
2.221364667519866543e+03 6.583170927350454060e-02
2.241370538581815708e+03 1.232191632316859686e-01
2.261376409643765328e+03 4.663921580887333412e-02
2.281382280705714038e+03 1.544864333161490542e-02
2.301388151767663658e+03 5.736056841719398142e-02
2.321394022829612823e+03 5.431033634102307162e-02
2.341399893891561987e+03 4.992980555213301364e-02
2.361405764953511152e+03 3.315290684879948491e-02
2.381411636015460317e+03 6.868711372600783127e-02
2.401417507077409937e+03 2.360652086805689262e-02
2.421423378139358647e+03 2.723750935582286078e-02
2.441429249201308266e+03 3.501960667163736551e-02
2.461435120263257431e+03 1.957421673142949528e-02
2.481440991325206596e+03 2.317644767587703422e-02
2.501446862387156216e+03 6.408256905566143968e-02
2.521452733449104926e+03 8.898709708662280726e-02
2.541458604511054546e+03 9.465415695496666448e-02
2.561464475573003710e+03 1.046489537245965801e-01
2.581470346634952875e+03 4.940807055807598658e-02
2.601476217696902495e+03 6.114356724303779411e-02
2.621482088758851205e+03 5.637310745725745281e-02
2.641487959820800825e+03 4.459992830693133847e-02
2.661493830882749990e+03 9.612111020319868970e-02
2.681499701944699154e+03 1.886457353692094219e-01
2.701505573006648319e+03 2.357720787032694665e-01
2.721511444068597484e+03 3.288524023886882364e-01
2.741517315130547104e+03 4.011874088554356899e-01
2.761523186192496269e+03 4.512903083653332370e-01
2.781529057254445434e+03 4.455343316555684385e-01
2.801534928316394598e+03 4.924580131375538294e-01
2.821540799378343763e+03 5.479841872035023931e-01
2.841546670440293383e+03 7.150456343477772370e-01
2.861552541502242093e+03 1.002396112309514642e+00
2.881558412564191713e+03 1.285461777670708239e+00
2.901564283626140877e+03 1.376997880334419389e+00
2.921570154688090042e+03 1.372289867486335302e+00
2.941576025750039662e+03 1.341648574145011041e+00
2.961581896811988372e+03 1.241606450550819307e+00
2.981587767873937992e+03 1.120286924842084142e+00
3.001593638935887157e+03 1.052059408938802898e+00
3.021599509997836321e+03 9.717610960280500532e-01
3.041605381059785486e+03 6.889367923365926627e-01
3.061611252121734651e+03 1.073329504163353931e+00
3.081617123183684271e+03 1.240359364401374176e+00
3.101622994245633436e+03 1.494938789471458085e+00
3.121628865307582601e+03 1.572233970595216412e+00
3.141634736369531765e+03 1.686454315965642881e+00
3.161640607431480930e+03 1.763064725436865654e+00
3.181646478493430550e+03 1.702354152180423297e+00
3.201652349555379715e+03 1.653589711996969136e+00
3.221658220617328880e+03 1.536902449408743099e+00
3.241664091679278044e+03 1.395955472923947172e+00
3.261669962741227209e+03 1.465181014100703782e+00
3.281675833803176829e+03 1.611065257788209859e+00
3.301681704865125539e+03 2.245050395949933719e+00
3.321687575927075159e+03 2.628362674297217705e+00
3.341693446989024324e+03 2.225936138408080023e+00
3.361699318050973488e+03 2.446599519290005187e+00
3.381705189112922653e+03 2.401766916066732094e+00
3.401711060174871818e+03 2.433400900270418887e+00
3.421716931236821438e+03 2.423848462947876481e+00
3.441722802298770603e+03 2.352890807424285136e+00
3.461728673360719768e+03 2.328767336240151753e+00
3.481734544422668932e+03 2.263399418867945379e+00
3.501740415484618097e+03 2.196210380401678819e+00
3.521746286546567717e+03 2.135376712475717476e+00
3.541752157608516882e+03 2.000756903352553184e+00
3.561758028670466047e+03 1.834808353856717478e+00
3.581763899732415211e+03 1.701946660929041455e+00
3.601769770794364376e+03 1.637440635094608465e+00
3.621775641856313996e+03 1.472745606824340969e+00
3.641781512918262706e+03 1.297532830773503898e+00
3.661787383980212326e+03 9.426346664661495733e-01
3.681793255042161491e+03 7.994083871082431347e-01
3.701799126104110655e+03 8.069304734569114901e-01
3.721804997166060275e+03 8.215240273605161070e-01
3.741810868228008985e+03 8.866464746401264696e-01
3.761816739289958605e+03 1.030286702120884801e+00
3.781822610351907770e+03 1.155825975871325184e+00
3.801828481413856935e+03 1.425763007071295663e+00
3.821834352475806554e+03 1.729258371779984538e+00
3.841840223537755264e+03 2.160429439165543197e+00
3.861846094599704884e+03 2.496936515535689072e+00
3.881851965661653594e+03 2.646567668115171745e+00
3.901857836723603214e+03 2.755221138652936386e+00
3.921863707785552833e+03 2.530588182167959665e+00
3.941869578847501543e+03 2.173372834674870635e+00
3.961875449909451163e+03 2.010246858864844999e+00
3.981881320971399873e+03 1.970395331491218149e+00
4.001887192033349493e+03 2.051618175766257934e+00
4.021893063095298658e+03 2.367285064677350448e+00
4.041898934157247822e+03 2.485884204183439472e+00
4.061904805219197442e+03 2.690840997292405223e+00
4.081910676281146152e+03 2.710314442148440417e+00
4.101916547343095772e+03 2.586455943805602509e+00
4.121922418405045391e+03 2.486087271428963685e+00
4.141928289466994102e+03 2.384168088983317446e+00
4.161934160528942812e+03 2.313308507071193620e+00
4.181940031590893341e+03 2.131394811604087725e+00
4.201945902652842051e+03 1.980751395940875348e+00
4.221951773714790761e+03 1.868058724564915618e+00
4.241957644776740381e+03 1.679207711902023448e+00
4.261963515838690000e+03 1.417614190078444691e+00
4.281969386900638710e+03 1.260358338657868504e+00
4.301975257962587420e+03 1.291423595083868836e+00
4.321981129024537950e+03 1.526832138301282837e+00
4.341987000086486660e+03 1.529215579341089981e+00
4.361992871148435370e+03 1.680476811351670374e+00
4.381998742210385899e+03 1.642946880721491310e+00
4.402004613272334609e+03 1.593868424079962320e+00
4.422010484334283319e+03 1.708967797579531434e+00
4.442016355396232029e+03 1.795308821332849414e+00
4.462022226458182558e+03 1.883080197408628420e+00
4.482028097520131269e+03 1.939930929183989461e+00
4.502033968582079979e+03 1.950596830833986051e+00
4.522039839644030508e+03 1.869441323282681866e+00
4.542045710705979218e+03 1.831673921452158460e+00
4.562051581767927928e+03 1.802127713512154505e+00
4.582057452829878457e+03 1.784053006828141497e+00
4.602063323891827167e+03 1.708118934210268725e+00
4.622069194953775877e+03 1.527296493612294359e+00
4.642075066015724587e+03 1.443491211332926571e+00
4.662080937077675117e+03 1.452868920809536446e+00
4.682086808139623827e+03 1.444620210293765306e+00
4.702092679201572537e+03 1.416036441274855617e+00
4.722098550263523066e+03 1.342041631428018134e+00
4.742104421325471776e+03 1.312760269643856503e+00
4.762110292387420486e+03 1.401153096441071888e+00
4.782116163449369196e+03 1.313602523574221470e+00
4.802122034511319725e+03 1.138911048626576328e+00
4.822127905573268436e+03 9.542745149803163462e-01
4.842133776635217146e+03 8.913220015239032845e-01
4.862139647697167675e+03 9.349823202277232070e-01
4.882145518759116385e+03 1.002197295156603829e+00
4.902151389821065095e+03 1.084927124193223014e+00
4.922157260883015624e+03 1.151600561039468840e+00
4.942163131944964334e+03 1.214358627309991556e+00
4.962169003006913044e+03 1.202616929140535085e+00
4.982174874068861754e+03 1.205519764190694731e+00
5.002180745130812284e+03 1.192429571572274805e+00
5.022186616192760994e+03 1.252006928468284874e+00
5.042192487254709704e+03 1.347834273359826973e+00
5.062198358316660233e+03 1.373536997226473932e+00
5.082204229378608943e+03 1.413729316641639366e+00
5.102210100440557653e+03 1.423492411439205796e+00
5.122215971502507273e+03 1.337885563940633959e+00
5.142221842564456892e+03 1.293293199926740300e+00
5.162227713626405603e+03 1.371416549738037061e+00
5.182233584688354313e+03 1.345930357192358651e+00
5.202239455750304842e+03 1.223107769884456797e+00
5.222245326812253552e+03 1.076774738212344040e+00
5.242251197874202262e+03 9.882807047225681263e-01
5.262257068936152791e+03 9.613561391668304923e-01
5.282262939998101501e+03 9.276958742702728911e-01
5.302268811060050211e+03 9.642652403791762694e-01
5.322274682121998922e+03 9.992921389020171796e-01
5.342280553183949451e+03 1.015821915125786790e+00
5.362286424245898161e+03 1.000707861097982709e+00
5.382292295307846871e+03 9.265841808147414760e-01
5.402298166369797400e+03 8.559655573584393773e-01
5.422304037431746110e+03 7.950604442858832943e-01
5.442309908493694820e+03 8.181881187707451542e-01
5.462315779555644440e+03 8.872002290146058234e-01
5.482321650617594059e+03 9.647614332429301776e-01
5.502327521679542770e+03 1.068062702215694326e+00
5.522333392741491480e+03 1.044930483401038446e+00
5.542339263803442009e+03 1.066499104040973034e+00
5.562345134865390719e+03 1.085915837404806128e+00
5.582351005927339429e+03 1.072084504918358494e+00
5.602356876989289958e+03 1.099109781322518353e+00
5.622362748051238668e+03 1.114697012327924952e+00
5.642368619113187378e+03 1.113847925556358698e+00
5.662374490175136089e+03 1.061590225277384780e+00
5.682380361237086618e+03 9.824989931571465052e-01
5.702386232299035328e+03 8.850733301035351719e-01
5.722392103360984038e+03 8.632622907195480755e-01
5.742397974422934567e+03 8.646273332855197724e-01
5.762403845484883277e+03 8.906672802056772031e-01
5.782409716546831987e+03 9.589240236689292596e-01
5.802415587608781607e+03 9.924367286192585791e-01
5.822421458670731226e+03 1.053660249912256708e+00
5.842427329732679937e+03 1.042902845947832891e+00
5.862433200794629556e+03 1.061116655983541213e+00
5.882439071856579176e+03 1.047732438688838252e+00
5.902444942918527886e+03 1.056421622264436921e+00
5.922450813980476596e+03 1.066843644882149444e+00
5.942456685042426216e+03 1.067627302022819302e+00
5.962462556104375835e+03 9.857085050823682915e-01
5.982468427166324545e+03 9.283414960312376119e-01
6.002474298228274165e+03 7.614873934692831803e-01
6.022480169290223785e+03 6.285219165492954563e-01
6.042486040352172495e+03 5.435018270289951881e-01
6.062491911414121205e+03 4.510000074240399504e-01
6.082497782476071734e+03 4.144945801443165045e-01
6.102503653538020444e+03 4.337091845523027289e-01
6.122509524599969154e+03 4.564768162556234743e-01
6.142515395661918774e+03 5.614636501634344690e-01
6.162521266723868393e+03 6.184268241325979742e-01
6.182527137785817104e+03 7.396109680450928536e-01
6.202533008847766723e+03 7.709061708279771885e-01
6.222538879909716343e+03 8.785832425250643674e-01
6.242544750971665053e+03 8.788213348927902402e-01
6.262550622033613763e+03 9.179643445836145332e-01
6.282556493095563383e+03 9.350257801491115295e-01
6.302562364157513002e+03 9.537339903813046860e-01
6.322568235219461712e+03 9.632461716984289657e-01
6.342574106281411332e+03 9.567379122496183497e-01
6.362579977343360952e+03 9.400428728092355968e-01
6.382585848405309662e+03 9.286106685634067937e-01
6.402591719467258372e+03 9.128503225677260247e-01
6.422597590529208901e+03 8.575366095417438217e-01
6.442603461591157611e+03 8.088444972164275937e-01
6.462609332653106321e+03 8.275715386281995434e-01
6.482615203715055941e+03 8.415051948187285413e-01
6.502621074777005560e+03 8.640813162591310936e-01
6.522626945838954271e+03 8.246186287689176719e-01
6.542632816900903890e+03 8.548376917556308463e-01
6.562638687962853510e+03 7.527893500852367303e-01
6.582644559024802220e+03 8.435739764377315764e-01
6.602650430086750930e+03 8.378665270674706678e-01
6.622656301148701459e+03 8.730775308841766114e-01
6.642662172210650169e+03 7.657404066589416081e-01
6.662668043272598879e+03 8.534156325626023332e-01
6.682673914334548499e+03 7.864788697859486089e-01
6.702679785396498119e+03 8.421825723998849211e-01
6.722685656458446829e+03 7.146650167589188030e-01
6.742691527520395539e+03 7.968898149186832702e-01
6.762697398582346068e+03 8.551834531362243474e-01
6.782703269644294778e+03 8.055278829573533361e-01
6.802709140706243488e+03 8.451675759072329042e-01
6.822715011768193108e+03 7.627095457420645097e-01
6.842720882830142727e+03 8.110497340524980281e-01
6.862726753892091438e+03 8.728317120660332717e-01
6.882732624954041057e+03 9.170520731018652061e-01
6.902738496015990677e+03 7.695589078161042540e-01
6.922744367077939387e+03 7.498938818622733482e-01
6.942750238139888097e+03 7.692525578712429146e-01
6.962756109201838626e+03 7.926094921595667753e-01
6.982761980263787336e+03 9.229212112518749844e-01
7.002767851325736046e+03 7.060345226032389565e-01
7.022773722387685666e+03 7.918064644044867650e-01
7.042779593449635286e+03 8.115786973098342294e-01
