2.949605675817481824e+03 4.958415802270876166e-02
2.969609518668105466e+03 5.252099890311028724e-02
2.989613361518729107e+03 5.543791304552432575e-02
3.009617204369353203e+03 5.833793357888809872e-02
3.029621047219976845e+03 6.121909356504233457e-02
3.049624890070600486e+03 6.408416877652953203e-02
3.069628732921224582e+03 6.693126580558893257e-02
3.089632575771848224e+03 6.976317880736265797e-02
3.109636418622471865e+03 7.201668331211062701e-02
3.129640261473095961e+03 7.481909224149516091e-02
3.149644104323719603e+03 7.760715355187670916e-02
3.169647947174343244e+03 8.037930288402767021e-02
3.189651790024967340e+03 8.313789872547922011e-02
3.209655632875590982e+03 8.588137304048380771e-02
3.229659475726214623e+03 8.861186924015708455e-02
3.249663318576838719e+03 1.618129066805492067e-01
3.269667161427462361e+03 1.962048387781674397e-01
3.289671004278086002e+03 2.253487960408292190e-01
3.309674847128710098e+03 2.972947982574031256e-01
3.329678689979333740e+03 2.427595076183926559e-01
3.349682532829957381e+03 3.044540855051914852e-01
3.369686375680581477e+03 2.897691457991991570e-01
3.389690218531205119e+03 3.696942992065886391e-01
3.409694061381828760e+03 3.481212155971946109e-01
3.429697904232452856e+03 3.479373896010001244e-01
3.449701747083076498e+03 3.807591535695240004e-01
3.469705589933700139e+03 4.273397418752126753e-01
3.489709432784324235e+03 3.845500132630456092e-01
3.509713275634947877e+03 5.059832604371345965e-01
3.529717118485571518e+03 5.398037510429827268e-01
3.549720961336195614e+03 5.904994680994800627e-01
3.569724804186819256e+03 6.770699312692982641e-01
3.589728647037442897e+03 7.515332466777587817e-01
3.609732489888066993e+03 7.402555218112302216e-01
3.629736332738690635e+03 6.632482384414349896e-01
3.649740175589314276e+03 7.766740252212942508e-01
3.669744018439938372e+03 8.318631849287684288e-01
3.689747861290562014e+03 1.007560211745488488e+00
3.709751704141185655e+03 1.040892092853451967e+00
3.729755546991809751e+03 1.050587627370734856e+00
3.749759389842433393e+03 1.000000000000000000e+00
3.769763232693057034e+03 8.066659718044009164e-01
3.789767075543681131e+03 5.801035565366960967e-01
3.809770918394304772e+03 4.911027298711913569e-01
3.829774761244928413e+03 4.943786929493723670e-01
3.849778604095552510e+03 6.656835652390188374e-01
3.869782446946176151e+03 8.962487915738576172e-01
3.889786289796799792e+03 1.128000247062138861e+00
3.909790132647423889e+03 1.259281604330352078e+00
3.929793975498047530e+03 1.339655844646444827e+00
3.949797818348671171e+03 1.440648008695704974e+00
3.969801661199295268e+03 1.519744658338246124e+00
3.989805504049918909e+03 1.495663452836775154e+00
4.009809346900542550e+03 1.331359777438190006e+00
4.029813189751166192e+03 1.094806786929309883e+00
4.049817032601790288e+03 1.043611063163163655e+00
4.069820875452413929e+03 1.078929735637996545e+00
4.089824718303037571e+03 1.052980490363198074e+00
4.109828561153661212e+03 1.019905597997914359e+00
4.129832404004285308e+03 1.003960714914005292e+00
4.149836246854909405e+03 9.944703669736745244e-01
4.169840089705532591e+03 1.011419454709594490e+00
4.189843932556156687e+03 1.070925767937694895e+00
4.209847775406780784e+03 1.150758089217005953e+00
4.229851618257403970e+03 1.122516901421655167e+00
4.249855461108028067e+03 1.134801992747329180e+00
4.269859303958652163e+03 1.145155072852999556e+00
4.289863146809275349e+03 1.178063602691727496e+00
4.309866989659899446e+03 1.266005959271144787e+00
4.329870832510523542e+03 1.333098771362189350e+00
4.349874675361146728e+03 1.273086936644554301e+00
4.369878518211770825e+03 1.072349500278220624e+00
4.389882361062394921e+03 8.895237013290804295e-01
4.409886203913018107e+03 7.601623882085182249e-01
4.429890046763642204e+03 7.077113350969598260e-01
4.449893889614266300e+03 7.408417429130942367e-01
4.469897732464889486e+03 8.264272663953028397e-01
4.489901575315513583e+03 9.799179290457389335e-01
4.509905418166137679e+03 1.112576510677441011e+00
4.529909261016760865e+03 1.325363373442327575e+00
4.549913103867384052e+03 1.624510770089377942e+00
4.569916946718009058e+03 1.957114498043815765e+00
4.589920789568632244e+03 2.216020545863942370e+00
4.609924632419255431e+03 2.302747812608514799e+00
4.629928475269880437e+03 2.439672444133901053e+00
4.649932318120503624e+03 2.514000647435158609e+00
4.669936160971126810e+03 2.359002243963935541e+00
4.689940003821751816e+03 1.993538883885758173e+00
4.709943846672375003e+03 1.554443653379907309e+00
4.729947689522998189e+03 1.355097228326777259e+00
4.749951532373623195e+03 1.196954297364652087e+00
4.769955375224246382e+03 1.070911576570788615e+00
4.789959218074869568e+03 1.064043138814178890e+00
4.809963060925494574e+03 1.192692475468880353e+00
4.829966903776117761e+03 1.367202170176180731e+00
4.849970746626740947e+03 1.304054263963468463e+00
4.869974589477365953e+03 1.187227328602019849e+00
4.889978432327989140e+03 1.250616046869746700e+00
4.909982275178612326e+03 1.421715769347640101e+00
4.929986118029237332e+03 1.603202763566496492e+00
4.949989960879860519e+03 1.755641941518700344e+00
4.969993803730483705e+03 1.776939286133802920e+00
4.989997646581108711e+03 1.496725967094779008e+00
5.010001489431731898e+03 1.197424156610925161e+00
5.030005332282355084e+03 1.041419489636533857e+00
5.050009175132980090e+03 9.773326002352605846e-01
5.070013017983603277e+03 9.766779958628120095e-01
5.090016860834226463e+03 9.808058086073583315e-01
5.110020703684851469e+03 1.010780291720826396e+00
5.130024546535474656e+03 1.019660374118990909e+00
5.150028389386097842e+03 1.008481179986422616e+00
5.170032232236722848e+03 1.045401160714105382e+00
5.190036075087346035e+03 1.128599703635728924e+00
5.210039917937969221e+03 1.213907833689680027e+00
5.230043760788594227e+03 1.312964677651005108e+00
5.250047603639217414e+03 1.443614960274283154e+00
5.270051446489840600e+03 1.540970310814832711e+00
5.290055289340465606e+03 1.618268590736603452e+00
5.310059132191088793e+03 1.750108043729263319e+00
5.330062975041711979e+03 1.838429081860841086e+00
5.350066817892336985e+03 1.842399723378641108e+00
5.370070660742960172e+03 1.745631880721928875e+00
5.390074503593583358e+03 1.660980009474391617e+00
5.410078346444208364e+03 1.688305743808694581e+00
5.430082189294831551e+03 1.787555237414031550e+00
5.450086032145454737e+03 1.868966256348660648e+00
5.470089874996079743e+03 1.914400689568076741e+00
5.490093717846702930e+03 1.918106621651356480e+00
5.510097560697326116e+03 1.913683768182918854e+00
5.530101403547951122e+03 1.927950503747568822e+00
5.550105246398574309e+03 1.893282759125260339e+00
5.570109089249197496e+03 1.815520686215090551e+00
5.590112932099822501e+03 1.702918072246189851e+00
5.610116774950445688e+03 1.526579308876755192e+00
5.630120617801068875e+03 1.325833967992585238e+00
5.650124460651693880e+03 1.109359739570034531e+00
5.670128303502317067e+03 9.343217289496716926e-01
5.690132146352940254e+03 8.260585114469365386e-01
5.710135989203565259e+03 8.595335930059355700e-01
5.730139832054188446e+03 1.054364516288545772e+00
5.750143674904811633e+03 1.299535820977009593e+00
5.770147517755436638e+03 1.504324230821479702e+00
5.790151360606059825e+03 1.727631639174569633e+00
5.810155203456683012e+03 1.854953568310751422e+00
5.830159046307308017e+03 1.895580216425698294e+00
5.850162889157931204e+03 1.908185532636742954e+00
5.870166732008554391e+03 1.915316143029124785e+00
5.890170574859179396e+03 1.749106192050003727e+00
5.910174417709802583e+03 1.797296176952374314e+00
5.930178260560425770e+03 1.688901340036364607e+00
5.950182103411050775e+03 1.539936105760242757e+00
5.970185946261673962e+03 1.301723350331723150e+00
5.990189789112297149e+03 1.099264934989017339e+00
6.010193631962922154e+03 1.034466455156475284e+00
6.030197474813545341e+03 1.031647667330830132e+00
6.050201317664168528e+03 1.003931118928617972e+00
6.070205160514793533e+03 9.430659639366485436e-01
6.090209003365416720e+03 9.338788921248393216e-01
6.110212846216039907e+03 9.870539439224093048e-01
6.130216689066664912e+03 1.041462817423836729e+00
6.150220531917288099e+03 1.114113112179630383e+00
6.170224374767911286e+03 1.166122265978936756e+00
6.190228217618536291e+03 1.177923894934619575e+00
6.210232060469159478e+03 1.173572733604697271e+00
6.230235903319782665e+03 1.110896157246227700e+00
6.250239746170407670e+03 9.823558294072696206e-01
6.270243589021030857e+03 8.464244097393218702e-01
6.290247431871654044e+03 7.871307831888185724e-01
6.310251274722279049e+03 7.920481285870196730e-01
6.330255117572902236e+03 8.201679912248823756e-01
6.350258960423525423e+03 8.877358464552923545e-01
6.370262803274150428e+03 9.660912729159786272e-01
6.390266646124773615e+03 1.084578892327047628e+00
6.410270488975396802e+03 1.205172422350520467e+00
6.430274331826021808e+03 1.312732321591815632e+00
6.450278174676644994e+03 1.387772299150338062e+00
6.470282017527268181e+03 1.443177454403340443e+00
6.490285860377893187e+03 1.460677689241050459e+00
6.510289703228516373e+03 1.457241981372176420e+00
6.530293546079139560e+03 1.427294888332141243e+00
6.550297388929764566e+03 1.359514567015329467e+00
6.570301231780387752e+03 1.264844178975195632e+00
6.590305074631010939e+03 1.157960391747903994e+00
6.610308917481635945e+03 1.025283243690586321e+00
6.630312760332259131e+03 8.887227714636611875e-01
6.650316603182882318e+03 7.781679239445676854e-01
6.670320446033507324e+03 6.598384132728252194e-01
6.690324288884130510e+03 5.541328036203426732e-01
6.710328131734753697e+03 4.698029955181384221e-01
6.730331974585378703e+03 3.921295267381345595e-01
6.750335817436001889e+03 3.712737321658911571e-01
6.770339660286625076e+03 3.511150057712171813e-01
6.790343503137250082e+03 3.413058667882859498e-01
6.810347345987873268e+03 3.297268511139947456e-01
6.830351188838496455e+03 2.801921790494614761e-01
6.850355031689121461e+03 2.956675705390899300e-01
6.870358874539744647e+03 3.206419865560695692e-01
6.890362717390367834e+03 3.576284755291753159e-01
6.910366560240992840e+03 3.723209888662109002e-01
6.930370403091616026e+03 3.866550047454681005e-01
6.950374245942239213e+03 4.010471831699212175e-01
6.970378088792864219e+03 4.230254192749277609e-01
6.990381931643487405e+03 4.308818849958832020e-01
7.010385774494110592e+03 4.404141820285455977e-01
7.030389617344735598e+03 4.578851885328608651e-01
7.050393460195358784e+03 4.816410220210675108e-01
7.070397303045981971e+03 4.918792108791165685e-01
7.090401145896606067e+03 5.078038731034441033e-01
7.110404988747230163e+03 5.285679385035865208e-01
7.130408831597853350e+03 5.470073403558540770e-01
7.150412674448477446e+03 5.825195816046796482e-01
7.170416517299101542e+03 6.464016888461922017e-01
7.190420360149724729e+03 6.850395051257122114e-01
7.210424203000348825e+03 7.093358054253301459e-01
7.230428045850972921e+03 7.263895269182840675e-01
7.250431888701596108e+03 7.114778562285853925e-01
7.270435731552220204e+03 7.012139317310692732e-01
7.290439574402844300e+03 7.029336974558666462e-01
7.310443417253467487e+03 7.105650498618824029e-01
7.330447260104091583e+03 7.142996588005684488e-01
7.350451102954715680e+03 7.407220721895716453e-01
7.370454945805338866e+03 7.578693611145884690e-01
7.390458788655962962e+03 7.709414115299708659e-01
7.410462631506587059e+03 7.875131780261022119e-01
7.430466474357210245e+03 7.845236526151914136e-01
7.450470317207834341e+03 7.523986994678422136e-01
7.470474160058458438e+03 7.260009187623289728e-01
7.490478002909081624e+03 6.793381602363414151e-01
7.510481845759705720e+03 6.312669269275121842e-01
7.530485688610329817e+03 6.126550962908141607e-01
7.550489531460953003e+03 3.931093192978509232e-01
7.570493374311577099e+03 3.364462427528898680e-01
7.590497217162201196e+03 3.986303492675545290e-01
7.610501060012824382e+03 5.355369658453137394e-01
7.630504902863447569e+03 6.414100777455286062e-01
