3.654406847953216129e+03 5.269881784985065432e-01
3.674510543859649260e+03 5.001037918738761023e-01
3.694614239766081482e+03 3.861182928756131116e-01
3.714717935672514614e+03 2.966130257961389627e-01
3.734821631578947745e+03 3.577889731391100669e-01
3.754925327485379967e+03 2.626428954621755629e-01
3.775029023391813098e+03 3.099810026064230284e-01
3.795132719298245320e+03 4.136580269442460822e-01
3.815236415204678451e+03 5.964165768059835893e-01
3.835340111111111582e+03 6.833220014887345650e-01
3.855443807017543804e+03 8.209805679247416110e-01
3.875547502923976936e+03 1.139048228106720240e+00
3.895651198830409157e+03 1.397108757139734925e+00
3.915754894736842289e+03 1.480544386468938045e+00
3.935858590643274511e+03 1.340552643148487766e+00
3.955962286549707642e+03 1.219201556329047476e+00
3.976065982456140773e+03 1.017726364769073966e+00
3.996169678362572995e+03 8.569791618977100622e-01
4.016273374269006126e+03 8.653972119106122518e-01
4.036377070175438348e+03 9.144156883545573322e-01
4.056480766081871479e+03 9.173753879429245028e-01
4.076584461988304611e+03 9.042066993060878799e-01
4.096688157894736833e+03 7.860026686663504902e-01
4.116791853801169054e+03 7.976465606891026683e-01
4.136895549707602186e+03 8.295802538836147821e-01
4.156999245614035317e+03 8.564113799356836143e-01
4.177102941520468448e+03 8.664451959994184937e-01
4.197206637426900670e+03 8.783510985898823620e-01
4.217310333333332892e+03 8.697214862490804110e-01
4.237414029239766023e+03 8.774609203930591184e-01
4.257517725146199155e+03 8.184585509560901029e-01
4.277621421052632286e+03 7.439039826582162229e-01
4.297725116959064508e+03 6.815144418938354764e-01
4.317828812865496730e+03 6.223215017408367800e-01
4.337932508771929861e+03 6.257701644665543128e-01
4.358036204678362992e+03 6.934524128260207698e-01
4.378139900584796123e+03 7.812014450377803287e-01
4.398243596491228345e+03 8.918329150440694741e-01
4.418347292397660567e+03 9.237461361978419605e-01
4.438450988304093698e+03 1.013585628206217226e+00
4.458554684210526830e+03 1.114300719453119370e+00
4.478658380116959052e+03 1.244175359000575076e+00
4.498762076023391273e+03 1.359089212693324278e+00
4.518865771929824405e+03 1.436002340694476409e+00
4.538969467836257536e+03 1.468255258061094803e+00
4.559073163742690667e+03 1.537528657573627333e+00
4.579176859649122889e+03 1.428253322584542850e+00
4.599280555555555111e+03 1.435579170798363169e+00
4.619384251461988242e+03 1.451439882124341940e+00
4.639487947368421374e+03 1.428028550272155028e+00
4.659591643274854505e+03 1.291845251579504028e+00
4.679695339181286727e+03 1.112888374993102225e+00
4.699799035087718948e+03 1.093359554917380017e+00
4.719902730994152080e+03 1.135475932454551362e+00
4.740006426900585211e+03 1.116985975741199066e+00
4.760110122807018342e+03 9.770049721314363333e-01
4.780213818713450564e+03 9.419054606029453325e-01
4.800317514619882786e+03 1.018660710094836608e+00
4.820421210526315917e+03 1.055174702492600813e+00
4.840524906432749049e+03 9.562193299858455786e-01
4.860628602339182180e+03 7.577443076032568392e-01
4.880732298245613492e+03 6.971245721704214526e-01
4.900835994152046624e+03 7.458189886658559420e-01
4.920939690058479755e+03 8.971660697813396146e-01
4.941043385964912886e+03 9.653298276704500580e-01
4.961147081871345108e+03 9.585510021419868520e-01
4.981250777777777330e+03 9.274404307367468681e-01
5.001354473684210461e+03 9.131998209153466828e-01
5.021458169590643593e+03 9.160261262010007677e-01
5.041561865497076724e+03 9.783515796937229947e-01
5.061665561403508946e+03 9.984661103119411019e-01
5.081769257309941167e+03 1.076387271355142561e+00
5.101872953216374299e+03 1.111633649350954656e+00
5.121976649122807430e+03 1.185772561550431092e+00
5.142080345029240561e+03 1.246882231770617855e+00
5.162184040935672783e+03 1.293341350836402670e+00
5.182287736842105005e+03 1.318058322805187199e+00
5.202391432748538136e+03 1.364195130458635941e+00
5.222495128654971268e+03 1.413283971028996611e+00
5.242598824561404399e+03 1.446845718108999534e+00
5.262702520467836621e+03 1.337533557244538374e+00
5.282806216374268843e+03 1.212109276811597747e+00
5.302909912280701974e+03 1.123892623411863134e+00
5.323013608187135105e+03 1.113761291932050090e+00
5.343117304093568237e+03 1.105652240090171157e+00
5.363220999999999549e+03 1.110464449171786772e+00
5.383324695906432680e+03 1.152287743739366155e+00
5.403428391812865812e+03 1.167250385204038565e+00
5.423532087719298943e+03 1.129343599191467096e+00
5.443635783625731165e+03 1.047048707852660687e+00
5.463739479532163386e+03 9.698110487394484558e-01
5.483843175438596518e+03 8.933237856232795204e-01
5.503946871345029649e+03 9.131284609313912171e-01
5.524050567251462780e+03 1.003408846546489652e+00
5.544154263157895002e+03 1.144678847963890966e+00
5.564257959064327224e+03 1.274563798043991891e+00
5.584361654970760355e+03 1.358963042276948974e+00
5.604465350877193487e+03 1.399570827982940191e+00
5.624569046783626618e+03 1.363271526381606868e+00
5.644672742690058840e+03 1.334168727512624386e+00
5.664776438596491062e+03 1.290981941238741770e+00
5.684880134502924193e+03 1.274425010306472039e+00
5.704983830409357324e+03 1.236400765124487711e+00
5.725087526315790456e+03 1.170537419311259431e+00
5.745191222222221768e+03 1.000846840413008421e+00
5.765294918128654899e+03 8.507424244017274262e-01
5.785398614035088031e+03 8.412776173606983932e-01
5.805502309941521162e+03 9.172406863001937305e-01
5.825606005847954293e+03 1.064990998376991405e+00
5.845709701754385605e+03 1.144299986208953124e+00
5.865813397660818737e+03 1.274231306709382228e+00
5.885917093567251868e+03 1.086772212387065339e+00
5.906020789473684999e+03 1.282864234940978232e+00
5.926124485380118131e+03 1.350511316526856520e+00
5.946228181286549443e+03 1.362526378340682021e+00
5.966331877192982574e+03 1.345261584233576002e+00
5.986435573099415706e+03 1.312096919279122087e+00
6.006539269005848837e+03 1.305487421333702214e+00
6.026642964912281059e+03 1.188305554915007223e+00
6.046746660818713281e+03 1.037880333093177398e+00
6.066850356725146412e+03 8.612579898104398834e-01
6.086954052631579543e+03 6.925570177748181511e-01
6.107057748538012675e+03 5.498826604458753042e-01
6.127161444444443987e+03 4.614734421230371475e-01
6.147265140350877118e+03 4.704975366364754774e-01
6.167368836257310249e+03 5.365632006797530495e-01
6.187472532163743381e+03 6.557709466043456503e-01
6.207576228070176512e+03 7.894124589457910401e-01
6.227679923976607824e+03 9.239518045284517145e-01
6.247783619883040956e+03 1.089492490543970682e+00
6.267887315789474087e+03 1.187732583806015763e+00
6.287991011695907218e+03 1.292826827067749429e+00
6.308094707602340350e+03 1.384630849702148003e+00
6.328198403508771662e+03 1.445105396739730930e+00
6.348302099415204793e+03 1.461044274301412926e+00
6.368405795321637925e+03 1.435935137972074616e+00
6.388509491228071056e+03 1.472453143737910697e+00
6.408613187134503278e+03 1.449193137454623415e+00
6.428716883040935500e+03 1.425101202671240186e+00
6.448820578947368631e+03 1.322931052338821800e+00
6.468924274853801762e+03 1.278766726332746906e+00
6.489027970760234894e+03 1.215138173073608163e+00
6.509131666666666206e+03 1.147771325170726442e+00
6.529235362573099337e+03 1.101621425062264459e+00
6.549339058479532468e+03 1.097987577699023110e+00
6.569442754385965600e+03 1.062600067488027156e+00
6.589546450292398731e+03 1.037133477635417078e+00
6.609650146198830043e+03 1.000000000000000000e+00
6.629753842105263175e+03 9.480733349633891915e-01
6.649857538011696306e+03 9.306295533858206515e-01
6.669961233918129437e+03 9.034991092357906872e-01
6.690064929824562569e+03 8.934270498874626876e-01
6.710168625730993881e+03 8.934893080912735819e-01
6.730272321637427012e+03 8.489528652964775102e-01
6.750376017543860144e+03 8.189268379039619239e-01
6.770479713450293275e+03 7.565214872957970460e-01
6.790583409356726406e+03 7.047005329950988273e-01
6.810687105263157719e+03 6.704620658825917179e-01
6.830790801169590850e+03 6.629747373890902962e-01
6.850894497076023981e+03 6.160243503577731428e-01
6.870998192982457113e+03 6.071107269026643216e-01
6.891101888888889334e+03 6.285688165710265896e-01
6.911205584795321556e+03 6.718860319176861440e-01
6.931309280701754687e+03 6.508059635898786333e-01
6.951412976608187819e+03 6.890502310435453470e-01
6.971516672514620950e+03 6.622335665374284863e-01
6.991620368421052262e+03 6.675452659211854600e-01
7.011724064327485394e+03 6.889266913193711206e-01
7.031827760233918525e+03 6.976195883009448373e-01
7.051931456140351656e+03 6.831900317504061571e-01
7.072035152046784788e+03 6.857556372218973628e-01
