3.462521306818181984e+03 5.177897634350832057e-01
3.482563920454545496e+03 6.805769324161224931e-01
3.502606534090909008e+03 1.056855210921829658e+00
3.522649147727272975e+03 1.235468910640030060e+00
3.542691761363636033e+03 1.679302175480854586e+00
3.562734375000000000e+03 1.746034078139230727e+00
3.582776988636363967e+03 1.792815534924062426e+00
3.602819602272727025e+03 1.812835393140179718e+00
3.622862215909090992e+03 1.762167803772372254e+00
3.642904829545454504e+03 1.594513647196290185e+00
3.662947443181818016e+03 1.511140910026196327e+00
3.682990056818181984e+03 1.265199800095010430e+00
3.703032670454545041e+03 9.977697750612652960e-01
3.723075284090909008e+03 6.865554448184825187e-01
3.743117897727272975e+03 6.397465328769725845e-01
3.763160511363636033e+03 5.769459568913725134e-01
3.783203125000000000e+03 6.463341288823178932e-01
3.803245738636363967e+03 6.159705068812970641e-01
3.823288352272727025e+03 7.082740881194358185e-01
3.843330965909090992e+03 8.508000678605548428e-01
3.863373579545454959e+03 1.151536761657574903e+00
3.883416193181818016e+03 1.551048976672429580e+00
3.903458806818181984e+03 1.857975214889203475e+00
3.923501420454545041e+03 2.004261349954843396e+00
3.943544034090909008e+03 1.845364298374932321e+00
3.963586647727272975e+03 1.895477976527147668e+00
3.983629261363636033e+03 1.567792138749565911e+00
4.003671875000000000e+03 1.393358598530822334e+00
4.023714488636363967e+03 1.389129374035366515e+00
4.043757102272727025e+03 1.475850962414852585e+00
4.063799715909090992e+03 1.703076020377412680e+00
4.083842329545454959e+03 1.825345973550805523e+00
4.103884943181818016e+03 1.822287665739312779e+00
4.123927556818181984e+03 1.818553195021314295e+00
4.143970170454545951e+03 1.825884280992641218e+00
4.164012784090909008e+03 1.781436321311049120e+00
4.184055397727272066e+03 1.797676183035417985e+00
4.204098011363636033e+03 1.844869202036611311e+00
4.224140625000000000e+03 1.744854596994413143e+00
4.244183238636363967e+03 1.609633248895293356e+00
4.264225852272727934e+03 1.462765456427307598e+00
4.284268465909090992e+03 1.331947935914985948e+00
4.304311079545454049e+03 1.179492668205487149e+00
4.324353693181818016e+03 1.031107461358901300e+00
4.344396306818181984e+03 1.114691232486006989e+00
4.364438920454545951e+03 1.202416707155633757e+00
4.384481534090909008e+03 1.204533808040154641e+00
4.404524147727272066e+03 1.223209639093391754e+00
4.424566761363636033e+03 1.217160264507141321e+00
4.444609375000000000e+03 1.262137402606620329e+00
4.464651988636363967e+03 1.356056350259102983e+00
4.484694602272727934e+03 1.537528045078717431e+00
4.504737215909090992e+03 1.751165574617151943e+00
4.524779829545454049e+03 1.869693549857170733e+00
4.544822443181818016e+03 1.944805828216815913e+00
4.564865056818181984e+03 1.940788359542157560e+00
4.584907670454545951e+03 1.895201007537939519e+00
4.604950284090909008e+03 1.831877216156776012e+00
4.624992897727272066e+03 1.839772483291166383e+00
4.645035511363636033e+03 1.803359298535333721e+00
4.665078125000000000e+03 1.616063818255239815e+00
4.685120738636363967e+03 1.353092638193600150e+00
4.705163352272727934e+03 1.238407837768488395e+00
4.725205965909090992e+03 1.290705775619617413e+00
4.745248579545454049e+03 1.236358827082049139e+00
4.765291193181818016e+03 1.055225887793201700e+00
4.785333806818181984e+03 9.717268437467009301e-01
4.805376420454545951e+03 1.030123519734818638e+00
4.825419034090909008e+03 1.110750467757691151e+00
4.845461647727272066e+03 9.731057874472688329e-01
4.865504261363636033e+03 8.691473316975695251e-01
4.885546875000000000e+03 7.689674615594700446e-01
4.905589488636363967e+03 8.537904821490458485e-01
4.925632102272727934e+03 9.572899001302250799e-01
4.945674715909090992e+03 1.023456292299298687e+00
4.965717329545454049e+03 1.007227488912005864e+00
4.985759943181818016e+03 9.369737472524953814e-01
5.005802556818181984e+03 8.830485795459815934e-01
5.025845170454545951e+03 8.541528498627027899e-01
5.045887784090909008e+03 9.120912048951804740e-01
5.065930397727272066e+03 9.767143073569091172e-01
5.085973011363636033e+03 1.031047634056714957e+00
5.106015625000000000e+03 1.127599058484966665e+00
5.126058238636363967e+03 1.230839639536585040e+00
5.146100852272727934e+03 1.275964550907472850e+00
5.166143465909090992e+03 1.294180225011786645e+00
5.186186079545454049e+03 1.254126634400533957e+00
5.206228693181818016e+03 1.281100222747180162e+00
5.226271306818181984e+03 1.304739461016780400e+00
5.246313920454545951e+03 1.313452151955975200e+00
5.266356534090909008e+03 1.150195185996073288e+00
5.286399147727272066e+03 9.464337089201696473e-01
5.306441761363636033e+03 8.448046562744178090e-01
5.326484375000000000e+03 8.300618377147043203e-01
5.346526988636363967e+03 8.455674546006192172e-01
5.366569602272727934e+03 8.692788230749659562e-01
5.386612215909090992e+03 9.102271832467128121e-01
5.406654829545454049e+03 9.295206633901544890e-01
5.426697443181818016e+03 9.062685440997838571e-01
5.446740056818181984e+03 8.589668754320888278e-01
5.466782670454545951e+03 7.766432100591983412e-01
5.486825284090909008e+03 6.927285375197386186e-01
5.506867897727272066e+03 7.007681591729475468e-01
5.526910511363636033e+03 7.993788961754009215e-01
5.546953125000000000e+03 9.406874381680759845e-01
5.566995738636363967e+03 1.091086965883908411e+00
5.587038352272727934e+03 1.143431654171691125e+00
5.607080965909090992e+03 1.134913440964628872e+00
5.627123579545454049e+03 1.148630159308112964e+00
5.647166193181818016e+03 1.161461209800693783e+00
5.667208806818181984e+03 1.132495551192914229e+00
5.687251420454545951e+03 1.089181600349619972e+00
5.707294034090909918e+03 1.064386768977628295e+00
5.727336647727272066e+03 1.022553734889425137e+00
5.747379261363636033e+03 9.834739788214669209e-01
5.767421875000000000e+03 9.251519480081548119e-01
5.787464488636363967e+03 8.859420686722541127e-01
5.807507102272727934e+03 9.037432392718192098e-01
5.827549715909090992e+03 9.685977807316155097e-01
5.847592329545454049e+03 1.022883524797280952e+00
5.867634943181818016e+03 1.072389954685750268e+00
5.887677556818181984e+03 1.049412868287973088e+00
5.907720170454545951e+03 9.224967431059942768e-01
5.927762784090909918e+03 1.079893295030012634e+00
5.947805397727272066e+03 1.024209987571500502e+00
5.967848011363636033e+03 1.025123353937011483e+00
5.987890625000000000e+03 1.055542428435925162e+00
6.007933238636363967e+03 1.002230224938734704e+00
6.027975852272727934e+03 9.284267031108102142e-01
6.048018465909090992e+03 8.061434887029718110e-01
6.068061079545454049e+03 6.625481144850560167e-01
6.088103693181818016e+03 5.259199956057238889e-01
6.108146306818181984e+03 4.013771256181808966e-01
6.128188920454545951e+03 3.190550342215987545e-01
6.148231534090909918e+03 2.947830587570741123e-01
6.168274147727272066e+03 3.356374830572884105e-01
6.188316761363636033e+03 3.892102994262520155e-01
6.208359375000000000e+03 5.084535958334041039e-01
6.228401988636363967e+03 5.956974949858035995e-01
6.248444602272727934e+03 7.204110991931119701e-01
6.268487215909090992e+03 8.208325559522012815e-01
6.288529829545454049e+03 8.274196222800814793e-01
6.308572443181818016e+03 1.014867055467711499e+00
6.328615056818181984e+03 9.657590589385475210e-01
6.348657670454545951e+03 9.792158709893532542e-01
6.368700284090909918e+03 9.926152912835913833e-01
6.388742897727272066e+03 9.649864132970579211e-01
6.408785511363636033e+03 8.906322869699769829e-01
6.428828125000000000e+03 8.994968726157631655e-01
6.448870738636363967e+03 8.706205193955576238e-01
6.468913352272727934e+03 8.158356917529778762e-01
6.488955965909090992e+03 7.675087775582614125e-01
6.508998579545454049e+03 7.723175556440071698e-01
6.529041193181818016e+03 7.595270016557669202e-01
6.549083806818181984e+03 7.469769944849475873e-01
6.569126420454545951e+03 8.833873276246873019e-01
6.589169034090909918e+03 8.339741663843681652e-01
6.609211647727272066e+03 7.328153861413857495e-01
6.629254261363636033e+03 7.087623434399928923e-01
6.649296875000000000e+03 5.806220115408518012e-01
6.669339488636363967e+03 6.793793207907093956e-01
6.689382102272727934e+03 6.244757861289416123e-01
6.709424715909090992e+03 6.039305966746527643e-01
6.729467329545454049e+03 6.152572658355468516e-01
6.749509943181818016e+03 5.762192143679160106e-01
6.769552556818181984e+03 5.349297899912901499e-01
6.789595170454545951e+03 5.203252591083941114e-01
6.809637784090909918e+03 5.470213674408973548e-01
6.829680397727272066e+03 5.192164979641415989e-01
6.849723011363636033e+03 5.416828045937638336e-01
6.869765625000000000e+03 4.912496562355536112e-01
6.889808238636363967e+03 4.886822740169175505e-01
6.909850852272727934e+03 5.737190874373416793e-01
6.929893465909090992e+03 5.080644926339465961e-01
6.949936079545454049e+03 5.414456897506756405e-01
6.969978693181818016e+03 4.225983897216901708e-01
