3.905933911242603699e+03 1.299545916184086325e+00
3.926009733727810726e+03 1.468152252581226946e+00
3.946085556213017753e+03 1.526753745092524817e+00
3.966161378698225235e+03 1.413894315097025345e+00
3.986237201183432262e+03 1.240015488918429387e+00
4.006313023668639289e+03 1.295755125267849639e+00
4.026388846153846316e+03 1.292379303840415439e+00
4.046464668639053343e+03 1.323048752975531706e+00
4.066540491124260370e+03 1.344080441834271777e+00
4.086616313609467397e+03 1.345078079300306984e+00
4.106692136094674424e+03 1.353813748057050237e+00
4.126767958579881451e+03 1.332815598711679650e+00
4.146843781065088478e+03 1.242996014899448554e+00
4.166919603550295506e+03 1.272036841542649288e+00
4.186995426035503442e+03 1.277630948955057466e+00
4.207071248520710469e+03 1.176974627406693452e+00
4.227147071005917496e+03 1.095592230074815543e+00
4.247222893491124523e+03 1.076991481860968047e+00
4.267298715976331550e+03 1.023375610168732797e+00
4.287374538461538577e+03 9.294487083168860853e-01
4.307450360946745604e+03 8.360665019296371625e-01
4.327526183431952632e+03 8.142451312209536551e-01
4.347602005917159659e+03 9.330926721172305704e-01
4.367677828402366686e+03 1.083633899576590176e+00
4.387753650887573713e+03 1.244251011192501144e+00
4.407829473372781649e+03 1.324496719961912428e+00
4.427905295857988676e+03 1.331004667511474171e+00
4.447981118343195703e+03 1.486436946993357378e+00
4.468056940828402730e+03 1.613144784600306858e+00
4.488132763313609757e+03 1.771435825617264648e+00
4.508208585798816785e+03 1.754413367385624145e+00
4.528284408284023812e+03 1.751285833631798461e+00
4.548360230769230839e+03 1.759591282416363978e+00
4.568436053254437866e+03 1.704595703637766579e+00
4.588511875739644893e+03 1.648667231764523677e+00
4.608587698224851920e+03 1.600875381818690490e+00
4.628663520710058947e+03 1.621061461456392516e+00
4.648739343195265974e+03 1.500421053459000120e+00
4.668815165680473001e+03 1.348076539647181882e+00
4.688890988165680028e+03 1.322465235638394354e+00
4.708966810650887965e+03 1.356631914448554799e+00
4.729042633136094992e+03 1.338652297369935518e+00
4.749118455621302019e+03 1.268695024855844844e+00
4.769194278106509046e+03 1.171769559811076000e+00
4.789270100591716073e+03 1.194027911368017003e+00
4.809345923076923100e+03 1.241227569634119510e+00
4.829421745562130127e+03 1.100262335415244763e+00
4.849497568047337154e+03 8.851812377828871536e-01
4.869573390532544181e+03 7.454033476865342678e-01
4.889649213017751208e+03 7.227905190868775254e-01
4.909725035502959145e+03 8.320085821517099189e-01
4.929800857988166172e+03 9.178195362031276172e-01
4.949876680473373199e+03 1.000000000000000000e+00
4.969952502958580226e+03 1.017813785513282498e+00
4.990028325443787253e+03 9.974398345374213548e-01
5.010104147928994280e+03 1.030401366277146513e+00
5.030179970414201307e+03 1.073049446058405243e+00
5.050255792899408334e+03 1.100975544685806717e+00
5.070331615384615361e+03 1.134210292640005502e+00
5.090407437869822388e+03 1.191345336487243056e+00
5.110483260355029415e+03 1.267342738816890746e+00
5.130559082840236442e+03 1.315118082740812211e+00
5.150634905325443469e+03 1.226441595014178043e+00
5.170710727810650496e+03 1.196586094931239019e+00
5.190786550295857523e+03 1.223013864630928760e+00
5.210862372781064551e+03 1.268992611207200527e+00
5.230938195266272487e+03 1.262716209017795022e+00
5.251014017751479514e+03 1.131586186595205046e+00
5.271089840236686541e+03 1.008708105751127126e+00
5.291165662721893568e+03 9.495913866276998183e-01
5.311241485207100595e+03 9.695159373124888624e-01
5.331317307692307622e+03 9.591348148526948059e-01
5.351393130177514649e+03 9.892895713804272795e-01
5.371468952662721676e+03 1.031456416810169419e+00
5.391544775147928704e+03 1.017195170789252145e+00
5.411620597633136640e+03 9.514950045097292364e-01
5.431696420118343667e+03 8.889532591381203996e-01
5.451772242603550694e+03 8.187866740418489053e-01
5.471848065088757721e+03 7.846325564940908048e-01
5.491923887573964748e+03 8.079531391690191189e-01
5.511999710059171775e+03 9.393640760775955334e-01
5.532075532544378802e+03 1.035597190005765889e+00
5.552151355029585829e+03 1.116423008311318243e+00
5.572227177514792857e+03 1.165433548312421852e+00
5.592302999999999884e+03 1.165498951317587295e+00
5.612378822485206911e+03 1.175348668052609291e+00
5.632454644970413938e+03 1.141054946943323989e+00
5.652530467455620965e+03 1.130884337864140887e+00
5.672606289940827992e+03 1.124634689800307452e+00
5.692682112426035019e+03 1.102654626440181973e+00
5.712757934911242046e+03 1.032039435384843884e+00
5.732833757396449073e+03 9.170774542460270462e-01
5.752909579881657010e+03 8.010850459616313257e-01
5.772985402366864037e+03 7.414164728975505270e-01
5.793061224852071064e+03 7.765963577036364418e-01
5.813137047337278091e+03 8.611036965417234734e-01
5.833212869822485118e+03 9.569113605138281908e-01
5.853288692307692145e+03 1.050354021505377489e+00
5.873364514792899172e+03 1.077122317277336982e+00
5.893440337278106199e+03 9.117482141524221317e-01
5.913516159763314135e+03 1.138250545657640833e+00
5.933591982248521163e+03 1.164259533455144657e+00
5.953667804733728190e+03 1.123420981568472810e+00
5.973743627218935217e+03 1.096731956331241209e+00
5.993819449704142244e+03 1.003114139726068332e+00
6.013895272189349271e+03 8.634704277333948852e-01
6.033971094674556298e+03 7.046298336775111970e-01
6.054046917159763325e+03 5.581614064385920226e-01
6.074122739644970352e+03 4.817500639552876329e-01
6.094198562130177379e+03 4.054572353136833840e-01
6.114274384615384406e+03 3.620022863978652472e-01
6.134350207100591433e+03 3.660447027705662215e-01
6.154426029585798460e+03 4.043422585054965435e-01
6.174501852071005487e+03 4.777470961895376456e-01
6.194577674556212514e+03 5.484164039968303372e-01
6.214653497041419541e+03 6.519127174924420620e-01
6.234729319526626568e+03 7.925260252403083516e-01
6.254805142011833595e+03 8.718549745741879242e-01
6.274880964497040623e+03 8.986380681079501054e-01
6.294956786982248559e+03 9.845993478000661936e-01
6.315032609467455586e+03 1.042687214741925272e+00
6.335108431952662613e+03 1.088681729783586905e+00
6.355184254437869640e+03 1.053094630794250808e+00
6.375260076923076667e+03 1.078384277791149648e+00
6.395335899408284604e+03 1.063815156287232666e+00
6.415411721893491631e+03 1.046883395745680456e+00
6.435487544378698658e+03 1.027561224882034718e+00
6.455563366863905685e+03 9.970413827130023554e-01
6.475639189349112712e+03 9.784988531837978121e-01
6.495715011834319739e+03 9.499350640830571679e-01
6.515790834319526766e+03 9.246867030033514290e-01
6.535866656804733793e+03 8.738986293857589072e-01
6.555942479289940820e+03 8.827373709047778849e-01
6.576018301775147847e+03 8.722228239690581475e-01
6.596094124260354874e+03 8.526170340899508204e-01
6.616169946745561901e+03 8.357844382542227724e-01
6.636245769230768929e+03 8.369420736637602776e-01
6.656321591715975956e+03 8.064293059460095892e-01
6.676397414201182983e+03 8.185327582825554504e-01
6.696473236686390010e+03 8.061383529130711212e-01
6.716549059171597037e+03 8.163540254586567624e-01
6.736624881656804064e+03 7.881069426670010980e-01
6.756700704142011091e+03 7.699015020611215121e-01
6.776776526627218118e+03 7.009591868783134894e-01
6.796852349112425145e+03 6.791279406942503094e-01
6.816928171597633082e+03 6.754202380710120357e-01
6.837003994082840109e+03 6.900967048360225897e-01
6.857079816568047136e+03 6.195050133370602063e-01
6.877155639053254163e+03 6.247375958444003619e-01
6.897231461538461190e+03 6.343873038441947276e-01
6.917307284023669126e+03 6.649498034408840574e-01
6.937383106508876153e+03 6.666386584125477688e-01
6.957458928994083180e+03 6.683500758974120215e-01
6.977534751479290207e+03 6.797786760874197087e-01
6.997610573964497235e+03 6.758573225431991904e-01
7.017686396449704262e+03 6.771028364913160846e-01
7.037762218934911289e+03 6.699694438438619226e-01
7.057838041420118316e+03 6.576354871323996099e-01
7.077913863905325343e+03 6.455839473876991974e-01
7.097989686390532370e+03 6.519831309116843610e-01
7.118065508875739397e+03 6.447577296278496073e-01
7.138141331360946424e+03 6.368588609955965207e-01
7.158217153846153451e+03 6.086961757635072079e-01
7.178292976331360478e+03 5.910742544297836742e-01
7.198368798816567505e+03 5.898779409906071969e-01
7.218444621301774532e+03 5.771599348604894431e-01
7.238520443786981559e+03 5.503136645428314822e-01
7.258596266272188586e+03 5.483909546719003547e-01
7.278672088757395613e+03 5.238334815261650457e-01
