3.550277350073429261e+03 1.121952227011165926e+00
3.570313178480168062e+03 9.994039662836100568e-01
3.590349006886906864e+03 9.812324317645576555e-01
3.610384835293645665e+03 9.593689975100374578e-01
3.630420663700384921e+03 1.041932004634477549e+00
3.650456492107123722e+03 1.210627549844484507e+00
3.670492320513862524e+03 1.126774232992705294e+00
3.690528148920601325e+03 8.703419215681040821e-01
3.710563977327340126e+03 8.107319699800791257e-01
3.730599805734078927e+03 7.786697061157151767e-01
3.750635634140817729e+03 6.634957404882724230e-01
3.770671462547556985e+03 6.742517638375868927e-01
3.790707290954295786e+03 7.022688212587916423e-01
3.810743119361034587e+03 8.186908295798682733e-01
3.830778947767773388e+03 1.024089741731517123e+00
3.850814776174512190e+03 1.271223488517166045e+00
3.870850604581250991e+03 1.607322395752130983e+00
3.890886432987989792e+03 1.915389532068752176e+00
3.910922261394728594e+03 2.020561701004556898e+00
3.930958089801467395e+03 2.016021079232273472e+00
3.950993918208206651e+03 1.779433162979671135e+00
3.971029746614945452e+03 1.441969099097139662e+00
3.991065575021684253e+03 1.313002143783949638e+00
4.011101403428423055e+03 1.311723074802870759e+00
4.031137231835161856e+03 1.418163254749854829e+00
4.051173060241901112e+03 1.556662774139410788e+00
4.071208888648639913e+03 1.517076704110841279e+00
4.091244717055378715e+03 1.526492656868269737e+00
4.111280545462117516e+03 1.549883598873878165e+00
4.131316373868856317e+03 1.580699099479142111e+00
4.151352202275595118e+03 1.659414161549080502e+00
4.171388030682333920e+03 1.678066123735575843e+00
4.191423859089072721e+03 1.667894939050480252e+00
4.211459687495811522e+03 1.628854684932848684e+00
4.231495515902550324e+03 1.532619274827472733e+00
4.251531344309289125e+03 1.482820301409187413e+00
4.271567172716027926e+03 1.321984505316690317e+00
4.291603001122767637e+03 1.162056833578649639e+00
4.311638829529506438e+03 1.097733993497182370e+00
4.331674657936245239e+03 1.066278181601840958e+00
4.351710486342984041e+03 1.016129191450379610e+00
4.371746314749722842e+03 9.677120073286007429e-01
4.391782143156461643e+03 9.810937958940018078e-01
4.411817971563200445e+03 1.045761991911414501e+00
4.431853799969939246e+03 1.134035572301119732e+00
4.451889628376678047e+03 1.264113122483740748e+00
4.471925456783416848e+03 1.375526418769523751e+00
4.491961285190155650e+03 1.538178966205929754e+00
4.511997113596894451e+03 1.638512176652622720e+00
4.532032942003633252e+03 1.757765390820641871e+00
4.552068770410372053e+03 1.844675185385494354e+00
4.572104598817110855e+03 1.830378144187519540e+00
4.592140427223849656e+03 1.872157073618844869e+00
4.612176255630588457e+03 1.791859762277407953e+00
4.632212084037328168e+03 1.636005216071817703e+00
4.652247912444066969e+03 1.462157890629183887e+00
4.672283740850805771e+03 1.296613912534565038e+00
4.692319569257544572e+03 1.231101883748019210e+00
4.712355397664283373e+03 1.152727745287248196e+00
4.732391226071022174e+03 1.029842216477764305e+00
4.752427054477760976e+03 1.005930544616897793e+00
4.772462882884499777e+03 1.030024490204740406e+00
4.792498711291238578e+03 1.054712778827624708e+00
4.812534539697977380e+03 1.013162274154672859e+00
4.832570368104716181e+03 9.149616526053764298e-01
4.852606196511454982e+03 8.536127667095521065e-01
4.872642024918194693e+03 9.041493341365743897e-01
4.892677853324933494e+03 1.005638696460919190e+00
4.912713681731672295e+03 1.089816487049289240e+00
4.932749510138411097e+03 1.125380746009032373e+00
4.952785338545149898e+03 1.028803818271311954e+00
4.972821166951888699e+03 9.539836747809015138e-01
4.992856995358627501e+03 9.172207684393473004e-01
5.012892823765366302e+03 9.207573539612297076e-01
5.032928652172105103e+03 9.538740089637183228e-01
5.052964480578843904e+03 1.003427011092880017e+00
5.073000308985582706e+03 1.052902972985470642e+00
5.093036137392321507e+03 1.103129917255313064e+00
5.113071965799060308e+03 1.203619904126487006e+00
5.133107794205799109e+03 1.292545813352069084e+00
5.153143622612537911e+03 1.351752925838308306e+00
5.173179451019276712e+03 1.348852950385173610e+00
5.193215279426015513e+03 1.421400955225822660e+00
5.213251107832754315e+03 1.451658896538891685e+00
5.233286936239494025e+03 1.430787252518521013e+00
5.253322764646232827e+03 1.290987827642621211e+00
5.273358593052971628e+03 1.095455000733846829e+00
5.293394421459710429e+03 1.056585551126477895e+00
5.313430249866449230e+03 1.036288236129513152e+00
5.333466078273188032e+03 1.073732121501683290e+00
5.353501906679926833e+03 1.053003499984555225e+00
5.373537735086665634e+03 1.056682057045599032e+00
5.393573563493404436e+03 1.064975031835072805e+00
5.413609391900143237e+03 1.025870714602570066e+00
5.433645220306882038e+03 9.555068872874836750e-01
5.453681048713620839e+03 8.613946530968620285e-01
5.473716877120360550e+03 7.878531216466247988e-01
5.493752705527099351e+03 8.365697848374944456e-01
5.513788533933838153e+03 9.081700485472293805e-01
5.533824362340576954e+03 1.010791299187175030e+00
5.553860190747315755e+03 1.069306283284717773e+00
5.573896019154054557e+03 1.060212565253445760e+00
5.593931847560793358e+03 1.054270277255290988e+00
5.613967675967532159e+03 1.060418736989749977e+00
5.634003504374270960e+03 1.006339232562266872e+00
5.654039332781009762e+03 9.775727463628873792e-01
5.674075161187748563e+03 1.000596033716389943e+00
5.694110989594487364e+03 9.822138494401652098e-01
5.714146818001226166e+03 8.924109335357519601e-01
5.734182646407964967e+03 8.500314466730770624e-01
5.754218474814703768e+03 8.512765192508289225e-01
5.774254303221442569e+03 8.404889669790740481e-01
5.794290131628181371e+03 9.092020038869220722e-01
5.814325960034920172e+03 9.880073117855843190e-01
5.834361788441658973e+03 1.070723668277718366e+00
5.854397616848397774e+03 1.060335025415966914e+00
5.874433445255137485e+03 1.087500664849016641e+00
5.894469273661876286e+03 1.032657566475305932e+00
5.914505102068615088e+03 1.022242969370154242e+00
5.934540930475353889e+03 1.011538032014010824e+00
5.954576758882092690e+03 9.599637517918935270e-01
5.974612587288831492e+03 9.656408312888272727e-01
5.994648415695570293e+03 8.786154763691182978e-01
6.014684244102309094e+03 8.504956986324853085e-01
6.034720072509047895e+03 6.433306641891940458e-01
6.054755900915787606e+03 4.846892810985296007e-01
6.074791729322526407e+03 3.790240363710337124e-01
6.094827557729265209e+03 3.233958175650641920e-01
6.114863386136004010e+03 3.230740352104038426e-01
6.134899214542742811e+03 3.661371924856249849e-01
6.154935042949481613e+03 3.606828305551630365e-01
6.174970871356220414e+03 4.779514132908023183e-01
6.195006699762959215e+03 5.588794858574048785e-01
6.215042528169698016e+03 6.381830421188019464e-01
6.235078356576436818e+03 7.095173662218681176e-01
6.255114184983175619e+03 8.125718882278679667e-01
6.275150013389914420e+03 7.912695774046011321e-01
6.295185841796653222e+03 7.915419141839390438e-01
6.315221670203392023e+03 8.306897778846815683e-01
6.335257498610130824e+03 8.017130531749440125e-01
6.355293327016869625e+03 8.342260892420206853e-01
6.375329155423608427e+03 8.586435032964629954e-01
6.395364983830347228e+03 7.846834139773104511e-01
6.415400812237086029e+03 8.057743896320472832e-01
6.435436640643824830e+03 7.550107682693655287e-01
6.455472469050563632e+03 7.227569547776552250e-01
6.475508297457303343e+03 6.967849363764622161e-01
6.495544125864042144e+03 6.766845172154313248e-01
6.515579954270780945e+03 7.328924066839852536e-01
6.535615782677519746e+03 6.763127500951806592e-01
6.555651611084258548e+03 6.174309795332513229e-01
6.575687439490997349e+03 6.139458455572639473e-01
6.595723267897736150e+03 6.863150037277238047e-01
6.615759096304474951e+03 6.041343647525287963e-01
6.635794924711213753e+03 5.682040961279374303e-01
6.655830753117953464e+03 5.585444567859104703e-01
6.675866581524692265e+03 5.354020449384929714e-01
6.695902409931431066e+03 4.297222009490844763e-01
6.715938238338169867e+03 4.988186249843953313e-01
6.735974066744908669e+03 4.216347033457395477e-01
6.756009895151647470e+03 4.417602314094963289e-01
6.776045723558386271e+03 4.126199766887028164e-01
6.796081551965125072e+03 3.870860640883379555e-01
6.816117380371863874e+03 4.991245926143361156e-01
6.836153208778602675e+03 4.204046412767148411e-01
6.856189037185341476e+03 4.980791118238576676e-01
6.876224865592080278e+03 5.333706684515386875e-01
6.896260693998819079e+03 5.847238806638509478e-01
6.916296522405557880e+03 5.960436228687590043e-01
6.936332350812296681e+03 4.214551666947837227e-01
6.956368179219035483e+03 6.572764549135494683e-01
6.976404007625774284e+03 4.055581195017442520e-01
6.996439836032513085e+03 6.064742677384913350e-01
7.016475664439251887e+03 3.496341868197405667e-01
7.036511492845990688e+03 4.998289396028306464e-01
7.056547321252730399e+03 4.408192986980656314e-01
