3.651916303929928745e+03 7.873681103970397999e-01
3.671960709318006138e+03 5.447746035627289984e-01
3.692005114706083532e+03 5.476285989113923725e-01
3.712049520094160926e+03 7.829700972629081157e-01
3.732093925482238774e+03 3.853863326614841434e-01
3.752138330870316167e+03 3.978031375587674501e-01
3.772182736258393561e+03 4.136567539776276892e-01
3.792227141646470955e+03 2.260105274634259531e-01
3.812271547034548348e+03 2.261528193192514635e-01
3.832315952422625742e+03 3.388100982049903620e-01
3.852360357810703135e+03 5.096217716203532699e-01
3.872404763198780529e+03 6.878537868379809295e-01
3.892449168586857922e+03 8.566718120594830621e-01
3.912493573974935771e+03 9.822487905581920309e-01
3.932537979363013164e+03 9.039334557771756540e-01
3.952582384751090558e+03 9.844001653143236164e-01
3.972626790139167952e+03 9.849026462026149176e-01
3.992671195527245345e+03 9.787001234358245760e-01
4.012715600915322739e+03 8.125252610032295264e-01
4.032760006303400132e+03 8.019219477372383498e-01
4.052804411691477526e+03 7.442231882792860187e-01
4.072848817079555374e+03 7.177790900210538894e-01
4.092893222467632768e+03 6.543420999149031081e-01
4.112937627855710161e+03 6.701855234039597597e-01
4.132982033243786645e+03 6.649251939631914965e-01
4.153026438631864949e+03 6.513672086421492535e-01
4.173070844019943252e+03 6.881961804036925701e-01
4.193115249408019736e+03 6.827820404854008096e-01
4.213159654796098039e+03 7.196168447135889989e-01
4.233204060184174523e+03 7.497313420051650024e-01
4.253248465572252826e+03 7.659883984739546126e-01
4.273292870960329310e+03 7.856257026473245642e-01
4.293337276348407613e+03 8.429757361472079991e-01
4.313381681736484097e+03 8.517667631583467625e-01
4.333426087124562400e+03 8.685551573384949764e-01
4.353470492512638884e+03 7.851648266877675475e-01
4.373514897900717187e+03 6.783345347057386787e-01
4.393559303288793672e+03 6.053865412416008507e-01
4.413603708676871975e+03 6.215823012633164835e-01
4.433648114064948459e+03 6.056822195268510844e-01
4.453692519453026762e+03 6.253320773903333629e-01
4.473736924841103246e+03 7.024373975317195207e-01
4.493781330229181549e+03 7.470321042155140256e-01
4.513825735617259852e+03 8.580507460426121114e-01
4.533870141005336336e+03 9.639449826754218353e-01
4.553914546393414639e+03 1.154480225223199152e+00
4.573958951781491123e+03 1.266117608440379128e+00
4.594003357169569426e+03 1.407832799956573400e+00
4.614047762557645910e+03 1.446493555075753390e+00
4.634092167945724213e+03 1.436814715546643750e+00
4.654136573333800698e+03 1.174130194181283837e+00
4.674180978721879001e+03 1.016302480274493769e+00
4.694225384109955485e+03 8.420664268236031091e-01
4.714269789498033788e+03 8.070154130846586282e-01
4.734314194886110272e+03 7.243841085336498731e-01
4.754358600274188575e+03 7.302450431705990175e-01
4.774403005662265059e+03 8.150376376710355419e-01
4.794447411050343362e+03 8.496955153844568676e-01
4.814491816438420756e+03 8.849836050056949510e-01
4.834536221826498149e+03 8.408345543208793904e-01
4.854580627214575543e+03 8.227904022984141585e-01
4.874625032602652936e+03 8.929544205646440247e-01
4.894669437990731240e+03 1.027523062927079733e+00
4.914713843378807724e+03 1.219026855995384961e+00
4.934758248766886027e+03 1.313965748339701589e+00
4.954802654154962511e+03 1.177816090911713243e+00
4.974847059543040814e+03 1.001077687080915712e+00
4.994891464931117298e+03 9.149945343538464781e-01
5.014935870319195601e+03 8.267804760512047491e-01
5.034980275707272085e+03 7.865373449575874254e-01
5.055024681095350388e+03 7.624507019436097544e-01
5.075069086483426872e+03 7.696218585518801447e-01
5.095113491871505175e+03 7.438785728215191462e-01
5.115157897259581659e+03 7.318240029860005880e-01
5.135202302647659963e+03 7.109463553464465679e-01
5.155246708035737356e+03 7.747218784808630465e-01
5.175291113423814750e+03 7.959121741062393784e-01
5.195335518811892143e+03 8.563018670322862791e-01
5.215379924199969537e+03 9.989223129190845096e-01
5.235424329588047840e+03 1.046218757021092127e+00
5.255468734976124324e+03 1.140115470896901018e+00
5.275513140364202627e+03 1.212624807322034037e+00
5.295557545752279111e+03 1.272495355169375619e+00
5.315601951140357414e+03 1.251305309506855590e+00
5.335646356528433898e+03 1.230576250898494983e+00
5.355690761916512201e+03 1.234260147926074191e+00
5.375735167304588686e+03 1.277067231356829424e+00
5.395779572692666989e+03 1.364835855849698243e+00
5.415823978080743473e+03 1.498426449103070102e+00
5.435868383468821776e+03 1.563903358305131830e+00
5.455912788856898260e+03 1.654783214921993650e+00
5.475957194244976563e+03 1.789095256525700339e+00
5.496001599633053956e+03 1.815951404665576030e+00
5.516046005021131350e+03 1.788784413827172903e+00
5.536090410409208744e+03 1.785353201473575568e+00
5.556134815797286137e+03 1.702946058057289935e+00
5.576179221185364440e+03 1.717791852013546006e+00
5.596223626573440924e+03 1.635777677980879030e+00
5.616268031961519227e+03 1.442732280657350596e+00
5.636312437349595712e+03 1.473186421923220024e+00
5.656356842737674015e+03 1.360714801560251486e+00
5.676401248125750499e+03 1.197123888493291766e+00
5.696445653513828802e+03 1.099532112582326082e+00
5.716490058901905286e+03 1.084009808042552425e+00
5.736534464289983589e+03 1.138186868592957479e+00
5.756578869678060073e+03 1.356759389323522580e+00
5.776623275066138376e+03 1.474561550916204666e+00
5.796667680454215770e+03 1.563090617964977724e+00
5.816712085842293163e+03 1.715559322650096696e+00
5.836756491230370557e+03 1.671502286070018384e+00
5.856800896618447950e+03 1.503919410642021059e+00
5.876845302006525344e+03 1.497703695391152889e+00
5.896889707394602738e+03 1.457263010320174690e+00
5.916934112782680131e+03 1.280292752053413530e+00
5.936978518170757525e+03 1.294813372107386451e+00
5.957022923558835828e+03 1.087039580049070198e+00
5.977067328946912312e+03 1.132441972268593000e+00
5.997111734334990615e+03 1.026887185194522267e+00
6.017156139723067099e+03 9.047606661893394797e-01
6.037200545111145402e+03 9.838340549923005884e-01
6.057244950499221886e+03 1.054134469657071582e+00
6.077289355887300189e+03 1.009142044295390228e+00
6.097333761275376673e+03 8.909464967143285730e-01
6.117378166663454977e+03 9.955431761605315621e-01
6.137422572051532370e+03 9.790045226473915729e-01
6.157466977439609764e+03 9.091024654544735961e-01
6.177511382827687157e+03 9.162782880360598181e-01
6.197555788215764551e+03 9.591049796642023839e-01
6.217600193603841944e+03 1.076321394963823286e+00
6.237644598991919338e+03 9.730064139496827913e-01
6.257689004379996732e+03 1.044365254668615295e+00
6.277733409768074125e+03 1.023397481532570596e+00
6.297777815156152428e+03 1.111927520659117707e+00
6.317822220544228912e+03 1.166182930678120622e+00
6.337866625932307215e+03 1.192020869010034456e+00
6.357911031320383699e+03 1.315125326029678021e+00
6.377955436708462003e+03 1.292630585352323669e+00
6.397999842096538487e+03 1.358614558095041058e+00
6.418044247484616790e+03 1.391107035358732036e+00
6.438088652872693274e+03 1.278430028848907662e+00
6.458133058260771577e+03 1.646748797702963563e+00
6.478177463648848970e+03 1.574670230600039078e+00
6.498221869036926364e+03 1.791954387222376655e+00
6.518266274425003758e+03 1.441948980386928314e+00
6.538310679813081151e+03 1.883230379419035927e+00
6.558355085201158545e+03 1.748722811314469050e+00
6.578399490589235938e+03 1.524349485900699186e+00
6.598443895977313332e+03 1.613328263901451676e+00
6.618488301365390726e+03 1.229716017615660073e+00
6.638532706753469029e+03 1.422260878206445422e+00
6.658577112141545513e+03 1.068621205857201995e+00
6.678621517529623816e+03 1.144867875813842639e+00
6.698665922917700300e+03 1.320531328268317761e+00
6.718710328305778603e+03 9.903234629065329475e-01
6.738754733693855087e+03 1.167889704833999565e+00
6.758799139081933390e+03 8.835900343086519060e-01
6.778843544470009874e+03 9.620719276728587621e-01
6.798887949858088177e+03 9.678250838809382417e-01
6.818932355246165571e+03 1.038546141594876016e+00
6.838976760634242964e+03 5.255878990981605048e-01
6.859021166022320358e+03 2.821049022173774401e-01
6.879065571410397752e+03 4.201715636727815228e-01
6.899109976798475145e+03 8.659025792820036482e-01
6.919154382186552539e+03 1.388620543733369628e+00
6.939198787574629932e+03 1.512852305460887115e+00
6.959243192962707326e+03 1.201605194805844379e+00
6.979287598350785629e+03 1.002766502794258274e+00
6.999332003738862113e+03 1.216122562565321363e+00
7.019376409126940416e+03 1.134518635904367523e+00
7.039420814515016900e+03 9.724908905550271321e-01
7.059465219903095203e+03 5.114185046308188376e-01
7.079509625291171687e+03 1.231899254303863822e+00
7.099554030679249990e+03 5.358269109427753474e-01
7.119598436067326475e+03 1.900021162133143759e+00
7.139642841455404778e+03 8.885969791794411377e-01
7.159687246843482171e+03 1.902716594932650329e+00
