3.716332408760423732e+03 1.701414630830270447e+00
3.736416362894930899e+03 1.749772286467147220e+00
3.756500317029438520e+03 1.926176025754097187e+00
3.776584271163946141e+03 1.572014427687968841e+00
3.796668225298453763e+03 1.326077507246104181e+00
3.816752179432961384e+03 1.317711451007563817e+00
3.836836133567468551e+03 1.604444718799515002e+00
3.856920087701976172e+03 2.139315956772570360e+00
3.877004041836483793e+03 2.448776182723694461e+00
3.897087995970990960e+03 2.589426417752312304e+00
3.917171950105498581e+03 2.781707485215827003e+00
3.937255904240006203e+03 3.014235107419489967e+00
3.957339858374513824e+03 2.939774859545051022e+00
3.977423812509020991e+03 2.753424870118160506e+00
3.997507766643528612e+03 2.591208046851015911e+00
4.017591720778036233e+03 2.707897838412336000e+00
4.037675674912543855e+03 2.888693224426750472e+00
4.057759629047051021e+03 3.009598574194983112e+00
4.077843583181558643e+03 2.993854042461448373e+00
4.097927537316066264e+03 2.913047329312045353e+00
4.118011491450573885e+03 2.730089147463113264e+00
4.138095445585080597e+03 2.655623926536737844e+00
4.158179399719589128e+03 2.614128586153987577e+00
4.178263353854095840e+03 2.471353195832044491e+00
4.198347307988604371e+03 2.249283239391698164e+00
4.218431262123111082e+03 2.061926958053683645e+00
4.238515216257618704e+03 1.892633149457138675e+00
4.258599170392126325e+03 1.742246946376851735e+00
4.278683124526633037e+03 1.590845048410029161e+00
4.298767078661141568e+03 1.601088901579602153e+00
4.318851032795648280e+03 1.695083709666840743e+00
4.338934986930156811e+03 1.791379533815407044e+00
4.359018941064663522e+03 1.901226688045203117e+00
4.379102895199171144e+03 1.973917931574375340e+00
4.399186849333678765e+03 1.819552329565623072e+00
4.419270803468185477e+03 1.656191540357528025e+00
4.439354757602694008e+03 1.748173507889480227e+00
4.459438711737200720e+03 1.931299962391516134e+00
4.479522665871709250e+03 2.011367969009721701e+00
4.499606620006215962e+03 2.042246131607446724e+00
4.519690574140723584e+03 2.021527593967545222e+00
4.539774528275231205e+03 1.993722986808211806e+00
4.559858482409737917e+03 2.016197418531511243e+00
4.579942436544246448e+03 2.049354608500137065e+00
4.600026390678753160e+03 2.025088065264737391e+00
4.620110344813261690e+03 1.947309665941651780e+00
4.640194298947768402e+03 1.741895916281223311e+00
4.660278253082276933e+03 1.613565597448791022e+00
4.680362207216783645e+03 1.627027883954289100e+00
4.700446161351291266e+03 1.658806942390698147e+00
4.720530115485798888e+03 1.569664368115338826e+00
4.740614069620305600e+03 1.448891922529366383e+00
4.760698023754814130e+03 1.422144367119310360e+00
4.780781977889320842e+03 1.490404522327662740e+00
4.800865932023829373e+03 1.463903487573288809e+00
4.820949886158336085e+03 1.323298413352322456e+00
4.841033840292843706e+03 1.146172668478647294e+00
4.861117794427351328e+03 1.079788741163551169e+00
4.881201748561858039e+03 1.117635040419138859e+00
4.901285702696366570e+03 1.114044687510064913e+00
4.921369656830873282e+03 1.138517452837680022e+00
4.941453610965381813e+03 1.124181136941194481e+00
4.961537565099888525e+03 1.071029219892446038e+00
4.981621519234396146e+03 1.070008622870934234e+00
5.001705473368903768e+03 1.135209983256383115e+00
5.021789427503410479e+03 1.165982979409426523e+00
5.041873381637919010e+03 1.239428668091556052e+00
5.061957335772425722e+03 1.312088188043051940e+00
5.082041289906934253e+03 1.390655795638662262e+00
5.102125244041440965e+03 1.440241480409924391e+00
5.122209198175948586e+03 1.412303113973426782e+00
5.142293152310456207e+03 1.369660080076928521e+00
5.162377106444963829e+03 1.378832404549583890e+00
5.182461060579471450e+03 1.388271309631559314e+00
5.202545014713978162e+03 1.382146030609615162e+00
5.222628968848486693e+03 1.249337841957475437e+00
5.242712922982993405e+03 1.057480436855265493e+00
5.262796877117501936e+03 9.338312535839171646e-01
5.282880831252008647e+03 9.117155287173466238e-01
5.302964785386516269e+03 9.176128236863572152e-01
5.323048739521023890e+03 9.634337064713111021e-01
5.343132693655530602e+03 1.034499003237086656e+00
5.363216647790039133e+03 1.049200252192682870e+00
5.383300601924545845e+03 1.043682593448712392e+00
5.403384556059054376e+03 1.002094943559577844e+00
5.423468510193561087e+03 9.122138112354100103e-01
5.443552464328068709e+03 8.314325240329187849e-01
5.463636418462576330e+03 8.435532123222330148e-01
5.483720372597083042e+03 9.265742920865829291e-01
5.503804326731591573e+03 1.019890842936848729e+00
5.523888280866098285e+03 1.094665249286289610e+00
5.543972235000606815e+03 1.098471482291295764e+00
5.564056189135113527e+03 1.088501931497138475e+00
5.584140143269621149e+03 1.128839858310082489e+00
5.604224097404128770e+03 1.126496987944441308e+00
5.624308051538636391e+03 1.118326077455166212e+00
5.644392005673144013e+03 1.115170002290096996e+00
5.664475959807650725e+03 1.116226399080319398e+00
5.684559913942159255e+03 1.110039762907709893e+00
5.704643868076665967e+03 1.075269371624338222e+00
5.724727822211173589e+03 1.027342474477242806e+00
5.744811776345681210e+03 9.869384951629717184e-01
5.764895730480188831e+03 9.679818572161860146e-01
5.784979684614696453e+03 9.715414166508110627e-01
5.805063638749203164e+03 9.778855815568322507e-01
5.825147592883711695e+03 9.800804703850262145e-01
5.845231547018218407e+03 9.819170476844584217e-01
5.865315501152726029e+03 9.854599740230505223e-01
5.885399455287233650e+03 9.979050564404221557e-01
5.905483409421741271e+03 1.002115686770865599e+00
5.925567363556248893e+03 9.921394675661557860e-01
5.945651317690756514e+03 9.941651285784181002e-01
5.965735271825264135e+03 9.878263600099491670e-01
5.985819225959770847e+03 9.749417231833943376e-01
6.005903180094278468e+03 9.505646603807850203e-01
6.025987134228786090e+03 9.150522737068810253e-01
6.046071088363293711e+03 8.459065296427894509e-01
6.066155042497801333e+03 7.250285972924936928e-01
6.086238996632308954e+03 5.573791103680130199e-01
6.106322950766816575e+03 4.281456352187442693e-01
6.126406904901323287e+03 3.689487441687018809e-01
6.146490859035831818e+03 3.789649372701633934e-01
6.166574813170338530e+03 4.445928714479983612e-01
6.186658767304846151e+03 5.316143055915660831e-01
6.206742721439353772e+03 6.112005134529860939e-01
6.226826675573861394e+03 6.808660433876109197e-01
6.246910629708369015e+03 7.360649364279132634e-01
6.266994583842875727e+03 7.626215722963888277e-01
6.287078537977384258e+03 7.891147795911190865e-01
6.307162492111890970e+03 7.904596244744541700e-01
6.327246446246398591e+03 7.865666486888447384e-01
6.347330400380906212e+03 7.615978859547350988e-01
6.367414354515413834e+03 7.510083480555191926e-01
6.387498308649921455e+03 7.404089394017008274e-01
6.407582262784428167e+03 7.179472018145398593e-01
6.427666216918936698e+03 6.977181695253809046e-01
6.447750171053443410e+03 6.750137629600175826e-01
6.467834125187951031e+03 6.600687246746042014e-01
6.487918079322458652e+03 6.470050312992253749e-01
6.508002033456966274e+03 6.310201509870647651e-01
6.528085987591473895e+03 6.131476339302028844e-01
6.548169941725981516e+03 5.981165556410475981e-01
6.568253895860489138e+03 5.780646517605808610e-01
6.588337849994995850e+03 5.596451699076269160e-01
6.608421804129503471e+03 5.429504772086009012e-01
6.628505758264011092e+03 5.285287595610287381e-01
6.648589712398518714e+03 5.119248051144551503e-01
6.668673666533026335e+03 4.966717956884703078e-01
6.688757620667533956e+03 4.812474749198590307e-01
6.708841574802041578e+03 4.659519450644946659e-01
6.728925528936548289e+03 4.492538804855572554e-01
6.749009483071056820e+03 4.345784008956697364e-01
6.769093437205563532e+03 4.210013851512032779e-01
6.789177391340071154e+03 4.116008864624642327e-01
6.809261345474578775e+03 4.031620982312700829e-01
6.829345299609086396e+03 3.964549114867785273e-01
6.849429253743594018e+03 3.912640326896342780e-01
6.869513207878100729e+03 3.793766545557373249e-01
6.889597162012609260e+03 3.700745719886283092e-01
6.909681116147115972e+03 3.638308498780321032e-01
6.929765070281623593e+03 3.559911371128246516e-01
6.949849024416131215e+03 3.547642271367407174e-01
6.969932978550638836e+03 3.459023915272689820e-01
6.990016932685146458e+03 3.375836572311208261e-01
7.010100886819653169e+03 3.374777778237874060e-01
7.030184840954161700e+03 3.365887472792525870e-01
7.050268795088668412e+03 3.316794131243784305e-01
7.070352749223176033e+03 3.298029392379111524e-01
7.090436703357683655e+03 3.255488035676408765e-01
7.110520657492191276e+03 3.220253874057600330e-01
7.130604611626698897e+03 3.172563436222250455e-01
7.150688565761206519e+03 3.005067132065886715e-01
7.170772519895714140e+03 2.993275860905291741e-01
7.190856474030220852e+03 3.029409859040670949e-01
7.210940428164729383e+03 2.878056829508900960e-01
7.231024382299236095e+03 2.858766485150528447e-01
7.251108336433743716e+03 2.770017985350374246e-01
7.271192290568251337e+03 2.751326612298701790e-01
7.291276244702758959e+03 2.683827127934267920e-01
7.311360198837266580e+03 2.584754100442653857e-01
7.331444152971773292e+03 2.517390636856378094e-01
7.351528107106281823e+03 2.485566982731855779e-01
7.371612061240788535e+03 2.462080681205640054e-01
7.391696015375296156e+03 2.345773318224725901e-01
7.411779969509803777e+03 2.276300419811458919e-01
7.431863923644311399e+03 2.174955433205008615e-01
7.451947877778819020e+03 2.017820300011524681e-01
7.472031831913325732e+03 1.938208580881222443e-01
