3.271966429938553119e+03 -3.559054017810594356e-02
3.291968326861859168e+03 -8.528654846209823837e-02
3.311970223785165217e+03 2.413445401387686595e-01
3.331972120708471266e+03 3.668074937672685665e-01
3.351974017631777315e+03 2.364649976296690492e-01
3.371975914555083364e+03 -3.740268104492792955e-02
3.391977811478389413e+03 2.652033283333225522e-01
3.411979708401695461e+03 1.491619900092503170e-01
3.431981605325001510e+03 1.651693950837277991e-01
3.451983502248307559e+03 2.339249800551535530e-01
3.471985399171613608e+03 9.776244503849119971e-02
3.491987296094919657e+03 2.088774647862983724e-01
3.511989193018225706e+03 2.296006127845616751e-01
3.531991089941531754e+03 2.074089752923972407e-01
3.551992986864837803e+03 2.895001281206485699e-01
3.571994883788143852e+03 3.687108829801875598e-01
3.591996780711449901e+03 3.672404129037313281e-01
3.611998677634755950e+03 4.048010363549096602e-01
3.632000574558061999e+03 4.379206631062502741e-01
3.652002471481368048e+03 3.187602562698262920e-01
3.672004368404674096e+03 3.040584852312595010e-01
3.692006265327980145e+03 2.620968372647760614e-01
3.712008162251286194e+03 1.359127705357127680e-01
3.732010059174592243e+03 1.021143659298386352e-01
3.752011956097898292e+03 1.003505274508056516e-01
3.772013853021204341e+03 1.353420171179939846e-01
3.792015749944510389e+03 2.124959123052908849e-01
3.812017646867816438e+03 3.478130259685527914e-01
3.832019543791122487e+03 4.364601053477897286e-01
3.852021440714428536e+03 6.150545506476520208e-01
3.872023337637734585e+03 7.892428361821490768e-01
3.892025234561040634e+03 8.822182941582609184e-01
3.912027131484346683e+03 9.957592843226463764e-01
3.932029028407652731e+03 1.040781319518413683e+00
3.952030925330958780e+03 1.177620865530487393e+00
3.972032822254264829e+03 1.132353032750578636e+00
3.992034719177570878e+03 1.098004997283322126e+00
4.012036616100876927e+03 9.874436278061833328e-01
4.032038513024182976e+03 9.078498304750265424e-01
4.052040409947489024e+03 9.100879984899293840e-01
4.072042306870795073e+03 9.246941639007777436e-01
4.092044203794101122e+03 8.964559003523538960e-01
4.112046100717407171e+03 8.664041379801094012e-01
4.132047997640713220e+03 8.594412655911557453e-01
4.152049894564019269e+03 8.633495420149729371e-01
4.172051791487325318e+03 9.014816814904494935e-01
4.192053688410631366e+03 9.718493970197924492e-01
4.212055585333937415e+03 9.960137895728695678e-01
4.232057482257243464e+03 9.765307825185665092e-01
4.252059379180549513e+03 1.027753475408036410e+00
4.272061276103855562e+03 1.036116894766174301e+00
4.292063173027161611e+03 1.111928124275026741e+00
4.312065069950467660e+03 1.127557444369290396e+00
4.332066966873773708e+03 1.069405126543177875e+00
4.352068863797079757e+03 9.899792123870571059e-01
4.372070760720385806e+03 8.771402121598936841e-01
4.392072657643691855e+03 7.491309371082470747e-01
4.412074554566997904e+03 7.062467162311567570e-01
4.432076451490303953e+03 6.890406110223370462e-01
4.452078348413610001e+03 7.998562035931021663e-01
4.472080245336916050e+03 8.648340462470417433e-01
4.492082142260222099e+03 9.843439886754570267e-01
4.512084039183528148e+03 1.174508113955697874e+00
4.532085936106834197e+03 1.447754385598191584e+00
4.552087833030140246e+03 1.786008870917185964e+00
4.572089729953446295e+03 2.011162201179950593e+00
4.592091626876752343e+03 2.030131134590432929e+00
4.612093523800058392e+03 2.177133922027208346e+00
4.632095420723364441e+03 2.420783267731337229e+00
4.652097317646670490e+03 2.267434425739043302e+00
4.672099214569976539e+03 1.766589333421773933e+00
4.692101111493282588e+03 1.310784373510877066e+00
4.712103008416588636e+03 1.052064385611632957e+00
4.732104905339894685e+03 1.014383124539999237e+00
4.752106802263200734e+03 1.064790808099902675e+00
4.772108699186506783e+03 1.146960075981950045e+00
4.792110596109812832e+03 1.274193467418772485e+00
4.812112493033118881e+03 1.451630731300482369e+00
4.832114389956424930e+03 1.511982898708129186e+00
4.852116286879730978e+03 1.492060840313995884e+00
4.872118183803037027e+03 1.583184481032918534e+00
4.892120080726342167e+03 1.830342036457477839e+00
4.912121977649648215e+03 2.029305105478228732e+00
4.932123874572954264e+03 2.028502283746102641e+00
4.952125771496260313e+03 1.890861232732687691e+00
4.972127668419566362e+03 1.710156940319260022e+00
4.992129565342872411e+03 1.490515437283139066e+00
5.012131462266178460e+03 1.333313503994732141e+00
5.032133359189484509e+03 1.207214883688369378e+00
5.052135256112790557e+03 1.147293154006670646e+00
5.072137153036096606e+03 1.085917204900948674e+00
5.092139049959402655e+03 1.055100327890654333e+00
5.112140946882708704e+03 1.049546043933890616e+00
5.132142843806014753e+03 1.093251779417638181e+00
5.152144740729320802e+03 1.127916692418354794e+00
5.172146637652626850e+03 1.207462374212091127e+00
5.192148534575932899e+03 1.264351484792463065e+00
5.212150431499238948e+03 1.438001305812891761e+00
5.232152328422544997e+03 1.677354268694443373e+00
5.252154225345851046e+03 1.804149408235125707e+00
5.272156122269157095e+03 2.035971768304430274e+00
5.292158019192463144e+03 2.245921427374419022e+00
5.312159916115769192e+03 2.240105200206035541e+00
5.332161813039075241e+03 2.118114975889699547e+00
5.352163709962381290e+03 2.012094281984097233e+00
5.372165606885687339e+03 2.154056819919513366e+00
5.392167503808993388e+03 2.621217289629831804e+00
5.412169400732299437e+03 3.101580321085350977e+00
5.432171297655605485e+03 3.282861506173781141e+00
5.452173194578911534e+03 3.315678661837228258e+00
5.472175091502217583e+03 3.351995100099892877e+00
5.492176988425523632e+03 3.260590376546874669e+00
5.512178885348829681e+03 3.208928499076959096e+00
5.532180782272135730e+03 3.180806421344908763e+00
5.552182679195441779e+03 3.100781559273144250e+00
5.572184576118747827e+03 2.929888079019773883e+00
5.592186473042053876e+03 2.787394749662183813e+00
5.612188369965359925e+03 2.583090910851538080e+00
5.632190266888665974e+03 2.342959321166028452e+00
5.652192163811972023e+03 2.056333073980476378e+00
5.672194060735278072e+03 1.865239242714110679e+00
5.692195957658584121e+03 1.672666377918578862e+00
5.712197854581890169e+03 1.642439341436001232e+00
5.732199751505196218e+03 1.706257058054194475e+00
5.752201648428502267e+03 1.779723801374970993e+00
5.772203545351808316e+03 1.899427499170802669e+00
5.792205442275114365e+03 1.970099238433089983e+00
5.812207339198420414e+03 2.082505473142381991e+00
5.832209236121726462e+03 2.289624662637212094e+00
5.852211133045032511e+03 2.414222382278164769e+00
5.872213029968338560e+03 2.476417447659471804e+00
5.892214926891644609e+03 2.163527155281869785e+00
5.912216823814950658e+03 2.292257779348344737e+00
5.932218720738256707e+03 2.060959815151689689e+00
5.952220617661562756e+03 1.667819711355604806e+00
5.972222514584868804e+03 1.486093306670632552e+00
5.992224411508174853e+03 1.568416028552868768e+00
6.012226308431480902e+03 1.634349731541910655e+00
6.032228205354786951e+03 1.489168719522458995e+00
6.052230102278093000e+03 1.427497524889023817e+00
6.072231999201399049e+03 1.511829413357208107e+00
6.092233896124705097e+03 1.693940358295065618e+00
6.112235793048011146e+03 1.736337271216605860e+00
6.132237689971317195e+03 1.575014111650705706e+00
6.152239586894623244e+03 1.374150012559691714e+00
6.172241483817929293e+03 1.377989818982709780e+00
6.192243380741235342e+03 1.521260552465673488e+00
6.212245277664541391e+03 1.483986882273338859e+00
6.232247174587847439e+03 1.432749689669871707e+00
6.252249071511153488e+03 1.380727576602802653e+00
6.272250968434459537e+03 1.409833910596339113e+00
6.292252865357765586e+03 1.570786841518952981e+00
6.312254762281071635e+03 1.710159683508394535e+00
6.332256659204377684e+03 1.948539692067693174e+00
6.352258556127683732e+03 2.174450699007111520e+00
6.372260453050989781e+03 2.380298788709176439e+00
6.392262349974295830e+03 2.495818433358650612e+00
6.412264246897601879e+03 2.561217763104276735e+00
6.432266143820907928e+03 2.685606247953410186e+00
6.452268040744213977e+03 2.735393100786058795e+00
6.472269937667519116e+03 2.784110164720003944e+00
6.492271834590825165e+03 2.819309027729241635e+00
6.512273731514131214e+03 2.834291652741553147e+00
6.532275628437437263e+03 2.800505273493076874e+00
6.552277525360743311e+03 2.701909569618039964e+00
6.572279422284049360e+03 2.556525491063479816e+00
6.592281319207355409e+03 2.394025103637000385e+00
6.612283216130661458e+03 2.214121273813042468e+00
6.632285113053967507e+03 2.061133944960269471e+00
6.652287009977273556e+03 1.933477224576198639e+00
6.672288906900579605e+03 1.797540861830160486e+00
6.692290803823885653e+03 1.635908466471960976e+00
6.712292700747191702e+03 1.466203923577933388e+00
6.732294597670497751e+03 1.312074440497086769e+00
6.752296494593803800e+03 1.199954759324792564e+00
6.772298391517109849e+03 1.112573102904349076e+00
6.792300288440415898e+03 8.784882701644086689e-01
6.812302185363721946e+03 9.216069239849398187e-01
6.832304082287027995e+03 9.881108262674955789e-01
6.852305979210334044e+03 1.024253652008674909e+00
6.872307876133640093e+03 1.054383203387092571e+00
6.892309773056946142e+03 1.059022978625536737e+00
6.912311669980252191e+03 1.047795818726880102e+00
6.932313566903558240e+03 1.000519477726415252e+00
6.952315463826864288e+03 9.591537923020291290e-01
6.972317360750170337e+03 9.142240693394823037e-01
6.992319257673476386e+03 8.638833666205619766e-01
7.012321154596782435e+03 8.672726865238997718e-01
7.032323051520088484e+03 8.888692110788305456e-01
7.052324948443394533e+03 8.612598353960332354e-01
7.072326845366700582e+03 8.510962099248527979e-01
7.092328742290006630e+03 8.153362706853949371e-01
7.112330639213312679e+03 8.354539419778740372e-01
7.132332536136618728e+03 9.622055353504656017e-01
7.152334433059924777e+03 9.669799306362681923e-01
7.172336329983230826e+03 9.504907853396623585e-01
7.192338226906536875e+03 9.410982703342121169e-01
7.212340123829842923e+03 9.110321101378526798e-01
7.232342020753148972e+03 9.292152687772602393e-01
7.252343917676455021e+03 9.882581355240223075e-01
7.272345814599761070e+03 1.051751607186508286e+00
7.292347711523067119e+03 1.103901333412117935e+00
7.312349608446373168e+03 1.174686444762495396e+00
7.332351505369679217e+03 1.212314527153334431e+00
7.352353402292985265e+03 1.266140835714216095e+00
7.372355299216291314e+03 1.319696007461035769e+00
7.392357196139597363e+03 1.287916984293678624e+00
7.412359093062903412e+03 1.247759548280142683e+00
7.432360989986209461e+03 1.215763209669544320e+00
7.452362886909515510e+03 1.123464112406454385e+00
7.472364783832821558e+03 1.027872584680259882e+00
7.492366680756127607e+03 9.863575757147536871e-01
7.512368577679433656e+03 4.732451524213267535e-01
7.532370474602739705e+03 5.606729767149054577e-01
7.552372371526045754e+03 6.466863194222648437e-01
7.572374268449351803e+03 9.807218817421591295e-01
7.592376165372657852e+03 1.140385419719322391e+00
7.612378062295963900e+03 1.221935165767216169e+00
7.632379959219269949e+03 1.242170410146003379e+00
7.652381856142575998e+03 1.221837453370242743e+00
7.672383753065882047e+03 1.171898173273910437e+00
7.692385649989188096e+03 1.159726658759149709e+00
7.712387546912494145e+03 1.135279192600433973e+00
7.732389443835800193e+03 1.104679521305815371e+00
7.752391340759106242e+03 1.091886219866444740e+00
7.772393237682412291e+03 1.073996543276021010e+00
7.792395134605718340e+03 1.072415776618378391e+00
7.812397031529024389e+03 1.069526375502926063e+00
7.832398928452330438e+03 1.064726452882805319e+00
7.852400825375636487e+03 1.020031782040675905e+00
7.872402722298942535e+03 9.960582449122162840e-01
7.892404619222248584e+03 9.261955661779154303e-01
7.912406516145554633e+03 8.661794159262048431e-01
7.932408413068860682e+03 7.612545163523013469e-01
7.952410309992166731e+03 7.101300296338495244e-01
7.972412206915472780e+03 6.632555658416005029e-01
7.992414103838778829e+03 6.269758471249224918e-01
8.012416000762084877e+03 5.885529844649634024e-01
8.032417897685390926e+03 5.086210616410783425e-01
8.052419794608696975e+03 4.649854812600269227e-01
8.072421691532003024e+03 3.992108119178730541e-01
8.092423588455309073e+03 3.571745437205507412e-01
8.112425485378615122e+03 3.092184514252939165e-01
8.132427382301921170e+03 2.557369452794940878e-01
8.152429279225227219e+03 2.291117545352666651e-01
8.172431176148533268e+03 2.216374913414664305e-01
8.192433073071839317e+03 2.104620186124834536e-01
8.212434969995145366e+03 1.831468005869656968e-01
8.232436866918451415e+03 1.689480841933496125e-01
8.252438763841757464e+03 2.092564528243752442e-01
8.272440660765063512e+03 2.220883893395171615e-01
8.292442557688369561e+03 2.683725462618959945e-01
8.312444454611675610e+03 2.853980563572298124e-01
8.332446351534981659e+03 3.292311957333752814e-01
8.352448248458287708e+03 3.675094319757812311e-01
8.372450145381593757e+03 4.267684784854832158e-01
8.392452042304899805e+03 4.816679829859729645e-01
8.412453939228205854e+03 5.470711053865197071e-01
8.432455836151511903e+03 6.942556878860851599e-01
8.452457733074817952e+03 8.065600954147018609e-01
8.472459629998124001e+03 8.681102370304694116e-01
8.492461526921430050e+03 9.290564381263679561e-01
8.512463423844736099e+03 9.479238970519210383e-01
8.532465320768042147e+03 9.619785482061039561e-01
8.552467217691348196e+03 9.994805222735848593e-01
8.572469114614654245e+03 1.026671616477141447e+00
8.592471011537960294e+03 1.071946330742936215e+00
8.612472908461266343e+03 1.110933059848349780e+00
8.632474805384572392e+03 1.109339815598986201e+00
8.652476702307878440e+03 1.146997163899049488e+00
8.672478599231184489e+03 1.154936721347479045e+00
8.692480496154490538e+03 1.171185884620908890e+00
8.712482393077796587e+03 1.183054245385565251e+00
8.732484290001102636e+03 1.167971917204736698e+00
8.752486186924408685e+03 1.203535663557289581e+00
8.772488083847714734e+03 1.207704542948891735e+00
8.792489980771020782e+03 1.167335387597948637e+00
8.812491877694326831e+03 1.122878331798656593e+00
8.832493774617632880e+03 1.117792952917191274e+00
8.852495671540938929e+03 1.053483327623385479e+00
8.872497568464244978e+03 9.693159442887601118e-01
8.892499465387551027e+03 8.977288341629973134e-01
8.912501362310857075e+03 8.809979590398521188e-01
8.932503259234163124e+03 9.036069398405731645e-01
8.952505156157469173e+03 8.475305029601617468e-01
8.972507053080775222e+03 7.508383920778078924e-01
8.992508950004081271e+03 7.482904788211947045e-01
9.012510846927387320e+03 7.388827665479388296e-01
9.032512743850693369e+03 6.808218517837902883e-01
9.052514640773999417e+03 6.579807188054516143e-01
9.072516537697305466e+03 6.453729901921938517e-01
9.092518434620611515e+03 6.823933151114253137e-01
9.112520331543917564e+03 6.363827364414381682e-01
9.132522228467223613e+03 5.819840888995178041e-01
9.152524125390529662e+03 6.176610427488132826e-01
9.172526022313835711e+03 5.730392074970481753e-01
9.192527919237141759e+03 4.896768498510764567e-01
9.212529816160447808e+03 3.900029080548016447e-01
9.232531713083753857e+03 3.070315536153162550e-01
9.252533610007059906e+03 3.391067581297653177e-01
9.272535506930365955e+03 3.222624803515650171e-01
9.292537403853672004e+03 3.969022097787505698e-01
9.312539300776978052e+03 4.105207283463417900e-01
9.332541197700284101e+03 3.915982057771744684e-01
9.352543094623590150e+03 3.847959620036484618e-01
9.372544991546896199e+03 4.155303293711533064e-01
9.392546888470202248e+03 3.750852151130739109e-01
9.412548785393508297e+03 3.643038563670558672e-01
9.432550682316814346e+03 3.852577206793671993e-01
9.452552579240120394e+03 3.228001399355641676e-01
9.472554476163426443e+03 3.539604642255081979e-01
9.492556373086732492e+03 3.815257788044255083e-01
9.512558270010038541e+03 3.903161238226511842e-01
9.532560166933344590e+03 3.815387047116276520e-01
9.552562063856650639e+03 3.952110336772827193e-01
9.572563960779956687e+03 4.405240522686161841e-01
9.592565857703262736e+03 3.902307024805370950e-01
9.612567754626568785e+03 4.316380451913527927e-01
9.632569651549874834e+03 4.001045100196492510e-01
9.652571548473180883e+03 4.610184951023513777e-01
9.672573445396486932e+03 4.338672320050290798e-01
9.692575342319792981e+03 4.680493876090860983e-01
9.712577239243099029e+03 4.240709877468130107e-01
9.732579136166405078e+03 4.756098966692774987e-01
9.752581033089711127e+03 3.581403931829446052e-01
9.772582930013017176e+03 3.254115791823876669e-01
9.792584826936323225e+03 3.392166863398395349e-01
9.812586723859629274e+03 2.900582793274831261e-01
9.832588620782935322e+03 2.300178847702007701e-01
9.852590517706241371e+03 3.064485655740571968e-01
9.872592414629547420e+03 2.624086939783515371e-01
9.892594311552853469e+03 2.828354780115032163e-01
9.912596208476159518e+03 2.352824926569628272e-01
9.932598105399465567e+03 2.456999618779006356e-01
9.952600002322771616e+03 2.926836484887319623e-01
9.972601899246077664e+03 3.992677660106851989e-01
