3.248373561872909704e+03 1.442827159091655820e-01
3.268420685618729294e+03 1.041189177247997671e-01
3.288467809364548430e+03 2.388230771308967881e-01
3.308514933110367565e+03 2.448818834132689970e-01
3.328562056856187155e+03 1.944878291896134925e-01
3.348609180602006745e+03 3.374535233380500654e-01
3.368656304347825881e+03 2.583842195515259621e-01
3.388703428093645471e+03 3.439999262520180290e-01
3.408750551839464606e+03 4.437258754984046982e-01
3.428797675585284196e+03 4.264510247351793182e-01
3.448844799331103786e+03 4.794251095881071900e-01
3.468891923076922922e+03 4.064257260575118713e-01
3.488939046822742512e+03 4.736221722942703938e-01
3.508986170568561647e+03 4.345247526704436036e-01
3.529033294314381237e+03 4.918474294314455486e-01
3.549080418060200827e+03 5.942544015961958026e-01
3.569127541806019963e+03 6.416746195224781735e-01
3.589174665551839098e+03 7.066440692052122774e-01
3.609221789297658688e+03 5.807991287515633649e-01
3.629268913043478278e+03 6.802496266300974703e-01
3.649316036789297414e+03 8.143818057156876344e-01
3.669363160535117004e+03 9.573463843143418250e-01
3.689410284280936139e+03 9.423581524610417093e-01
3.709457408026755729e+03 9.286573157633025710e-01
3.729504531772575319e+03 6.844134668992704063e-01
3.749551655518394455e+03 5.876596990644228358e-01
3.769598779264214045e+03 5.128293904124865410e-01
3.789645903010033180e+03 3.997711987113817256e-01
3.809693026755852770e+03 4.406378032155580105e-01
3.829740150501672360e+03 5.557413453011136317e-01
3.849787274247491496e+03 7.015710835217394692e-01
3.869834397993311086e+03 1.022288087231582487e+00
3.889881521739130221e+03 1.161937242657877345e+00
3.909928645484949811e+03 1.253215355591063007e+00
3.929975769230769401e+03 1.301976628461317453e+00
3.950022892976588537e+03 1.464572126621634052e+00
3.970070016722408127e+03 1.519531366423984231e+00
3.990117140468227262e+03 1.532291596437737047e+00
4.010164264214046852e+03 1.263914787160735242e+00
4.030211387959865988e+03 1.137449809387022892e+00
4.050258511705685578e+03 1.091016593030424087e+00
4.070305635451504713e+03 1.110679291931751633e+00
4.090352759197324303e+03 1.036486448990857623e+00
4.110399882943143893e+03 1.005153414056949579e+00
4.130447006688962574e+03 9.439901925730995735e-01
4.150494130434783074e+03 8.761083189914194991e-01
4.170541254180601754e+03 1.009616718594494866e+00
4.190588377926421344e+03 1.056266756341380564e+00
4.210635501672240935e+03 1.021464719298061929e+00
4.230682625418059615e+03 1.015035427906568311e+00
4.250729749163880115e+03 1.020725616860492346e+00
4.270776872909698795e+03 1.074002614966698355e+00
4.290823996655517476e+03 1.114043222158858981e+00
4.310871120401337976e+03 1.183569111878771674e+00
4.330918244147156656e+03 1.205081728827940069e+00
4.350965367892977156e+03 1.004521030090039790e+00
4.371012491638795836e+03 8.844699528085933071e-01
4.391059615384614517e+03 8.132814274104454011e-01
4.411106739130435017e+03 7.269443937086608187e-01
4.431153862876253697e+03 6.967774646936607530e-01
4.451200986622074197e+03 7.259016852442766732e-01
4.471248110367892878e+03 7.833689538520176576e-01
4.491295234113711558e+03 9.214242799730948397e-01
4.511342357859532058e+03 1.067429542773986162e+00
4.531389481605350738e+03 1.336710716537649724e+00
4.551436605351171238e+03 1.619044211550102030e+00
4.571483729096989919e+03 1.866539335786244980e+00
4.591530852842808599e+03 2.070275454354944422e+00
4.611577976588629099e+03 2.222937593873513862e+00
4.631625100334447779e+03 2.334687235538641659e+00
4.651672224080268279e+03 2.093258176919055913e+00
4.671719347826086960e+03 1.678789447564333237e+00
4.691766471571905640e+03 1.326898451285740688e+00
4.711813595317726140e+03 1.126389300628171997e+00
4.731860719063544821e+03 1.014130080893179686e+00
4.751907842809365320e+03 9.292144499047748640e-01
4.771954966555184001e+03 1.015272925425977801e+00
4.792002090301002681e+03 1.082393289955890125e+00
4.812049214046823181e+03 1.279618029264075529e+00
4.832096337792641862e+03 1.164888257203753996e+00
4.852143461538461452e+03 1.149544660974685328e+00
4.872190585284281042e+03 1.186355958062143001e+00
4.892237709030099722e+03 1.348444976338580625e+00
4.912284832775920222e+03 1.650180463502415540e+00
4.932331956521738903e+03 1.846382223377526000e+00
4.952379080267557583e+03 1.853680900513972496e+00
4.972426204013378083e+03 1.673111339737967995e+00
4.992473327759196764e+03 1.393983807571800293e+00
5.012520451505017263e+03 1.194986926162205920e+00
5.032567575250835944e+03 1.076979932516945571e+00
5.052614698996654624e+03 9.938451264794115891e-01
5.072661822742475124e+03 9.497754337440096339e-01
5.092708946488293805e+03 9.084606824682062154e-01
5.112756070234114304e+03 8.975024442709863548e-01
5.132803193979932985e+03 8.735954112691296514e-01
5.152850317725751665e+03 9.005167104895185348e-01
5.172897441471572165e+03 9.675835634002637464e-01
5.192944565217390846e+03 1.068299073988210557e+00
5.212991688963211345e+03 1.240248837374016810e+00
5.233038812709030026e+03 1.370558053170104484e+00
5.253085936454848706e+03 1.519232524466440637e+00
5.273133060200669206e+03 1.686028554342405394e+00
5.293180183946487887e+03 1.835632724827294782e+00
5.313227307692308386e+03 1.894043499626513860e+00
5.333274431438127067e+03 1.883869482784875649e+00
5.353321555183945748e+03 1.874187950748030795e+00
5.373368678929766247e+03 1.984472896753687987e+00
5.393415802675584928e+03 2.092790660146663040e+00
5.413462926421404518e+03 2.246383610715800838e+00
5.433510050167224108e+03 2.433081008142215396e+00
5.453557173913042789e+03 2.583231169255999493e+00
5.473604297658863288e+03 2.734622633036612793e+00
5.493651421404681969e+03 2.788889464918230754e+00
5.513698545150501559e+03 2.821888035959807528e+00
5.533745668896321149e+03 2.793142751997219175e+00
5.553792792642139830e+03 2.638583532489393146e+00
5.573839916387960329e+03 2.511103850633717993e+00
5.593887040133779010e+03 2.344722163605151621e+00
5.613934163879598600e+03 2.201141779400070941e+00
5.633981287625418190e+03 1.979344723623961633e+00
5.654028411371236871e+03 1.779634823358979601e+00
5.674075535117057370e+03 1.614490688537313146e+00
5.694122658862876051e+03 1.480534001105489494e+00
5.714169782608695641e+03 1.398510546326510839e+00
5.734216906354515231e+03 1.427761296036812677e+00
5.754264030100333912e+03 1.540704687523958949e+00
5.774311153846154411e+03 1.687421368952391587e+00
5.794358277591973092e+03 1.787926559223844691e+00
5.814405401337792682e+03 1.880869668006705853e+00
5.834452525083612272e+03 2.077798279554503580e+00
5.854499648829430953e+03 2.186251623733415084e+00
5.874546772575251453e+03 2.243946641509598994e+00
5.894593896321070133e+03 2.215524461329406058e+00
5.914641020066888814e+03 2.107542081985850579e+00
5.934688143812709313e+03 1.885703588606009617e+00
5.954735267558527994e+03 1.571927739390695411e+00
5.974782391304348494e+03 1.388444311876564363e+00
5.994829515050167174e+03 1.293722330815922694e+00
6.014876638795985855e+03 1.282315306941291588e+00
6.034923762541806354e+03 1.211203511085441331e+00
6.054970886287625035e+03 1.167376247600452333e+00
6.075018010033445535e+03 1.199177073123517179e+00
6.095065133779264215e+03 1.265534842027198126e+00
6.115112257525082896e+03 1.233049423885470119e+00
6.135159381270903395e+03 1.142182417783372372e+00
6.155206505016722076e+03 1.155117242862327087e+00
6.175253628762541666e+03 1.326871622774447701e+00
6.195300752508361256e+03 1.455707278439035024e+00
6.215347876254179937e+03 1.427446345909189507e+00
6.235395000000000437e+03 1.346581359155024860e+00
6.255442123745819117e+03 1.231546658476281531e+00
6.275489247491638707e+03 1.188694069274911502e+00
6.295536371237458297e+03 1.178833197398521770e+00
6.315583494983276978e+03 1.209326527587221811e+00
6.335630618729097478e+03 1.301923873097977413e+00
6.355677742474916158e+03 1.455026144024697654e+00
6.375724866220735748e+03 1.603742052924764572e+00
6.395771989966555338e+03 1.795036833831192835e+00
6.415819113712374019e+03 1.936355491559506925e+00
6.435866237458194519e+03 2.048724415474224791e+00
6.455913361204013199e+03 2.169370571262754233e+00
6.475960484949832789e+03 2.183159319736931447e+00
6.496007608695652380e+03 2.173520969618021770e+00
6.516054732441471060e+03 2.163385185709831404e+00
6.536101856187291560e+03 2.143693196712154414e+00
6.556148979933110240e+03 2.114700564938749139e+00
6.576196103678929830e+03 2.084791559726007826e+00
6.596243227424749421e+03 1.998541104277455904e+00
6.616290351170568101e+03 1.855602364024420137e+00
6.636337474916388601e+03 1.660853475903029564e+00
6.656384598662207281e+03 1.519336574837042431e+00
6.676431722408025962e+03 1.382590839624425527e+00
6.696478846153846462e+03 1.238940540872080831e+00
6.716525969899665142e+03 1.150658912662674283e+00
6.736573093645485642e+03 1.099538600496959173e+00
6.756620217391304323e+03 1.000000000000000000e+00
6.776667341137123003e+03 9.423889526983363352e-01
6.796714464882943503e+03 8.386975051682405979e-01
6.816761588628762183e+03 8.239522949130685392e-01
6.836808712374581773e+03 8.577782945815678461e-01
6.856855836120401364e+03 8.604821438611376383e-01
6.876902959866220044e+03 8.634296900613275261e-01
6.896950083612040544e+03 8.765168536044144476e-01
6.916997207357859224e+03 8.503024681396953444e-01
6.937044331103678815e+03 8.528851889956327037e-01
6.957091454849498405e+03 8.296140903592077454e-01
6.977138578595317085e+03 7.734717556181723852e-01
6.997185702341137585e+03 7.586551653889768154e-01
7.017232826086956265e+03 7.444937274055534182e-01
7.037279949832775856e+03 7.302620097858461001e-01
7.057327073578595446e+03 7.025136013914272670e-01
7.077374197324414126e+03 6.610223295746200378e-01
7.097421321070234626e+03 6.457461328351246088e-01
7.117468444816053307e+03 6.973103526832946653e-01
7.137515568561872897e+03 7.688347599795257725e-01
7.157562692307692487e+03 7.984190590747296534e-01
7.177609816053511167e+03 8.569623206226374412e-01
7.197656939799331667e+03 8.719470343453844530e-01
7.217704063545150348e+03 8.930130358685357539e-01
7.237751187290969938e+03 9.003805322851871074e-01
7.257798311036789528e+03 9.203373933666245676e-01
7.277845434782608208e+03 9.096669365891486558e-01
7.297892558528428708e+03 9.537651929306286691e-01
7.317939682274247389e+03 9.783887380259929101e-01
7.337986806020066979e+03 1.051195155414744731e+00
7.358033929765886569e+03 1.056575837386429795e+00
7.378081053511705250e+03 1.113014766390488797e+00
7.398128177257524840e+03 1.139640708593976592e+00
7.418175301003344430e+03 1.139717559832613913e+00
7.438222424749164020e+03 1.082107242708989725e+00
7.458269548494983610e+03 1.014583845979164956e+00
7.478316672240802291e+03 9.246974689838622918e-01
7.498363795986621881e+03 6.962430149343313834e-01
7.518410919732441471e+03 5.670129110080910362e-01
7.538458043478261061e+03 4.823617736462681438e-01
7.558505167224080651e+03 6.563172853992543798e-01
7.578552290969899332e+03 8.753909190677962027e-01
7.598599414715718922e+03 9.845755531480331335e-01
7.618646538461538512e+03 1.056801482683300319e+00
7.638693662207358102e+03 1.077995792714137480e+00
7.658740785953177692e+03 1.117268783647516583e+00
7.678787909698996373e+03 1.143044068435206340e+00
7.698835033444815963e+03 1.125377045685049371e+00
7.718882157190635553e+03 1.107574209819579991e+00
7.738929280936455143e+03 1.077767246987832994e+00
7.758976404682274733e+03 1.044785835130179752e+00
7.779023528428093414e+03 9.618202681359795392e-01
7.799070652173913004e+03 9.406219218432028129e-01
7.819117775919732594e+03 9.612339351704126678e-01
7.839164899665551275e+03 9.008907441901558011e-01
7.859212023411370865e+03 8.577167770817557546e-01
7.879259147157190455e+03 8.055324129682540635e-01
7.899306270903010045e+03 8.115220634247248821e-01
7.919353394648829635e+03 7.275327665366867480e-01
7.939400518394648316e+03 7.011487160914445793e-01
7.959447642140467906e+03 6.559395602429740624e-01
7.979494765886287496e+03 6.195370817266372399e-01
7.999541889632107086e+03 5.960457938459133853e-01
8.019589013377926676e+03 5.534126858374099900e-01
8.039636137123745357e+03 5.240734223225649302e-01
8.059683260869564947e+03 4.897860870416032575e-01
8.079730384615384537e+03 4.869514197283086876e-01
8.099777508361204127e+03 5.216307942365586703e-01
8.119824632107023717e+03 4.736674068238058699e-01
8.139871755852842398e+03 4.638870370762502304e-01
8.159918879598661988e+03 3.934131734340783892e-01
8.179966003344481578e+03 3.328295256982510275e-01
8.200013127090300259e+03 2.275186943832514797e-01
8.220060250836120758e+03 1.899746392940768469e-01
8.240107374581939439e+03 1.860055537341669951e-01
8.260154498327759939e+03 1.763492810633834895e-01
8.280201622073578619e+03 2.006349141444491446e-01
8.300248745819397300e+03 2.778270068447932228e-01
8.320295869565217799e+03 2.993160016651303934e-01
8.340342993311036480e+03 3.088220475798613696e-01
8.360390117056856980e+03 2.767887921889771730e-01
8.380437240802675660e+03 3.151207053260240420e-01
8.400484364548494341e+03 3.373689056602671710e-01
8.420531488294314840e+03 5.128677616372291359e-01
8.440578612040133521e+03 6.467825799964804778e-01
8.460625735785954021e+03 7.396661552986464327e-01
8.480672859531772701e+03 7.805761445479917349e-01
8.500719983277591382e+03 7.925014731341941676e-01
8.520767107023411882e+03 8.637635031216327475e-01
8.540814230769230562e+03 8.923095093276592893e-01
8.560861354515051062e+03 9.357760952853135805e-01
8.580908478260869742e+03 9.344887914020075792e-01
8.600955602006688423e+03 9.525652614877084812e-01
8.621002725752507104e+03 9.673855026071005447e-01
8.641049849498327603e+03 9.645899348527038342e-01
8.661096973244148103e+03 9.904352153185509433e-01
8.681144096989966783e+03 9.850382868854914431e-01
8.701191220735785464e+03 1.009726701661666226e+00
8.721238344481604145e+03 1.022840151614167858e+00
8.741285468227424644e+03 1.060975342617790362e+00
8.761332591973245144e+03 1.076353216649259981e+00
8.781379715719063825e+03 1.086893194667655660e+00
8.801426839464882505e+03 1.077397959444451159e+00
8.821473963210701186e+03 1.011023132770463295e+00
8.841521086956521685e+03 9.340076040741013275e-01
8.861568210702342185e+03 8.477354866770497877e-01
8.881615334448160866e+03 8.439562068419143026e-01
8.901662458193979546e+03 7.978920125094098870e-01
8.921709581939798227e+03 8.443393843629982687e-01
8.941756705685618726e+03 7.736413394678024469e-01
8.961803829431439226e+03 7.077245169689725390e-01
8.981850953177257907e+03 6.808548778448649808e-01
9.001898076923076587e+03 6.847478552513641681e-01
9.021945200668895268e+03 6.401440446557418174e-01
9.041992324414715767e+03 6.473893579471482473e-01
9.062039448160536267e+03 6.404625239772212542e-01
9.082086571906354948e+03 6.758626505900933168e-01
9.102133695652173628e+03 6.508639433371219418e-01
9.122180819397992309e+03 6.263750165202780495e-01
9.142227943143812809e+03 5.963964618492927361e-01
9.162275066889633308e+03 5.240420246668745508e-01
9.182322190635451989e+03 4.488751242215389126e-01
9.202369314381270669e+03 3.692015649175737213e-01
9.222416438127089350e+03 3.599331329503527854e-01
