3.616403854166666861e+03 6.023501610383236171e-01
3.636471562499999891e+03 5.952242448636508865e-01
3.656539270833332921e+03 6.662852232458845725e-01
3.676606979166666861e+03 7.700621758060104405e-01
3.696674687499999891e+03 7.788124703801599935e-01
3.716742395833332921e+03 6.976301737070106368e-01
3.736810104166666861e+03 6.663002962945563379e-01
3.756877812499999891e+03 6.119388784757799904e-01
3.776945520833332921e+03 5.255462368886566482e-01
3.797013229166666861e+03 4.961195891523532686e-01
3.817080937499999891e+03 4.634119805164733097e-01
3.837148645833332921e+03 5.385292540327422106e-01
3.857216354166666861e+03 6.681871561200892762e-01
3.877284062499999891e+03 8.142364736800141722e-01
3.897351770833332921e+03 9.075099715147103563e-01
3.917419479166666861e+03 9.905990434955170842e-01
3.937487187499999891e+03 1.071926587184228952e+00
3.957554895833332921e+03 1.181921068369373939e+00
3.977622604166666861e+03 1.114856864770532585e+00
3.997690312499999891e+03 1.026339996625716289e+00
4.017758020833332921e+03 9.245415896078710283e-01
4.037825729166666861e+03 8.996725406164087779e-01
4.057893437499999891e+03 9.605000104471819178e-01
4.077961145833332921e+03 9.347269423676267674e-01
4.098028854166666861e+03 9.099415487962926319e-01
4.118096562499999891e+03 8.957763654388924968e-01
4.138164270833332921e+03 8.705622215968927824e-01
4.158231979166666861e+03 8.952286940118103775e-01
4.178299687499999891e+03 9.776447197187391192e-01
4.198367395833332921e+03 9.856736043231861810e-01
4.218435104166666861e+03 9.919386996782375565e-01
4.238502812499999891e+03 9.904104224830008185e-01
4.258570520833332921e+03 9.830425343761666213e-01
4.278638229166666861e+03 1.052983221409883097e+00
4.298705937499999891e+03 1.133040938712048584e+00
4.318773645833332921e+03 1.172589733756945085e+00
4.338841354166666861e+03 1.088579941057103095e+00
4.358909062499999891e+03 9.992736089940984501e-01
4.378976770833332921e+03 8.840494036322307236e-01
4.399044479166666861e+03 7.941292606440935042e-01
4.419112187499999891e+03 7.428912383902441796e-01
4.439179895833332921e+03 7.529921041133936788e-01
4.459247604166666861e+03 7.657229309615907198e-01
4.479315312499999891e+03 8.116808382777264130e-01
4.499383020833332921e+03 8.828251688865805802e-01
4.519450729166666861e+03 1.038504804508276314e+00
4.539518437499999891e+03 1.345101893289260664e+00
4.559586145833332921e+03 1.679483626459084222e+00
4.579653854166666861e+03 1.837789723486481730e+00
4.599721562499999891e+03 1.898238963747654884e+00
4.619789270833332921e+03 2.056166805217437332e+00
4.639856979166666861e+03 1.988648616985413398e+00
4.659924687499999891e+03 1.649085861178885004e+00
4.679992395833332921e+03 1.346299265090122876e+00
4.700060104166666861e+03 1.137384601519009886e+00
4.720127812499999891e+03 1.030494856504056811e+00
4.740195520833332921e+03 9.472422506078337356e-01
4.760263229166666861e+03 9.174792685808329518e-01
4.780330937499999891e+03 1.015277028601057951e+00
4.800398645833332921e+03 1.201047149689219218e+00
4.820466354166666861e+03 1.323879508543768013e+00
4.840534062499999891e+03 1.232539432394726298e+00
4.860601770833332921e+03 1.242886378631448352e+00
4.880669479166666861e+03 1.352211538491524978e+00
4.900737187499999891e+03 1.509795116727248310e+00
4.920804895833332921e+03 1.684426780794940237e+00
4.940872604166666861e+03 1.758403692418745390e+00
4.960940312499999891e+03 1.653847749110456400e+00
4.981008020833332921e+03 1.414003371581108004e+00
5.001075729166666861e+03 1.237694389052434341e+00
5.021143437499999891e+03 1.109346963804620723e+00
5.041211145833332921e+03 9.977813511875849306e-01
5.061278854166666861e+03 9.400810711719215229e-01
5.081346562499999891e+03 8.899602897686438308e-01
5.101414270833332921e+03 8.621291887092680239e-01
5.121481979166666861e+03 8.400784619752202920e-01
5.141549687499999891e+03 8.467270278162200015e-01
5.161617395833332921e+03 9.015019669288996118e-01
5.181685104166666861e+03 9.694433439963894283e-01
5.201752812499999891e+03 1.099871967445541499e+00
5.221820520833332921e+03 1.304146341007039744e+00
5.241888229166666861e+03 1.440025794664119729e+00
5.261955937499999891e+03 1.539199048339683129e+00
5.282023645833332921e+03 1.707114603715516932e+00
5.302091354166666861e+03 1.764455755352570154e+00
5.322159062499999891e+03 1.706848980214700440e+00
5.342226770833332921e+03 1.633040938712049028e+00
5.362294479166666861e+03 1.603324137387616144e+00
5.382362187499999891e+03 1.708613203835203764e+00
5.402429895833332921e+03 1.873320953336024886e+00
5.422497604166666861e+03 1.993261775507419120e+00
5.442565312499999891e+03 2.047690398332858486e+00
5.462633020833332921e+03 2.040185371471126885e+00
5.482700729166666861e+03 2.016518424099247753e+00
5.502768437499999891e+03 1.958840155932248139e+00
5.522836145833332921e+03 1.891817507169313517e+00
5.542903854166666861e+03 1.805439556607042473e+00
5.562971562499999891e+03 1.683323667524305955e+00
5.583039270833332921e+03 1.548416269578460902e+00
5.603106979166666861e+03 1.459354458748132632e+00
5.623174687499999891e+03 1.345594314196556285e+00
5.643242395833332921e+03 1.230287025150889058e+00
5.663310104166666861e+03 1.142370999911744844e+00
5.683377812499999891e+03 1.075739797480300242e+00
5.703445520833332921e+03 1.014298293969980280e+00
5.723513229166666861e+03 1.000726391005901661e+00
5.743580937499999891e+03 1.081776590599053955e+00
5.763648645833332921e+03 1.203132850004766219e+00
5.783716354166666861e+03 1.300007099925684528e+00
5.803784062499999891e+03 1.406310945143562696e+00
5.823851770833332921e+03 1.557423481668418264e+00
5.843919479166666861e+03 1.652008265436179624e+00
5.863987187499999891e+03 1.692128536929853544e+00
5.884054895833332921e+03 1.654147131042694951e+00
5.904122604166666861e+03 1.596117089105314912e+00
5.924190312499999891e+03 1.498308699986974801e+00
5.944258020833332921e+03 1.329414254051973554e+00
5.964325729166666861e+03 1.181713112273734323e+00
5.984393437499999891e+03 1.166101412491183487e+00
6.004461145833332921e+03 1.189122607192505399e+00
6.024528854166666861e+03 1.126186469828590608e+00
6.044596562499999891e+03 1.037840628810167809e+00
6.064664270833332921e+03 1.030034738699345809e+00
6.084731979166666861e+03 1.036716543211468000e+00
6.104799687499999891e+03 9.265107534767547115e-01
6.124867395833332921e+03 7.966222649303484893e-01
6.144935104166666861e+03 7.217625404386507348e-01
6.165002812499999891e+03 7.088190536641073569e-01
6.185070520833332921e+03 7.528537699098082348e-01
6.205138229166666861e+03 8.343252352253197612e-01
6.225205937499999891e+03 8.591867996684763309e-01
6.245273645833332921e+03 8.693403950739614361e-01
6.265341354166666861e+03 9.279911755987447775e-01
6.285409062499999891e+03 1.001678721813789030e+00
6.305476770833332921e+03 1.105561913379035754e+00
6.325544479166666861e+03 1.207917503437434981e+00
6.345612187499999891e+03 1.346171637948697652e+00
6.365679895833332921e+03 1.444289336420986558e+00
6.385747604166666861e+03 1.519164471805551031e+00
6.405815312499999891e+03 1.548463515789642253e+00
6.425883020833332921e+03 1.580296417219492211e+00
6.445950729166666861e+03 1.610304388263438469e+00
6.466018437499999891e+03 1.625089021945215650e+00
6.486086145833332921e+03 1.610125512756529487e+00
6.506153854166666861e+03 1.613528513374316464e+00
6.526221562499999891e+03 1.573748736852533803e+00
6.546289270833332921e+03 1.529943624718926865e+00
6.566356979166666861e+03 1.470839994370946924e+00
6.586424687499999891e+03 1.395038071922143352e+00
6.606492395833332921e+03 1.276790966649164583e+00
6.626560104166666861e+03 1.173339020204018590e+00
6.646627812499999891e+03 1.068000811657683125e+00
6.666695520833332921e+03 9.940014723769755589e-01
6.686763229166666861e+03 9.160302288431828588e-01
6.706830937499999891e+03 8.539575952520521707e-01
6.726898645833332921e+03 7.982799624400419569e-01
6.746966354166666861e+03 7.528380991367924491e-01
6.767034062499999891e+03 7.128355273628331767e-01
6.787101770833332921e+03 6.844727276053740317e-01
6.807169479166666861e+03 6.589004169413167356e-01
6.827237187499999891e+03 6.409866703313233938e-01
6.847304895833332921e+03 6.435977641575169050e-01
6.867372604166666861e+03 6.221171649705180551e-01
6.887440312499999891e+03 6.336550874813758893e-01
6.907508020833332921e+03 6.379592485056111428e-01
6.927575729166666861e+03 6.380849785219451231e-01
6.947643437499999891e+03 6.258003399024452129e-01
6.967711145833332921e+03 6.032109335944887407e-01
6.987778854166666861e+03 5.855467239040569316e-01
7.007846562499999891e+03 5.835178395768154669e-01
7.027914270833332921e+03 5.874518273160855841e-01
7.047981979166666861e+03 5.867614297108917354e-01
7.068049687499999891e+03 5.820356651201027409e-01
7.088117395833332921e+03 5.906761603310831665e-01
7.108185104166666861e+03 6.351508796579228289e-01
7.128252812499999891e+03 6.762266005212779207e-01
7.148320520833332921e+03 7.085140843086549234e-01
7.168388229166666861e+03 7.114008713726964750e-01
7.188455937499999891e+03 6.882540617448208442e-01
7.208523645833332921e+03 6.801721529272017897e-01
7.228591354166666861e+03 6.679759775105956754e-01
7.248659062499999891e+03 6.744219407870356564e-01
7.268726770833332921e+03 6.977158302042898441e-01
7.288794479166666861e+03 7.247115304352401699e-01
7.308862187499999891e+03 7.204627758588805220e-01
7.328929895833332921e+03 7.567678768176409054e-01
7.348997604166666861e+03 7.430538453997940218e-01
7.369065312499999891e+03 7.243706196551099596e-01
7.389133020833332921e+03 7.182760403288254158e-01
7.409200729166666861e+03 7.031533285605476857e-01
7.429268437499999891e+03 6.874977845217254968e-01
7.449336145833332921e+03 6.305322079641744182e-01
