      3500.00    0.0233850
      3505.00    0.0548000
      3510.00   0.00950452
      3515.00  -0.00886175
      3520.00    0.0335194
      3525.00    0.0170829
      3530.00    0.0177600
      3535.00    0.0315779
      3540.00   0.00800737
      3545.00    0.0362827
      3550.00    0.0263980
      3555.00    0.0309954
      3560.00    0.0521980
      3565.00    0.0251099
      3570.00    0.0170600
      3575.00    0.0204415
      3580.00    0.0261298
      3585.00    0.0162808
      3590.00   0.00318506
      3595.00   0.00852501
      3600.00    0.0177530
      3605.00    0.0279909
      3610.00    0.0114496
      3615.00    0.0210476
      3620.00    0.0276638
      3625.00    0.0168279
      3630.00    0.0279397
      3635.00    0.0120285
      3640.00    0.0237249
      3645.00   0.00685327
      3650.00    0.0205340
      3655.00    0.0178327
      3660.00    0.0325152
      3665.00    0.0217400
      3670.00   0.00202250
      3675.00    0.0280041
      3680.00    0.0217948
      3685.00    0.0163369
      3690.00    0.0118893
      3695.00   0.00844501
      3700.00    0.0287057
      3705.00    0.0398562
      3710.00    0.0162535
      3715.00    0.0215611
      3720.00    0.0364477
      3725.00  0.000274868
      3730.00    0.0168524
      3735.00    0.0336695
      3740.00    0.0316611
      3745.00    0.0438212
      3750.00    0.0268337
      3755.00    0.0406660
      3760.00    0.0305161
      3765.00    0.0373656
      3770.00    0.0169225
      3775.00    0.0248043
      3780.00    0.0364330
      3785.00    0.0196356
      3790.00    0.0224623
      3795.00    0.0251742
      3800.00    0.0278695
      3805.00    0.0281731
      3810.00    0.0316465
      3815.00    0.0311520
      3820.00    0.0301462
      3825.00    0.0357066
      3830.00    0.0261778
      3835.00    0.0865066
      3840.00    0.0458493
      3845.00    0.0130504
      3850.00    0.0229205
      3855.00    0.0328801
      3860.00    0.0406480
      3865.00    0.0283053
      3870.00    0.0225967
      3875.00    0.0151520
      3880.00    0.0237744
      3885.00    0.0374254
      3890.00    0.0190314
      3895.00    0.0351632
      3900.00    0.0206715
      3905.00    0.0260592
      3910.00    0.0204624
      3915.00    0.0501462
      3920.00    0.0367740
      3925.00   0.00263302
      3930.00    0.0103843
      3935.00    0.0277345
      3940.00    0.0291900
      3945.00    0.0174839
      3950.00    0.0156102
      3955.00    0.0145560
      3960.00    0.0243918
      3965.00    0.0161854
      3970.00    0.0333084
      3975.00    0.0294699
      3980.00    0.0333226
      3985.00    0.0293608
      3990.00    0.0272716
      3995.00    0.0315029
      4000.00    0.0316657
      4005.00   0.00813174
      4010.00    0.0254374
      4015.00    0.0467226
      4020.00    0.0261448
      4025.00    0.0333618
      4030.00    0.0377856
      4035.00    0.0238952
      4040.00    0.0268361
      4045.00    0.0276345
      4050.00    0.0321244
      4055.00    0.0590400
      4060.00    0.0433527
      4065.00    0.0479519
      4070.00    0.0405141
      4075.00    0.0362492
      4080.00    0.0389795
      4085.00    0.0539852
      4090.00    0.0373883
      4095.00    0.0475078
      4100.00    0.0525722
      4105.00    0.0464747
      4110.00    0.0497593
      4115.00    0.0716136
      4120.00    0.0462416
      4125.00    0.0479653
      4130.00    0.0568322
      4135.00    0.0522236
      4140.00    0.0596127
      4145.00    0.0533719
      4150.00    0.0361618
      4155.00    0.0587983
      4160.00    0.0465436
      4165.00    0.0316722
      4170.00    0.0448792
      4175.00    0.0466000
      4180.00    0.0323687
      4185.00    0.0461837
      4190.00    0.0501702
      4195.00    0.0447488
      4200.00    0.0378180
      4205.00    0.0620910
      4210.00    0.0321005
      4215.00    0.0420864
      4220.00    0.0417963
      4225.00    0.0358658
      4230.00    0.0498385
      4235.00    0.0456248
      4240.00    0.0289935
      4245.00    0.0487104
      4250.00    0.0382744
      4255.00    0.0546461
      4260.00    0.0392957
      4265.00    0.0560762
      4270.00    0.0441971
      4275.00    0.0361264
      4280.00    0.0409768
      4285.00    0.0361612
      4290.00    0.0233162
      4295.00    0.0290333
      4300.00    0.0229822
      4305.00    0.0309046
      4310.00    0.0314814
      4315.00    0.0306543
      4320.00    0.0242550
      4325.00    0.0375307
      4330.00    0.0233636
      4335.00    0.0195779
      4340.00    0.0291601
      4345.00    0.0238674
      4350.00    0.0160766
      4355.00    0.0161494
      4360.00   0.00486946
      4365.00    0.0375739
      4370.00    0.0185689
      4375.00    0.0224667
      4380.00    0.0230680
      4385.00    0.0251299
      4390.00    0.0313793
      4395.00    0.0413215
      4400.00    0.0140305
      4405.00    0.0223756
      4410.00    0.0317380
      4415.00    0.0239634
      4420.00    0.0356205
      4425.00    0.0226192
      4430.00    0.0253449
      4435.00    0.0345284
      4440.00    0.0308314
      4445.00    0.0461001
      4450.00    0.0432886
      4455.00    0.0427439
      4460.00    0.0361179
      4465.00    0.0352794
      4470.00    0.0247514
      4475.00    0.0308058
      4480.00    0.0359961
      4485.00    0.0313641
      4490.00    0.0297502
      4495.00    0.0315888
      4500.00    0.0264628
      4505.00    0.0404577
      4510.00    0.0360425
      4515.00    0.0306300
      4520.00    0.0345751
      4525.00    0.0414749
      4530.00    0.0252198
      4535.00    0.0318499
      4540.00    0.0315978
      4545.00    0.0321035
      4550.00    0.0355281
      4555.00    0.0359634
      4560.00    0.0186321
      4565.00    0.0390084
      4570.00    0.0210430
      4575.00    0.0252594
      4580.00    0.0251686
      4585.00    0.0316671
      4590.00    0.0360058
      4595.00    0.0323734
      4600.00    0.0261423
      4605.00    0.0378064
      4610.00    0.0340941
      4615.00    0.0360284
      4620.00    0.0394403
      4625.00    0.0507786
      4630.00    0.0463970
      4635.00    0.0447938
      4640.00    0.0495718
      4645.00    0.0594572
      4650.00    0.0539689
      4655.00    0.0583481
      4660.00    0.0675205
      4665.00    0.0594092
      4670.00    0.0675554
      4675.00    0.0590751
      4680.00    0.0481103
      4685.00    0.0694071
      4690.00    0.0664306
      4695.00    0.0640627
      4700.00    0.0557585
      4705.00    0.0575631
      4710.00    0.0613989
      4715.00    0.0591537
      4720.00    0.0551847
      4725.00    0.0696280
      4730.00    0.0795510
      4735.00    0.0736269
      4740.00    0.0765006
      4745.00    0.0612341
      4750.00    0.0688622
      4755.00    0.0763446
      4760.00    0.0715091
      4765.00    0.0806204
      4770.00    0.0549791
      4775.00    0.0650871
      4780.00    0.0563817
      4785.00    0.0569074
      4790.00    0.0627598
      4795.00    0.0622918
      4800.00    0.0547014
      4805.00    0.0471928
      4810.00    0.0474184
      4815.00    0.0676672
      4820.00    0.0590320
      4825.00    0.0595841
      4830.00    0.0542255
      4835.00    0.0639056
      4840.00    0.0429676
      4845.00    0.0388146
      4850.00    0.0359011
      4855.00    0.0469909
      4860.00    0.0297984
      4865.00    0.0338180
      4870.00    0.0289863
      4875.00    0.0391390
      4880.00    0.0384493
      4885.00    0.0241827
      4890.00    0.0362130
      4895.00    0.0343365
      4900.00    0.0335783
      4905.00    0.0379809
      4910.00    0.0342116
      4915.00    0.0568387
      4920.00    0.0461445
      4925.00    0.0406216
      4930.00    0.0597037
      4935.00    0.0550896
      4940.00    0.0737486
      4945.00    0.0497898
      4950.00    0.0473240
      4955.00    0.0580701
      4960.00    0.0566117
      4965.00    0.0517651
      4970.00    0.0640920
      4975.00    0.0629076
      4980.00    0.0799778
      4985.00    0.0695737
      4990.00    0.0639713
      4995.00    0.0835112
      5000.00    0.0867380
      5005.00    0.0760727
      5010.00    0.0718672
      5015.00    0.0851125
      5020.00    0.0636718
      5025.00    0.0636334
      5030.00    0.0626730
      5035.00    0.0633062
      5040.00    0.0508202
      5045.00    0.0473164
      5050.00    0.0544608
      5055.00    0.0535992
      5060.00    0.0472820
      5065.00    0.0533251
      5070.00    0.0548249
      5075.00    0.0568818
      5080.00    0.0453303
      5085.00    0.0539784
      5090.00    0.0577375
      5095.00    0.0737753
      5100.00    0.0725765
      5105.00    0.0623238
      5110.00    0.0676989
      5115.00    0.0718167
      5120.00    0.0658856
      5125.00    0.0678887
      5130.00    0.0650137
      5135.00    0.0603191
      5140.00    0.0625398
      5145.00    0.0668300
      5150.00    0.0694318
      5155.00    0.0557940
      5160.00    0.0516971
      5165.00    0.0446521
      5170.00    0.0441888
      5175.00    0.0448866
      5180.00    0.0475482
      5185.00    0.0315268
      5190.00    0.0393381
      5195.00    0.0373694
      5200.00    0.0343417
      5205.00    0.0422395
      5210.00    0.0292306
      5215.00    0.0455658
      5220.00    0.0384682
      5225.00    0.0322468
      5230.00    0.0267823
      5235.00    0.0323190
      5240.00    0.0389454
      5245.00    0.0458902
      5250.00    0.0520819
      5255.00    0.0371796
      5260.00    0.0429940
      5265.00    0.0437715
      5270.00    0.0407245
      5275.00    0.0407865
      5280.00    0.0542872
      5285.00    0.0528146
      5290.00    0.0559665
      5295.00    0.0407002
      5300.00    0.0437943
      5305.00    0.0488411
      5310.00    0.0329482
      5315.00    0.0571878
      5320.00    0.0529184
      5325.00    0.0495869
      5330.00    0.0442565
      5335.00    0.0375407
      5340.00    0.0431970
      5345.00    0.0421752
      5350.00    0.0463954
      5355.00    0.0527467
      5360.00    0.0603484
      5365.00    0.0533164
      5370.00    0.0639260
      5375.00    0.0462536
      5380.00    0.0593104
      5385.00    0.0492010
      5390.00    0.0559856
      5395.00    0.0457620
      5400.00    0.0446145
      5405.00    0.0503788
      5410.00    0.0632874
      5415.00    0.0615776
      5420.00    0.0509023
      5425.00    0.0419015
      5430.00    0.0519879
      5435.00    0.0503566
      5440.00    0.0462775
      5445.00    0.0585387
      5450.00    0.0614770
      5455.00    0.0421440
      5460.00    0.0452571
      5465.00    0.0669615
      5470.00    0.0623302
      5475.00    0.0534222
      5480.00    0.0682513
      5485.00    0.0625429
      5490.00    0.0668727
      5495.00    0.0715857
      5500.00    0.0683970
      5505.00    0.0669899
      5510.00    0.0664468
      5515.00    0.0564193
      5520.00    0.0640330
      5525.00    0.0592339
      5530.00    0.0721502
      5535.00    0.0660888
      5540.00    0.0525545
      5545.00    0.0645148
      5550.00    0.0560090
      5555.00    0.0457807
      5560.00    0.0355441
      5565.00    0.0502435
      5570.00    0.0479951
      5575.00    0.0679285
      5580.00    0.0760839
      5585.00    0.0599979
      5590.00    0.0625677
      5595.00    0.0607839
      5600.00    0.0624004
      5605.00    0.0696565
      5610.00    0.0681875
      5615.00    0.0744811
      5620.00    0.0817696
      5625.00    0.0788780
      5630.00    0.0691624
      5635.00    0.0750671
      5640.00    0.0683388
      5645.00    0.0589494
      5650.00    0.0737794
      5655.00    0.0703361
      5660.00    0.0606037
      5665.00    0.0641166
      5670.00    0.0674383
      5675.00    0.0670540
      5680.00    0.0629325
      5685.00    0.0578186
      5690.00    0.0532594
      5695.00    0.0540080
      5700.00    0.0558236
      5705.00    0.0652865
      5710.00    0.0632089
      5715.00    0.0531417
      5720.00    0.0486347
      5725.00    0.0541716
      5730.00    0.0585369
      5735.00    0.0552914
      5740.00    0.0538560
      5745.00    0.0632636
      5750.00    0.0687403
      5755.00    0.0676649
      5760.00    0.0733581
      5765.00    0.0696250
      5770.00    0.0702006
      5775.00    0.0704135
      5780.00    0.0714361
      5785.00    0.0754556
      5790.00    0.0704877
      5795.00    0.0689585
      5800.00    0.0657594
      5805.00    0.0659515
      5810.00    0.0740084
      5815.00    0.0688953
      5820.00    0.0667343
      5825.00    0.0693979
      5830.00    0.0634696
      5835.00    0.0707432
      5840.00    0.0745087
      5845.00    0.0702355
      5850.00    0.0747573
      5855.00    0.0771290
      5860.00    0.0648253
      5865.00    0.0625442
      5870.00    0.0532017
      5875.00    0.0508860
      5880.00    0.0641063
      5885.00    0.0625920
      5890.00    0.0343876
      5895.00    0.0384344
      5900.00    0.0495637
      5905.00    0.0512205
      5910.00    0.0649618
      5915.00    0.0668253
      5920.00    0.0637929
      5925.00    0.0635204
      5930.00    0.0588576
      5935.00    0.0536214
      5940.00    0.0575483
      5945.00    0.0568260
      5950.00    0.0514889
      5955.00    0.0589203
      5960.00    0.0546611
      5965.00    0.0579210
      5970.00    0.0605544
      5975.00    0.0564293
      5980.00    0.0570169
      5985.00    0.0632266
      5990.00    0.0630270
      5995.00    0.0605883
      6000.00    0.0600598
      6005.00    0.0571590
      6010.00    0.0633481
      6015.00    0.0617139
      6020.00    0.0695876
      6025.00    0.0721437
      6030.00    0.0680391
      6035.00    0.0528387
      6040.00    0.0552629
      6045.00    0.0665682
      6050.00    0.0666194
      6055.00    0.0669989
      6060.00    0.0678586
      6065.00    0.0622587
      6070.00    0.0603715
      6075.00    0.0568353
      6080.00    0.0611483
      6085.00    0.0702039
      6090.00    0.0664222
      6095.00    0.0649145
      6100.00    0.0580975
      6105.00    0.0597488
      6110.00    0.0673723
      6115.00    0.0639254
      6120.00    0.0628886
      6125.00    0.0565292
      6130.00    0.0608012
      6135.00    0.0584507
      6140.00    0.0618732
      6145.00    0.0611205
      6150.00    0.0647226
      6155.00    0.0620283
      6160.00    0.0593961
      6165.00    0.0606759
      6170.00    0.0589387
      6175.00    0.0700395
      6180.00    0.0715056
      6185.00    0.0637405
      6190.00    0.0508018
      6195.00    0.0531023
      6200.00    0.0644296
      6205.00    0.0609981
      6210.00    0.0592471
      6215.00    0.0590343
      6220.00    0.0583590
      6225.00    0.0638243
      6230.00    0.0604770
      6235.00    0.0574500
      6240.00    0.0555621
      6245.00    0.0613736
      6250.00    0.0696768
      6255.00    0.0664231
      6260.00    0.0578477
      6265.00    0.0548899
      6270.00    0.0548432
      6275.00    0.0525038
      6280.00    0.0545130
      6285.00    0.0619217
      6290.00    0.0655554
      6295.00    0.0595457
      6300.00    0.0567957
      6305.00    0.0555669
      6310.00    0.0530759
      6315.00    0.0565445
      6320.00    0.0537753
      6325.00    0.0543243
      6330.00    0.0557133
      6335.00    0.0550548
      6340.00    0.0589000
      6345.00    0.0531727
      6350.00    0.0581013
      6355.00    0.0594037
      6360.00    0.0528699
      6365.00    0.0593371
      6370.00    0.0655870
      6375.00    0.0618066
      6380.00    0.0530008
      6385.00    0.0493006
      6390.00    0.0522380
      6395.00    0.0565131
      6400.00    0.0542962
      6405.00    0.0515307
      6410.00    0.0533622
      6415.00    0.0534743
      6420.00    0.0553059
      6425.00    0.0492735
      6430.00    0.0490136
      6435.00    0.0502094
      6440.00    0.0507185
      6445.00    0.0505062
      6450.00    0.0501084
      6455.00    0.0525965
      6460.00    0.0560657
      6465.00    0.0606177
      6470.00    0.0528853
      6475.00    0.0464871
      6480.00    0.0542553
      6485.00    0.0579815
      6490.00    0.0550808
      6495.00    0.0551932
      6500.00    0.0551391
      6505.00    0.0614728
      6510.00    0.0603664
      6515.00    0.0508870
      6520.00    0.0487140
      6525.00    0.0456761
      6530.00    0.0445903
      6535.00    0.0389478
      6540.00    0.0334363
      6545.00    0.0326454
      6550.00    0.0375267
      6555.00    0.0370095
      6560.00    0.0300563
      6565.00    0.0249299
      6570.00    0.0277268
      6575.00    0.0268724
      6580.00    0.0270908
      6585.00    0.0309009
      6590.00    0.0344946
      6595.00    0.0368806
      6600.00    0.0402633
      6605.00    0.0389398
      6610.00    0.0409955
      6615.00    0.0528825
      6620.00    0.0592481
      6625.00    0.0580629
      6630.00    0.0608996
      6635.00    0.0662999
      6640.00    0.0717201
      6645.00    0.0751303
      6650.00    0.0742064
      6655.00    0.0834041
      6660.00    0.0884114
      6665.00    0.0880719
      6670.00    0.0944428
      6675.00     0.107023
      6680.00     0.107407
      6685.00    0.0995685
      6690.00     0.101447
      6695.00     0.114541
      6700.00     0.110219
      6705.00     0.111046
      6710.00     0.112720
      6715.00     0.112220
      6720.00     0.112467
      6725.00     0.111649
      6730.00     0.112191
      6735.00     0.110543
      6740.00     0.113807
      6745.00     0.121110
      6750.00     0.123213
      6755.00     0.113424
      6760.00     0.111496
      6765.00     0.112676
      6770.00     0.109110
      6775.00     0.107382
      6780.00     0.103449
      6785.00    0.0952097
      6790.00    0.0919797
      6795.00    0.0934756
      6800.00    0.0934563
      6805.00    0.0905133
      6810.00    0.0917881
      6815.00    0.0865465
      6820.00    0.0827451
      6825.00    0.0866473
      6830.00    0.0842346
      6835.00    0.0806486
      6840.00    0.0813144
      6845.00    0.0816998
      6850.00    0.0782442
      6855.00    0.0799142
      6860.00    0.0792288
      6865.00    0.0766021
      6870.00    0.0718919
      6875.00    0.0672925
      6880.00    0.0696396
      6885.00    0.0707863
      6890.00    0.0682659
      6895.00    0.0649268
      6900.00    0.0651044
      6905.00    0.0673245
      6910.00    0.0653732
      6915.00    0.0620445
      6920.00    0.0634181
      6925.00    0.0616677
      6930.00    0.0596101
      6935.00    0.0567241
      6940.00    0.0549420
      6945.00    0.0630723
      6950.00    0.0626463
      6955.00    0.0562615
      6960.00    0.0587640
      6965.00    0.0612530
      6970.00    0.0611412
      6975.00    0.0581503
      6980.00    0.0564231
      6985.00    0.0587857
      6990.00    0.0581086
      6995.00    0.0522326
      7000.00    0.0507870
      7005.00    0.0556895
      7010.00    0.0499253
      7015.00    0.0485136
      7020.00    0.0556315
      7025.00    0.0523681
      7030.00    0.0494043
      7035.00    0.0505850
      7040.00    0.0549741
      7045.00    0.0539251
      7050.00    0.0520505
      7055.00    0.0502333
      7060.00    0.0469231
      7065.00    0.0561941
      7070.00    0.0505137
      7075.00    0.0426671
      7080.00    0.0507218
      7085.00    0.0539011
      7090.00    0.0518507
      7095.00    0.0494270
      7100.00    0.0509369
      7105.00    0.0527859
      7110.00    0.0535522
      7115.00    0.0554233
      7120.00    0.0547366
      7125.00    0.0529087
      7130.00    0.0515330
      7135.00    0.0535434
      7140.00    0.0553909
      7145.00    0.0566444
      7150.00    0.0539810
      7155.00    0.0526623
      7160.00    0.0542461
      7165.00    0.0530155
      7170.00    0.0529919
      7175.00    0.0570640
      7180.00    0.0562541
      7185.00    0.0529101
      7190.00    0.0527443
      7195.00    0.0516462
      7200.00    0.0506461
      7205.00    0.0481177
      7210.00    0.0535339
      7215.00    0.0527838
      7220.00    0.0531346
      7225.00    0.0480601
      7230.00    0.0502790
      7235.00    0.0527643
      7240.00    0.0454635
      7245.00    0.0504334
      7250.00    0.0522748
      7255.00    0.0478214
      7260.00    0.0492048
      7265.00    0.0447169
      7270.00    0.0457932
      7275.00    0.0471889
      7280.00    0.0471309
      7285.00    0.0538557
      7290.00    0.0522992
      7295.00    0.0481890
      7300.00    0.0493167
      7305.00    0.0509403
      7310.00    0.0534168
      7315.00    0.0531481
      7320.00    0.0520926
      7325.00    0.0501477
      7330.00    0.0485450
      7335.00    0.0481196
      7340.00    0.0481891
      7345.00    0.0528413
      7350.00    0.0527545
      7355.00    0.0521404
      7360.00    0.0504597
      7365.00    0.0460017
      7370.00    0.0441569
      7375.00    0.0460349
      7380.00    0.0470777
      7385.00    0.0450335
      7390.00    0.0508850
      7395.00    0.0525573
      7400.00    0.0490514
      7405.00    0.0526068
      7410.00    0.0491311
      7415.00    0.0423729
      7420.00    0.0473170
      7425.00    0.0496196
      7430.00    0.0468148
      7435.00    0.0487052
      7440.00    0.0521576
      7445.00    0.0498258
      7450.00    0.0478156
      7455.00    0.0483377
      7460.00    0.0508017
      7465.00    0.0518984
      7470.00    0.0481429
      7475.00    0.0484168
      7480.00    0.0492248
      7485.00    0.0475419
      7490.00    0.0485315
      7495.00    0.0452994
      7500.00    0.0459791
      7505.00    0.0445978
      7510.00    0.0435840
      7515.00    0.0465676
      7520.00    0.0467976
      7525.00    0.0455270
      7530.00    0.0439475
      7535.00    0.0446557
      7540.00    0.0487046
      7545.00    0.0466152
      7550.00    0.0459993
      7555.00    0.0484447
      7560.00    0.0481926
      7565.00    0.0537159
      7570.00    0.0497668
      7575.00    0.0525329
      7580.00    0.0514520
      7585.00    0.0498071
      7590.00    0.0480061
      7595.00    0.0380821
      7600.00    0.0508948
      7605.00    0.0456193
      7610.00    0.0419992
      7615.00    0.0455596
      7620.00    0.0404784
      7625.00    0.0407584
      7630.00    0.0445618
      7635.00    0.0513866
      7640.00    0.0513955
      7645.00    0.0463679
      7650.00    0.0516799
      7655.00    0.0548949
      7660.00    0.0515493
      7665.00    0.0462449
      7670.00    0.0456383
      7675.00    0.0502794
      7680.00    0.0498926
      7685.00    0.0449889
      7690.00    0.0453002
      7695.00    0.0483880
      7700.00    0.0466818
      7705.00    0.0430933
      7710.00    0.0468873
      7715.00    0.0505265
      7720.00    0.0475765
      7725.00    0.0446273
      7730.00    0.0425588
      7735.00    0.0399318
      7740.00    0.0415015
      7745.00    0.0488985
      7750.00    0.0459240
      7755.00    0.0352695
      7760.00    0.0393718
      7765.00    0.0404743
      7770.00    0.0405556
      7775.00    0.0429062
      7780.00    0.0372767
      7785.00    0.0469037
      7790.00    0.0475740
      7795.00    0.0447685
      7800.00    0.0396893
      7805.00    0.0347365
      7810.00    0.0358649
      7815.00    0.0355607
      7820.00    0.0294262
      7825.00    0.0303029
      7830.00    0.0320168
      7835.00    0.0277045
      7840.00    0.0302157
      7845.00    0.0326129
      7850.00    0.0300976
      7855.00    0.0356470
      7860.00    0.0381407
      7865.00    0.0348162
      7870.00    0.0370266
      7875.00    0.0396889
      7880.00    0.0373812
      7885.00    0.0406080
      7890.00    0.0372915
      7895.00    0.0360950
      7900.00    0.0463098
      7905.00    0.0480383
      7910.00    0.0434150
      7915.00    0.0378394
      7920.00    0.0446552
      7925.00    0.0507174
      7930.00    0.0442191
      7935.00    0.0466008
      7940.00    0.0371247
      7945.00    0.0389268
      7950.00    0.0433142
      7955.00    0.0486657
      7960.00    0.0496112
      7965.00    0.0484799
      7970.00    0.0410434
      7975.00    0.0402653
      7980.00    0.0420615
      7985.00    0.0441512
      7990.00    0.0399516
      7995.00    0.0389177
      8000.00    0.0380754
      8005.00    0.0416593
      8010.00    0.0450556
      8015.00    0.0450567
      8020.00    0.0458494
      8025.00    0.0473596
      8030.00    0.0457494
      8035.00    0.0413446
      8040.00    0.0406103
      8045.00    0.0445078
      8050.00    0.0420932
      8055.00    0.0410225
      8060.00    0.0424245
      8065.00    0.0427159
      8070.00    0.0463551
      8075.00    0.0454206
      8080.00    0.0389087
      8085.00    0.0395220
      8090.00    0.0394654
      8095.00    0.0426313
      8100.00    0.0443957
      8105.00    0.0420487
      8110.00    0.0446803
      8115.00    0.0457205
      8120.00    0.0403661
      8125.00    0.0425569
      8130.00    0.0444399
      8135.00    0.0458650
      8140.00    0.0461765
      8145.00    0.0469040
      8150.00    0.0433400
      8155.00    0.0478188
      8160.00    0.0515873
      8165.00    0.0449538
      8170.00    0.0394308
      8175.00    0.0419024
      8180.00    0.0470160
      8185.00    0.0481588
      8190.00    0.0448427
      8195.00    0.0446667
      8200.00    0.0447843
      8205.00    0.0420027
      8210.00    0.0397928
      8215.00    0.0443268
      8220.00    0.0471483
      8225.00    0.0452228
      8230.00    0.0432683
      8235.00    0.0385900
      8240.00    0.0326738
      8245.00    0.0407803
      8250.00    0.0472034
      8255.00    0.0415183
      8260.00    0.0419926
      8265.00    0.0493504
      8270.00    0.0462655
      8275.00    0.0436877
      8280.00    0.0510509
      8285.00    0.0440965
      8290.00    0.0374096
      8295.00    0.0347783
      8300.00    0.0365315
      8305.00    0.0525178
      8310.00    0.0506056
      8315.00    0.0437289
      8320.00    0.0409661
      8325.00    0.0353428
      8330.00    0.0392858
      8335.00    0.0428124
      8340.00    0.0485950
      8345.00    0.0418739
      8350.00    0.0370758
      8355.00    0.0414890
      8360.00    0.0405884
      8365.00    0.0407226
      8370.00    0.0437731
      8375.00    0.0422229
      8380.00    0.0464585
      8385.00    0.0528241
      8390.00    0.0423869
      8395.00    0.0365701
      8400.00    0.0369894
      8405.00    0.0343904
      8410.00    0.0321498
      8415.00    0.0312642
      8420.00    0.0373706
      8425.00    0.0410369
      8430.00    0.0292656
      8435.00    0.0246649
      8440.00    0.0331127
      8445.00    0.0317693
      8450.00    0.0275669
      8455.00    0.0356677
      8460.00    0.0424089
      8465.00    0.0350787
      8470.00    0.0342271
      8475.00    0.0352866
      8480.00    0.0318606
      8485.00    0.0305805
      8490.00    0.0217315
      8495.00    0.0166292
      8500.00    0.0259626
      8505.00    0.0336915
      8510.00    0.0279905
      8515.00    0.0157238
      8520.00    0.0137126
      8525.00    0.0195178
      8530.00    0.0233901
      8535.00    0.0166141
      8540.00    0.0151252
      8545.00    0.0218002
      8550.00    0.0239461
      8555.00    0.0221891
      8560.00    0.0196271
      8565.00    0.0190182
      8570.00    0.0198827
      8575.00    0.0213358
      8580.00    0.0218772
      8585.00    0.0179318
      8590.00    0.0197226
      8595.00    0.0283549
      8600.00    0.0289046
      8605.00    0.0241851
      8610.00    0.0199889
      8615.00    0.0279123
      8620.00    0.0407728
      8625.00    0.0353386
      8630.00    0.0290834
      8635.00    0.0252789
      8640.00    0.0170523
      8645.00    0.0168780
      8650.00    0.0201666
      8655.00    0.0185498
      8660.00    0.0211001
      8665.00    0.0261568
      8670.00    0.0198812
      8675.00    0.0129481
      8680.00    0.0190550
      8685.00    0.0191456
      8690.00    0.0102384
      8695.00    0.0167067
      8700.00    0.0235703
      8705.00    0.0243388
      8710.00    0.0239582
      8715.00    0.0351736
      8720.00    0.0362323
      8725.00    0.0249109
      8730.00    0.0247037
      8735.00    0.0297385
      8740.00    0.0339984
      8745.00    0.0373573
      8750.00    0.0344940
      8755.00    0.0342157
      8760.00    0.0503821
      8765.00    0.0512023
      8770.00    0.0427172
      8775.00    0.0522208
      8780.00    0.0533326
      8785.00    0.0506836
      8790.00    0.0551511
      8795.00    0.0531174
      8800.00    0.0561433
      8805.00    0.0540128
      8810.00    0.0499171
      8815.00    0.0525194
      8820.00    0.0592084
      8825.00    0.0588533
      8830.00    0.0655881
      8835.00    0.0578956
      8840.00    0.0506255
      8845.00    0.0334919
      8850.00    0.0511826
      8855.00    0.0636471
      8860.00    0.0454017
      8865.00    0.0496409
      8870.00    0.0581354
      8875.00    0.0568867
      8880.00    0.0501729
      8885.00    0.0539316
      8890.00    0.0605185
      8895.00    0.0505584
      8900.00    0.0501037
      8905.00    0.0552037
      8910.00    0.0554645
      8915.00    0.0546091
      8920.00    0.0573163
      8925.00    0.0524893
      8930.00    0.0445101
      8935.00    0.0488032
      8940.00    0.0565050
      8945.00    0.0427780
      8950.00    0.0316034
      8955.00    0.0465267
      8960.00    0.0617692
      8965.00    0.0567845
      8970.00    0.0455781
      8975.00    0.0389787
      8980.00    0.0517544
      8985.00    0.0562262
      8990.00    0.0372479
      8995.00    0.0286508
      9000.00    0.0268793
      9005.00    0.0269879
      9010.00    0.0309907
      9015.00    0.0377185
      9020.00    0.0459320
      9025.00    0.0366881
      9030.00    0.0383072
      9035.00    0.0452633
      9040.00    0.0422822
      9045.00    0.0424646
      9050.00    0.0502932
      9055.00    0.0486675
      9060.00    0.0435618
      9065.00    0.0414841
      9070.00    0.0355616
      9075.00    0.0319989
      9080.00    0.0363921
      9085.00    0.0335269
      9090.00    0.0241016
      9095.00    0.0344980
      9100.00    0.0474414
      9105.00    0.0447240
      9110.00    0.0368473
      9115.00    0.0381794
      9120.00    0.0439831
      9125.00    0.0486419
      9130.00    0.0460282
      9135.00    0.0392116
      9140.00    0.0328278
      9145.00    0.0399240
      9150.00    0.0407269
      9155.00    0.0323966
      9160.00    0.0343857
      9165.00    0.0361413
      9170.00    0.0379990
      9175.00    0.0339164
      9180.00    0.0185733
      9185.00    0.0347099
      9190.00    0.0301185
      9195.00    0.0294920
      9200.00    0.0403154
      9205.00    0.0450649
      9210.00    0.0327219
      9215.00    0.0316477
      9220.00    0.0478083
      9225.00    0.0566915
      9230.00    0.0332376
      9235.00    0.0329134
      9240.00    0.0319052
      9245.00    0.0332836
      9250.00    0.0387225
      9255.00    0.0337458
      9260.00    0.0353701
      9265.00    0.0326801
      9270.00    0.0260717
      9275.00    0.0201587
      9280.00    0.0299380
      9285.00    0.0368746
      9290.00    0.0367125
      9295.00    0.0237960
      9300.00    0.0177299
      9305.00    0.0201761
      9310.00    0.0228971
      9315.00    0.0167743
      9320.00    0.0480421
      9325.00    0.0222513
      9330.00 -0.000242248
      9335.00    0.0330216
      9340.00  -0.00574978
      9345.00   0.00209343
      9350.00    0.0309013
      9355.00    0.0269699
      9360.00    0.0507902
      9365.00    0.0726833
      9370.00    0.0554497
      9375.00    0.0646782
      9380.00    0.0345051
      9385.00    0.0190849
      9390.00    0.0200110
      9395.00    0.0219402
      9400.00    0.0397896
      9405.00    0.0432743
      9410.00    0.0280255
      9415.00    0.0418113
      9420.00    0.0440661
      9425.00    0.0343421
      9430.00    0.0231894
      9435.00    0.0165196
      9440.00   0.00594486
      9445.00    0.0229847
      9450.00    0.0325388
      9455.00    0.0289196
      9460.00    0.0302681
      9465.00    0.0248327
      9470.00    0.0420551
      9475.00    0.0416632
      9480.00   0.00631837
      9485.00   0.00270223
      9490.00    0.0183933
      9495.00    0.0401731
      9500.00    0.0305822
      9505.00    0.0128042
      9510.00    0.0295098
      9515.00    0.0544570
      9520.00    0.0506258
      9525.00    0.0221008
      9530.00    0.0539813
      9535.00    0.0608405
      9540.00    0.0255259
      9545.00    0.0494120
      9550.00    0.0395251
      9555.00  -0.00222286
      9560.00    0.0125306
      9565.00    0.0161382
      9570.00    0.0356283
      9575.00    0.0383111
      9580.00    0.0322772
      9585.00    0.0400283
      9590.00    0.0228619
      9595.00    0.0141206
      9600.00    0.0247062
      9605.00    0.0450769
      9610.00    0.0569015
      9615.00    0.0319315
      9620.00    0.0342746
      9625.00    0.0363357
      9630.00    0.0308173
      9635.00    0.0439776
      9640.00    0.0222272
      9645.00    0.0101535
      9650.00    0.0286984
      9655.00    0.0410574
      9660.00    0.0333908
      9665.00    0.0300407
      9670.00    0.0401436
      9675.00    0.0299595
      9680.00    0.0250231
      9685.00    0.0278239
      9690.00    0.0353576
      9695.00    0.0200249
      9700.00    0.0308799
      9705.00    0.0759551
      9710.00    0.0407460
      9715.00    0.0183106
      9720.00    0.0341060
      9725.00    0.0429783
      9730.00    0.0373406
      9735.00    0.0199457
      9740.00    0.0253160
      9745.00    0.0415680
      9750.00    0.0412001
      9755.00    0.0321929
      9760.00    0.0357076
      9765.00    0.0271160
      9770.00    0.0477950
      9775.00    0.0606117
      9780.00    0.0514855
      9785.00    0.0435447
      9790.00    0.0241535
      9795.00    0.0131625
      9800.00    0.0311835
