3292.1318048618 1.38485287487175e-14
3294.72560567775 1.40981586756357e-14
3297.3194064937 1.42586510903497e-14
3299.91320730966 1.44042611361804e-14
3302.50700812561 1.44306106371036e-14
3305.10080894156 1.38259214393552e-14
3307.69460975751 1.34187179732593e-14
3310.28841057346 1.35707392114677e-14
3312.88221138941 1.3937695060042e-14
3315.47601220537 1.38111424084915e-14
3318.06981302132 1.36281544927644e-14
3320.66361383727 1.37402093283896e-14
3323.25741465322 1.41213834720165e-14
3325.85121546917 1.45109313833599e-14
3328.44501628512 1.46017959957436e-14
3331.03881710108 1.44569008457204e-14
3333.63261791703 1.44213610373195e-14
3336.22641873298 1.46899805958823e-14
3338.82021954893 1.48114044629371e-14
3341.41402036488 1.47917278875724e-14
3344.00782118083 1.5079556459313e-14
3346.60162199679 1.54284747412754e-14
3349.19542281274 1.55212434837246e-14
3351.78922362869 1.53947543596452e-14
3354.38302444464 1.53833414377139e-14
3356.97682526059 1.53006727161278e-14
3359.57062607654 1.52699694658557e-14
3362.1644268925 1.53311947013492e-14
3364.75822770845 1.53136594252751e-14
3367.3520285244 1.53337205535979e-14
3369.94582934035 1.55592600164633e-14
3372.5396301563 1.5817008754181e-14
3375.13343097225 1.55863887876979e-14
3377.72723178821 1.52739352741148e-14
3380.32103260416 1.528753354105e-14
3382.91483342011 1.55568967945404e-14
3385.50863423606 1.54318272976807e-14
3388.10243505201 1.53070847555385e-14
3390.69623586796 1.52735270042342e-14
3393.29003668392 1.52769371588798e-14
3395.88383749987 1.5431934023832e-14
3398.47763831582 1.58614830661095e-14
3401.07143913177 1.61985056173607e-14
3403.66523994772 1.60812389880111e-14
3406.25904076367 1.58491011384865e-14
3408.85284157963 1.58083063376809e-14
3411.44664239558 1.60906173368031e-14
3414.04044321153 1.65770293948956e-14
3416.63424402748 1.695777748095e-14
3419.22804484343 1.69567576532815e-14
3421.82184565938 1.68797047601357e-14
3424.41564647534 1.72382724414333e-14
3427.00944729129 1.77834160700226e-14
3429.60324810724 1.7700706690855e-14
3432.19704892319 1.71235858744409e-14
3434.79084973914 1.70300243091531e-14
3437.3846505551 1.74963074762871e-14
3439.97845137105 1.82245237238983e-14
3442.572252187 1.88215430383092e-14
3445.16605300295 1.9064773631311e-14
3447.7598538189 1.90863983824544e-14
3450.35365463485 1.896872517729e-14
3452.94745545081 1.88032759257687e-14
3455.54125626676 1.87181016807246e-14
3458.13505708271 1.88285700236396e-14
3460.72885789866 1.90394863097037e-14
3463.32265871461 1.91676491708868e-14
3465.91645953056 1.91064442641841e-14
3468.51026034652 1.90990276436979e-14
3471.10406116247 1.9176751386938e-14
3473.69786197842 1.91037354528188e-14
3476.29166279437 1.85373634845054e-14
3478.88546361032 1.80954274324073e-14
3481.47926442627 1.79520044256464e-14
3484.07306524223 1.79338372629937e-14
3486.66686605818 1.7890906245095e-14
3489.26066687413 1.79560515490684e-14
3491.85446769008 1.80123199477545e-14
3494.44826850603 1.78833896747211e-14
3497.04206932198 1.76863833637169e-14
3499.63587013794 1.78450343288035e-14
3502.22967095389 1.81444943569758e-14
3504.82347176984 1.80613512969392e-14
3507.41727258579 1.7666308682867e-14
3510.01107340174 1.74441641280542e-14
3512.60487421769 1.74163797533183e-14
3515.19867503365 1.73135194603356e-14
3517.7924758496 1.75064244378091e-14
3520.38627666555 1.76133199957526e-14
3522.9800774815 1.73699386308863e-14
3525.57387829745 1.70054484952215e-14
3528.1676791134 1.72140354406805e-14
3530.76147992936 1.76186105635412e-14
3533.35528074531 1.77830450695917e-14
3535.94908156126 1.77359144623405e-14
3538.54288237721 1.77655402867037e-14
3541.13668319316 1.77158262289635e-14
3543.73048400911 1.75623218360644e-14
3546.32428482507 1.75982970194001e-14
3548.91808564102 1.76093186121098e-14
3551.51188645697 1.76244330680206e-14
3554.10568727292 1.7704560690765e-14
3556.69948808887 1.77685269248757e-14
3559.29328890483 1.75988577552112e-14
3561.88708972078 1.749597205124e-14
3564.48089053673 1.76598017757662e-14
3567.07469135268 1.77080504665077e-14
3569.66849216863 1.76778418834768e-14
3572.26229298458 1.7712300877837e-14
3574.85609380054 1.78144411928146e-14
3577.44989461649 1.76908573917443e-14
3580.04369543244 1.7468014881783e-14
3582.63749624839 1.74430138573118e-14
3585.23129706434 1.76809894579088e-14
3587.82509788029 1.76721277992146e-14
3590.41889869625 1.7534674680666e-14
3593.0126995122 1.7439557962887e-14
3595.60650032815 1.74061171021294e-14
3598.2003011441 1.7240379859406e-14
3600.79410196005 1.72619097428594e-14
3603.387902776 1.758664015198e-14
3605.98170359196 1.79135372713798e-14
3608.57550440791 1.76356105147926e-14
3611.16930522386 1.7369733648913e-14
3613.76310603981 1.74329544940302e-14
3616.35690685576 1.74966564538614e-14
3618.95070767171 1.73930168905672e-14
3621.54450848767 1.73476548881099e-14
3624.13830930362 1.74368542337194e-14
3626.73211011957 1.74653839974488e-14
3629.32591093552 1.75214762132819e-14
3631.91971175147 1.75364873311731e-14
3634.51351256742 1.74756754477579e-14
3637.10731338338 1.74034929940588e-14
3639.70111419933 1.71769150688001e-14
3642.29491501528 1.71594746604161e-14
3644.88871583123 1.74043027575564e-14
3647.48251664718 1.73037345357289e-14
3650.07631746313 1.6981175919085e-14
3652.67011827909 1.68029042828081e-14
3655.26391909504 1.68792490564101e-14
3657.85771991099 1.67941188570792e-14
3660.45152072694 1.67214942521816e-14
3663.04532154289 1.65940581452672e-14
3665.63912235884 1.63759793486012e-14
3668.2329231748 1.63665840591503e-14
3670.82672399075 1.65522960328358e-14
3673.4205248067 1.66999457340035e-14
3676.01432562265 1.66467402064547e-14
3678.6081264386 1.66097858530318e-14
3681.20192725455 1.66288627290699e-14
3683.79572807051 1.67256565720844e-14
3686.38952888646 1.68668027542831e-14
3688.98332970241 1.68872077779825e-14
3691.57713051836 1.69516568208732e-14
3694.17093133431 1.71662746409167e-14
3696.76473215026 1.74357937484694e-14
3699.35853296622 1.74838543978966e-14
3701.95233378217 1.74636221689185e-14
3704.54613459812 1.75160196270356e-14
3707.13993541407 1.76247752693313e-14
3709.73373623002 1.77724080298401e-14
3712.32753704598 1.78328658534833e-14
3714.92133786193 1.77269054199135e-14
3717.51513867788 1.752507102111e-14
3720.10893949383 1.75192976445415e-14
3722.70274030978 1.76352361262299e-14
3725.29654112573 1.77192736530588e-14
3727.89034194169 1.7722031592335e-14
3730.48414275764 1.74998717909292e-14
3733.07794357359 1.72661330491344e-14
3735.67174438954 1.72099239427546e-14
3738.26554520549 1.72288297181373e-14
3740.85934602144 1.71584057048367e-14
3743.4531468374 1.70022805919988e-14
3746.04694765335 1.6829917857562e-14
3748.6407484693 1.66481344226858e-14
3751.23454928525 1.65557519272606e-14
3753.8283501012 1.64400438385339e-14
3756.42215091715 1.62331391005081e-14
3759.01595173311 1.61613666107554e-14
3761.60975254906 1.62068607503525e-14
3764.20355336501 1.61311766624494e-14
3766.79735418096 1.58248810783928e-14
3769.39115499691 1.56721830608594e-14
3771.98495581286 1.56276765616789e-14
3774.57875662882 1.55136828676374e-14
3777.17255744477 1.5254533137425e-14
3779.76635826072 1.50909270295969e-14
3782.36015907667 1.49796489231843e-14
3784.95395989262 1.49092892843877e-14
3787.54776070857 1.49049355350388e-14
3790.14156152453 1.48543558096265e-14
3792.73536234048 1.46771514348632e-14
3795.32916315643 1.4468647498633e-14
3797.92296397238 1.4396349848453e-14
3800.51676478833 1.43403541943759e-14
3803.11056560429 1.42581123773952e-14
3805.70436642024 1.41532124290755e-14
3808.29816723619 1.40333962305545e-14
3810.89196805214 1.3826438976486e-14
3813.48576886809 1.36758009430804e-14
3816.07956968404 1.36235796678163e-14
3818.6733705 1.35224125936951e-14
3821.26717131595 1.34993741445627e-14
3823.8609721319 1.35684725513009e-14
3826.45477294785 1.36284789063832e-14
3829.0485737638 1.35418206596155e-14
3831.64237457975 1.34063970320085e-14
3834.23617539571 1.32604337734388e-14
3836.82997621166 1.31239615190431e-14
3839.42377702761 1.30509837014065e-14
3842.01757784356 1.30794770427192e-14
3844.61137865951 1.31274614591811e-14
3847.20517947546 1.31129763487501e-14
3849.79898029142 1.30855892324666e-14
3852.39278110737 1.3137997702012e-14
3854.98658192332 1.32358274663211e-14
3857.58038273927 1.33100283995335e-14
3860.17418355522 1.34177870840502e-14
3862.76798437117 1.34383987837887e-14
3865.36178518713 1.33993819051393e-14
3867.95558600308 1.34387087978474e-14
3870.54938681903 1.36073030827018e-14
3873.14318763498 1.3871949209709e-14
3875.73698845093 1.41617564504144e-14
3878.33078926688 1.4423537911994e-14
3880.92459008284 1.46754099351236e-14
3883.51839089879 1.49489693898348e-14
3886.11219171474 1.52709079783613e-14
3888.70599253069 1.56532518744883e-14
3891.29979334664 1.60947085059383e-14
3893.89359416259 1.65832178176083e-14
3896.48739497855 1.7071827079166e-14
3899.0811957945 1.7497176532091e-14
3901.67499661045 1.78385850199431e-14
3904.2687974264 1.82807633234642e-14
3906.86259824235 1.88503692635702e-14
3909.4563990583 1.93070470770823e-14
3912.05019987426 1.9586749214727e-14
3914.64400069021 1.97340634908475e-14
3917.23780150616 1.97773841439019e-14
3919.83160232211 1.96850202832015e-14
3922.42540313806 1.97421679020869e-14
3925.01920395401 1.99085099263346e-14
3927.61300476997 2.00177365189489e-14
3930.20680558592 2.00324020473977e-14
3932.80060640187 2.00450567196296e-14
3935.39440721782 2.00679571023916e-14
3937.98820803377 2.00942506991403e-14
3940.58200884972 2.01877377255287e-14
3943.17580966568 2.03477253086061e-14
3945.76961048163 2.0526366251248e-14
3948.36341129758 2.06276951086621e-14
3950.95721211353 2.05299441184172e-14
3953.55101292948 2.03630007007769e-14
3956.14481374544 2.02654750212959e-14
3958.73861456139 2.0241048285163e-14
3961.33241537734 2.00867815626114e-14
3963.92621619329 1.98248518702661e-14
3966.52001700924 1.95661849488335e-14
3969.11381782519 1.94059635846627e-14
3971.70761864115 1.93300914554453e-14
3974.3014194571 1.92344851526229e-14
3976.89522027305 1.90624595372991e-14
3979.489021089 1.88591546892991e-14
3982.08282190495 1.87533687445165e-14
3984.6766227209 1.85924274023405e-14
3987.27042353686 1.8300004523894e-14
3989.86422435281 1.79966888017458e-14
3992.45802516876 1.777542854933e-14
3995.05182598471 1.7582176288348e-14
3997.64562680066 1.73799556425205e-14
4000.23942761661 1.7222458336308e-14
4002.83322843257 1.70832908230742e-14
4005.42702924852 1.69980420391307e-14
4008.02083006447 1.69206384743447e-14
4010.61463088042 1.66986802667803e-14
4013.20843169637 1.64649618537762e-14
4015.80223251232 1.64385428961513e-14
4018.39603332828 1.66480056736779e-14
4020.98983414423 1.68016625325075e-14
4023.58363496018 1.68519457963883e-14
4026.17743577613 1.68890576979393e-14
4028.77123659208 1.70062735053121e-14
4031.36503740803 1.71616904986061e-14
4033.95883822399 1.73803198666878e-14
4036.55263903994 1.75511274486334e-14
4039.14643985589 1.75768467570439e-14
4041.74024067184 1.75800011077394e-14
4044.33404148779 1.76764934070248e-14
4046.92784230374 1.78220407724174e-14
4049.5216431197 1.79158666119847e-14
4052.11544393565 1.80282001214496e-14
4054.7092447516 1.81201743469942e-14
4057.30304556755 1.81481298223854e-14
4059.8968463835 1.81594173834405e-14
4062.49064719945 1.83952838719989e-14
4065.08444801541 1.86050041475413e-14
4067.67824883136 1.86301169803615e-14
4070.27204964731 1.85608296852761e-14
4072.86585046326 1.84761585778027e-14
4075.45965127921 1.83640707078925e-14
4078.05345209517 1.82787897366971e-14
4080.64725291112 1.83305129565882e-14
4083.24105372707 1.8405671884064e-14
4085.83485454302 1.8466856461976e-14
4088.42865535897 1.84978663381749e-14
4091.02245617492 1.8470276781017e-14
4093.61625699088 1.83779891532818e-14
4096.21005780683 1.82420386711816e-14
4098.80385862278 1.81038926796821e-14
4101.39765943873 1.8010383630437e-14
4103.99146025468 1.80257081505188e-14
4106.58526107063 1.80268008230207e-14
4109.17906188659 1.79479217268406e-14
4111.77286270254 1.79532241530904e-14
4114.36666351849 1.79976713599646e-14
4116.96046433444 1.79415384865501e-14
4119.55426515039 1.77290670479949e-14
4122.14806596634 1.75288623405819e-14
4124.7418667823 1.74214534806724e-14
4127.33566759825 1.73681581676311e-14
4129.9294684142 1.73150187086522e-14
4132.52326923015 1.73296808489692e-14
4135.1170700461 1.73031619414565e-14
4137.71087086205 1.70960776324459e-14
4140.30467167801 1.67469984142235e-14
4142.89847249396 1.66691188169211e-14
4145.49227330991 1.66593864083572e-14
4148.08607412586 1.65938158938443e-14
4150.67987494181 1.65367834714398e-14
4153.27367575776 1.64788040662002e-14
4155.86747657372 1.64287054555019e-14
4158.46127738967 1.63574852312309e-14
4161.05507820562 1.62326817027166e-14
4163.64887902157 1.61448799614701e-14
4166.24267983752 1.60331037996845e-14
4168.83648065347 1.58953050916934e-14
4171.43028146943 1.58199445703762e-14
4174.02408228538 1.57407690126645e-14
4176.61788310133 1.56927303860939e-14
4179.21168391728 1.57169927978351e-14
4181.80548473323 1.57862529878662e-14
4184.39928554919 1.57747028465974e-14
4186.99308636514 1.56332873079215e-14
4189.58688718109 1.54515919644719e-14
4192.18068799704 1.54052474037958e-14
4194.77448881299 1.54269704107611e-14
4197.36828962894 1.53362091363969e-14
4199.96209044489 1.50606523779961e-14
4202.55589126085 1.47696660674282e-14
4205.1496920768 1.45754871524019e-14
4207.74349289275 1.44630316701927e-14
4210.3372937087 1.43453669353578e-14
4212.93109452465 1.41676365531342e-14
4215.52489534061 1.39072484607529e-14
4218.11869615656 1.36638357556675e-14
4220.71249697251 1.35330225283924e-14
4223.30629778846 1.34437215388293e-14
4225.90009860441 1.33460289938577e-14
4228.49389942036 1.32688736097252e-14
4231.08770023631 1.32490699794184e-14
4233.68150105227 1.3200933097026e-14
4236.27530186822 1.31558091108269e-14
4238.86910268417 1.31702959153238e-14
4241.46290350012 1.3271157210551e-14
4244.05670431607 1.34190855855584e-14
4246.65050513203 1.35973665391976e-14
4249.24430594798 1.38447975685848e-14
4251.83810676393 1.41889944888993e-14
4254.43190757988 1.44751086659546e-14
4257.02570839583 1.46714763141166e-14
4259.61950921178 1.48808526942825e-14
4262.21331002774 1.52451209073151e-14
4264.80711084369 1.57039637370404e-14
4267.40091165964 1.61542549221303e-14
4269.99471247559 1.64955211084472e-14
4272.58851329154 1.66900032612686e-14
4275.18231410749 1.68754407962792e-14
4277.77611492345 1.71259490963638e-14
4280.3699157394 1.7427946835246e-14
4282.96371655535 1.77085739328691e-14
4285.5575173713 1.79396479090118e-14
4288.15131818725 1.81055139007432e-14
4290.7451190032 1.82099852503916e-14
4293.33891981916 1.82809208715924e-14
4295.93272063511 1.84832380791759e-14
4298.52652145106 1.87459538180963e-14
4301.12032226701 1.89050333818542e-14
4303.71412308296 1.89285876740514e-14
4306.30792389891 1.8917322135853e-14
4308.90172471487 1.89833195549712e-14
4311.49552553082 1.91390313157309e-14
4314.08932634677 1.9238305271215e-14
4316.68312716272 1.91653858988517e-14
4319.27692797867 1.90871454655139e-14
4321.87072879463 1.92046255471662e-14
4324.46452961058 1.93011347871105e-14
4327.05833042653 1.92163179899701e-14
4329.65213124248 1.90374517365643e-14
4332.24593205843 1.89784525036563e-14
4334.83973287438 1.90197318073078e-14
4337.43353369034 1.90306924136453e-14
4340.02733450629 1.89057990996385e-14
4342.62113532224 1.86499985376995e-14
4345.21493613819 1.84033679544475e-14
4347.80873695414 1.81736949707995e-14
4350.40253777009 1.79515859913704e-14
4352.99633858605 1.77565447968039e-14
4355.590139402 1.75642733999748e-14
4358.18394021795 1.74156750219062e-14
4360.7777410339 1.72960858282152e-14
4363.37154184985 1.70966265097957e-14
4365.9653426658 1.67111655324228e-14
4368.55914348176 1.63282795352096e-14
4371.15294429771 1.61192741554746e-14
4373.74674511366 1.60096850327588e-14
4376.34054592961 1.58352724785897e-14
4378.93434674556 1.55436576695749e-14
4381.52814756151 1.51882985490815e-14
4384.12194837747 1.48665598603305e-14
4386.71574919342 1.47663253694842e-14
4389.30955000937 1.47944739683874e-14
4391.90335082532 1.47451715686595e-14
4394.49715164127 1.45578282095176e-14
4397.09095245722 1.44453591747811e-14
4399.68475327318 1.43569407935491e-14
4402.27855408913 1.4143776482043e-14
4404.87235490508 1.39063870282456e-14
4407.46615572103 1.3862506486413e-14
4410.05995653698 1.39550812583173e-14
4412.65375735293 1.39689565050263e-14
4415.24755816889 1.38924330074725e-14
4417.84135898484 1.38160340237619e-14
4420.43515980079 1.37527809913928e-14
4423.02896061674 1.36625956994327e-14
4425.62276143269 1.3624242894614e-14
4428.21656224864 1.37041248778036e-14
4430.8103630646 1.38654211267845e-14
4433.40416388055 1.39837965222622e-14
4435.9979646965 1.39706903814693e-14
4438.59176551245 1.38865003887099e-14
4441.1855663284 1.3865188192724e-14
4443.77936714435 1.40008405192268e-14
4446.37316796031 1.41927205868342e-14
4448.96696877626 1.43194172339857e-14
4451.56076959221 1.43703594894995e-14
4454.15457040816 1.4448493196686e-14
4456.74837122411 1.45183446157143e-14
4459.34217204006 1.45081226221068e-14
4461.93597285602 1.44678953333758e-14
4464.52977367197 1.45892531318607e-14
4467.12357448792 1.47561982435668e-14
4469.71737530387 1.48720147525108e-14
4472.31117611982 1.49415900387983e-14
4474.90497693578 1.50740338044969e-14
4477.49877775173 1.51809496912311e-14
4480.09257856768 1.52535116156906e-14
4482.68637938363 1.53378727091053e-14
4485.28018019958 1.54628524204727e-14
4487.87398101553 1.56199685618589e-14
4490.46778183148 1.57705218919698e-14
4493.06158264744 1.58859724826805e-14
4495.65538346339 1.5988981853462e-14
4498.24918427934 1.60634326613939e-14
4500.84298509529 1.60950490131831e-14
4503.43678591124 1.61084710972653e-14
4506.0305867272 1.61962711444459e-14
4508.62438754315 1.6282778619349e-14
4511.2181883591 1.63036952509485e-14
4513.81198917505 1.62877490086834e-14
4516.405789991 1.63740769126017e-14
4518.99959080695 1.64803422780324e-14
4521.59339162291 1.65253705495085e-14
4524.18719243886 1.65265140439873e-14
4526.78099325481 1.65806716365688e-14
4529.37479407076 1.66678533496979e-14
4531.96859488671 1.67672425016628e-14
4534.56239570266 1.68853324470373e-14
4537.15619651862 1.69386260660126e-14
4539.74999733457 1.6908974830661e-14
4542.34379815052 1.68448188611701e-14
4544.93759896647 1.68170615914886e-14
4547.53139978242 1.67959281194546e-14
4550.12520059837 1.67451789874528e-14
4552.71900141433 1.66760001125846e-14
4555.31280223028 1.66531505517995e-14
4557.90660304623 1.66736758541773e-14
4560.50040386218 1.66860848868546e-14
4563.09420467813 1.66504942564769e-14
4565.68800549408 1.6588842116378e-14
4568.28180631004 1.65913069822545e-14
4570.87560712599 1.66650310359177e-14
4573.46940794194 1.67255329052741e-14
4576.06320875789 1.6650043634949e-14
4578.65700957384 1.6469927160913e-14
4581.25081038979 1.62644013925253e-14
4583.84461120575 1.61240226221769e-14
4586.4384120217 1.61191335480053e-14
4589.03221283765 1.61091927693363e-14
4591.6260136536 1.60008843604368e-14
4594.21981446955 1.58238222872087e-14
4596.8136152855 1.57050699620695e-14
4599.40741610146 1.56520592520986e-14
4602.00121691741 1.56482899554833e-14
4604.59501773336 1.56380527152828e-14
4607.18881854931 1.54444463945289e-14
4609.78261936526 1.52252427381089e-14
4612.37642018122 1.5119109509818e-14
4614.97022099717 1.50931157627326e-14
4617.56402181312 1.49757813707472e-14
4620.15782262907 1.48258683975444e-14
4622.75162344502 1.47135738515951e-14
4625.34542426097 1.46212286256196e-14
4627.93922507693 1.45320767138551e-14
4630.53302589288 1.44618187190122e-14
4633.12682670883 1.43946286775042e-14
4635.72062752478 1.42736249387912e-14
4638.31442834073 1.41042556187901e-14
4640.90822915668 1.39901501163995e-14
4643.50202997264 1.39673310488005e-14
4646.09583078859 1.39176280024886e-14
4648.68963160454 1.37029856184896e-14
4651.28343242049 1.34500412516487e-14
4653.87723323644 1.32936120539827e-14
4656.47103405239 1.31448205524022e-14
4659.06483486835 1.29717496984215e-14
4661.6586356843 1.27832891028221e-14
4664.25243650025 1.25991636218468e-14
4666.8462373162 1.24103904710899e-14
4669.44003813215 1.23184501268632e-14
4672.0338389481 1.22442534288155e-14
4674.62763976406 1.20918518728137e-14
4677.22144058001 1.20011710665795e-14
4679.81524139596 1.20266083130185e-14
4682.40904221191 1.20842624576063e-14
4685.00284302786 1.2040298906545e-14
4687.59664384381 1.18793541762372e-14
4690.19044465977 1.1700847911834e-14
4692.78424547572 1.15762781644131e-14
4695.37804629167 1.14776377895735e-14
4697.97184710762 1.12655339633175e-14
4700.56564792357 1.10430616067541e-14
4703.15944873953 1.08959616299691e-14
4705.75324955548 1.08083504711358e-14
4708.34705037143 1.07551678134765e-14
4710.94085118738 1.06456168072434e-14
4713.53465200333 1.04254034875503e-14
4716.12845281928 1.01320514139607e-14
4718.72225363523 9.894263854678e-15
4721.31605445119 9.77236819027158e-15
4723.90985526714 9.718837402071e-15
4726.50365608309 9.63012510040622e-15
4729.09745689904 9.57619451265454e-15
4731.69125771499 9.55460110173018e-15
4734.28505853095 9.52384194728359e-15
4736.8788593469 9.46308850914178e-15
4739.47266016285 9.49165215418908e-15
4742.0664609788 9.60608715239609e-15
4744.66026179475 9.75243581095679e-15
4747.2540626107 9.92188898721975e-15
4749.84786342666 1.01249769947852e-14
4752.44166424261 1.03813264340741e-14
4755.03546505856 1.06867834555129e-14
4757.62926587451 1.09940014584491e-14
4760.22306669046 1.12398273604012e-14
4762.81686750641 1.14936941461217e-14
4765.41066832237 1.1847320237205e-14
4768.00446913832 1.22452037997823e-14
4770.59826995427 1.25196204518361e-14
4773.19207077022 1.27148310529921e-14
4775.78587158617 1.29872004264123e-14
4778.37967240212 1.33182429250559e-14
4780.97347321808 1.34254645906841e-14
4783.56727403403 1.34578593657519e-14
4786.16107484998 1.38699163306356e-14
4788.75487566593 1.47643145132674e-14
4791.34867648188 1.51199362139745e-14
4793.94247729783 1.47555816035812e-14
4796.53627811379 1.453151767211e-14
4799.13007892974 1.48133916022314e-14
4801.72387974569 1.50947234312665e-14
4804.31768056164 1.50988518698514e-14
4806.91148137759 1.51340071252943e-14
4809.50528219354 1.52835457099343e-14
4812.0990830095 1.5469704917016e-14
4814.69288382545 1.5624462918677e-14
4817.2866846414 1.57802763233903e-14
4819.88048545735 1.59184307852193e-14
4822.4742862733 1.60670732090012e-14
4825.06808708925 1.62472167880914e-14
4827.66188790521 1.6432398519152e-14
4830.25568872116 1.65389213825987e-14
4832.84948953711 1.66015679393776e-14
4835.44329035306 1.6641773205252e-14
4838.03709116901 1.65703886565892e-14
4840.63089198497 1.65303527973042e-14
4843.22469280092 1.65765296454568e-14
4845.81849361687 1.66584563661811e-14
4848.41229443282 1.66753699200719e-14
4851.00609524877 1.6568786070253e-14
4853.59989606472 1.6420096212626e-14
4856.19369688067 1.63243255854118e-14
4858.78749769663 1.62165253962806e-14
4861.38129851258 1.60898550071505e-14
4863.97509932853 1.5962517156058e-14
4866.56890014448 1.58472342778708e-14
4869.16270096043 1.57133979900069e-14
4871.75650177639 1.5566056608832e-14
4874.35030259234 1.54054473035714e-14
4876.94410340829 1.52322087370671e-14
4879.53790422424 1.5077291493212e-14
4882.13170504019 1.49693422262821e-14
4884.72550585614 1.48455348085138e-14
4887.3193066721 1.46300716495889e-14
4889.91310748805 1.44821661444711e-14
4892.506908304 1.44677987716198e-14
4895.10070911995 1.45045532252671e-14
4897.6945099359 1.44480459632898e-14
4900.28831075185 1.43807475015646e-14
4902.88211156781 1.439453550388e-14
4905.47591238376 1.4459846826311e-14
4908.06971319971 1.4444108954151e-14
4910.66351401566 1.44650476086071e-14
4913.25731483161 1.45099606836023e-14
4915.85111564756 1.45080260603508e-14
4918.44491646352 1.44333804348411e-14
4921.03871727947 1.44790863326749e-14
4923.63251809542 1.4575405837239e-14
4926.22631891137 1.46326584882098e-14
4928.82011972732 1.47629457080247e-14
4931.41392054327 1.49509378944042e-14
4934.00772135923 1.50398983767225e-14
4936.60152217518 1.49764844080934e-14
4939.19532299113 1.50107502789416e-14
4941.78912380708 1.50498001918759e-14
4944.38292462303 1.50318803628438e-14
4946.97672543898 1.4990301209529e-14
4949.57052625494 1.50280619383176e-14
4952.16432707089 1.50241249291787e-14
4954.75812788684 1.49514986302153e-14
4957.35192870279 1.48988250393573e-14
4959.94572951874 1.49515562284557e-14
4962.53953033469 1.50532730269597e-14
4965.13333115065 1.50564765055662e-14
4967.7271319666 1.48724535155775e-14
4970.32093278255 1.46739648969156e-14
4972.9147335985 1.46027683895671e-14
4975.50853441445 1.45008178099697e-14
4978.1023352304 1.44625200622925e-14
4980.69613604636 1.44510766471751e-14
4983.28993686231 1.41248503778696e-14
4985.88373767826 1.40246082637268e-14
4988.47753849421 1.3867051665208e-14
4991.07133931016 1.36661337560534e-14
4993.66514012612 1.36260343692974e-14
4996.25894094207 1.35360743881013e-14
4998.85274175802 1.33073754923427e-14
5001.44654257397 1.30862465300336e-14
5004.04034338992 1.31418085032417e-14
5006.63414420587 1.30336119026912e-14
5009.22794502182 1.27613958422344e-14
5011.82174583778 1.27541316876788e-14
5014.41554665373 1.26661461402828e-14
5017.00934746968 1.23197901329857e-14
5019.60314828563 1.20817637104119e-14
5022.19694910158 1.21422748971308e-14
5024.79074991754 1.20935137514562e-14
5027.38455073349 1.16780991479696e-14
5029.97835154944 1.1420894205404e-14
5032.57215236539 1.16222983114703e-14
5035.16595318134 1.1643757891189e-14
5037.75975399729 1.14686185827511e-14
5040.35355481325 1.14021231082599e-14
5042.9473556292 1.1245050165554e-14
5045.54115644515 1.13069420159769e-14
5048.1349572611 1.13370879185697e-14
5050.72875807705 1.1181087319575e-14
5053.322558893 1.13329035758103e-14
5055.91635970896 1.1455050809002e-14
5058.51016052491 1.16658527456182e-14
5061.10396134086 1.2044682302047e-14
5063.69776215681 1.1998352987964e-14
5066.29156297276 1.17898507457997e-14
5068.88536378871 1.17160741760938e-14
5071.47916460467 1.16032654811455e-14
5074.07296542062 1.16649963953085e-14
5076.66676623657 1.19297628009942e-14
5079.26056705252 1.22264335496712e-14
5081.85436786847 1.22257821813347e-14
5084.44816868442 1.23330072350947e-14
5087.04196950038 1.25702857275761e-14
5089.63577031633 1.24751359755122e-14
5092.22957113228 1.25169099464049e-14
5094.82337194823 1.28912841095312e-14
5097.41717276418 1.29135517586815e-14
5100.01097358013 1.26686880861575e-14
5102.60477439609 1.26859819578416e-14
5105.19857521204 1.29294802132546e-14
5107.79237602799 1.28701269205746e-14
5110.38617684394 1.24331807395688e-14
5112.97997765989 1.26661148000637e-14
5115.57377847584 1.30857306869687e-14
5118.1675792918 1.32855271245012e-14
5120.76138010775 1.33532677374249e-14
5123.3551809237 1.31956001775901e-14
5125.94898173965 1.28855962832903e-14
5128.5427825556 1.31040121990693e-14
5131.13658337156 1.3282366844575e-14
5133.73038418751 1.28249893818484e-14
5136.32418500346 1.24253151916206e-14
5138.91798581941 1.29575042983146e-14
5141.51178663536 1.2787980818317e-14
5144.10558745131 1.27672014060549e-14
5146.69938826727 1.31185447433454e-14
5149.29318908322 1.26563849325986e-14
5151.88698989917 1.30663641256627e-14
5154.48079071512 1.31294773975956e-14
5157.07459153107 1.3023498329301e-14
5159.66839234702 1.26440080871733e-14
5162.26219316298 1.26992100713788e-14
5164.85599397893 1.29388255277617e-14
5167.44979479488 1.25482256014978e-14
5170.04359561083 1.25879319649662e-14
5172.63739642678 1.27532677140726e-14
5175.23119724273 1.24590694545687e-14
5177.82499805869 1.21964723002609e-14
5180.41879887464 1.22870370629813e-14
5183.01259969059 1.27164726028439e-14
5185.60640050654 1.2615973837718e-14
5188.20020132249 1.25592133128896e-14
5190.79400213844 1.32268963509252e-14
5193.3878029544 1.29712304672248e-14
5195.98160377035 1.26208925580427e-14
5198.5754045863 1.29533419784117e-14
5201.16920540225 1.32070385105098e-14
5203.7630062182 1.31780377964617e-14
5206.35680703415 1.32272283878405e-14
5208.95060785011 1.33072314967416e-14
5211.54440866606 1.32601042776223e-14
5214.13820948201 1.30624127169638e-14
5216.73201029796 1.31557184783015e-14
5219.32581111391 1.33019883627981e-14
5221.91961192986 1.30391049113542e-14
5224.51341274582 1.28657062556229e-14
5227.10721356177 1.31609734707063e-14
5229.70101437772 1.36033067812567e-14
5232.29481519367 1.32534118703061e-14
5234.88861600962 1.29137999393351e-14
5237.48241682557 1.28218672184048e-14
5240.07621764153 1.26454327965906e-14
5242.67001845748 1.29259828142154e-14
5245.26381927343 1.31075849840409e-14
5247.85762008938 1.29953522714967e-14
5250.45142090533 1.28877731579648e-14
5253.04522172129 1.31858338877082e-14
5255.63902253724 1.31544132005298e-14
5258.23282335319 1.27033080167776e-14
5260.82662416914 1.27800873182815e-14
5263.42042498509 1.28996976877962e-14
5266.01422580104 1.2731501508427e-14
5268.608026617 1.2606083033993e-14
5271.20182743295 1.2835225775016e-14
5273.7956282489 1.30362893738375e-14
5276.38942906485 1.28827663462136e-14
5278.9832298808 1.24883759475107e-14
5281.57703069675 1.26521243568739e-14
5284.17083151271 1.29106455886395e-14
5286.76463232866 1.24036972167407e-14
5289.35843314461 1.23434740212239e-14
5291.95223396056 1.27515846596064e-14
5294.54603477651 1.27402810049253e-14
5297.13983559246 1.23995069447507e-14
5299.73363640842 1.24401179394068e-14
5302.32743722437 1.28510102339881e-14
5304.92123804032 1.26058213008122e-14
5307.51503885627 1.21616109652507e-14
5310.10883967222 1.21250267652259e-14
5312.70264048817 1.22603309611873e-14
5315.29644130413 1.2366324429042e-14
5317.89024212008 1.19929904223749e-14
5320.48404293603 1.1475831068297e-14
5323.07784375198 1.15465278262067e-14
5325.67164456793 1.17871266878413e-14
5328.26544538388 1.17094656250393e-14
5330.85924619984 1.2116641986081e-14
5333.45304701579 1.21850534490989e-14
5336.04684783174 1.15347405157127e-14
5338.64064864769 1.14362543008695e-14
5341.23444946364 1.13822440920208e-14
5343.82825027959 1.15040491239018e-14
5346.42205109555 1.16634895236953e-14
5349.0158519115 1.10731016302284e-14
5351.60965272745 1.1007282935062e-14
5354.2034535434 1.13290140005165e-14
5356.79725435935 1.13065345931293e-14
5359.39105517531 1.13032548815575e-14
5361.98485599126 1.12602035849804e-14
5364.57865680721 1.13996836533718e-14
5367.17245762316 1.12150397882328e-14
5369.76625843911 1.09206077476354e-14
5372.36005925506 1.10271433165763e-14
5374.95386007101 1.11246029274874e-14
5377.54766088697 1.14168530112126e-14
5380.14146170292 1.14476070834616e-14
5382.73526251887 1.10694238131715e-14
5385.32906333482 1.10156126570653e-14
5387.92286415077 1.1110991108025e-14
5390.51666496673 1.12091647677106e-14
5393.11046578268 1.1007299875721e-14
5395.70426659863 1.05701986876858e-14
5398.29806741458 1.06145086752225e-14
5400.89186823053 1.0798310589612e-14
5403.48566904648 1.08125898710368e-14
5406.07946986244 1.08318149778406e-14
5408.67327067839 1.07240732339828e-14
5411.26707149434 1.05033965872676e-14
5413.86087231029 1.06204421410181e-14
5416.45467312624 1.08039492879419e-14
5419.04847394219 1.08014361411874e-14
5421.64227475815 1.06813006112453e-14
5424.2360755741 1.0192892943529e-14
5426.82987639005 1.00711404276907e-14
5429.423677206 1.05434968210565e-14
5432.01747802195 1.08833950491637e-14
5434.6112788379 1.07461494536871e-14
5437.20507965386 1.03389561519865e-14
5439.79888046981 9.9045671634484e-15
5442.39268128576 9.90988822442305e-15
5444.98648210171 1.0232253717555e-14
5447.58028291766 1.03719302975902e-14
5450.17408373361 1.03480998726521e-14
5452.76788454957 1.06569230030234e-14
5455.36168536552 1.0517810546931e-14
5457.95548618147 1.01200286283074e-14
5460.54928699742 1.02363745328434e-14
5463.14308781337 1.05262673238764e-14
5465.73688862932 1.05993366210713e-14
5468.33068944528 1.05006157781018e-14
5470.92449026123 1.04095699006673e-14
5473.51829107718 1.03227117541241e-14
5476.11209189313 1.00067752410618e-14
5478.70589270908 1.01831249595813e-14
5481.29969352503 1.02938101429308e-14
5483.89349434099 9.98371307500689e-15
5486.48729515694 1.00273301895928e-14
5489.08109597289 1.01040044590112e-14
5491.67489678884 9.7702175736185e-15
5494.26869760479 9.88443827248985e-15
5496.86249842075 1.03575578425412e-14
5499.4562992367 1.02656047928202e-14
5502.05010005265 1.01682070153142e-14
5504.6439008686 9.99726221403117e-15
5507.23770168455 9.71489276963564e-15
5509.8315025005 9.6388309050381e-15
5512.42530331646 1.02364643183358e-14
5515.01910413241 1.04178106842111e-14
5517.61290494836 9.71454718019316e-15
5520.20670576431 9.71627851553735e-15
5522.80050658026 1.00425149492382e-14
5525.39430739621 9.72612273245034e-15
5527.98810821216 9.51280510798087e-15
5530.58190902812 9.63669722904396e-15
5533.17570984407 9.87804063263924e-15
5535.76951066002 1.01846640184465e-14
5538.36331147597 1.0152987527318e-14
5540.95711229192 9.80200672012895e-15
5543.55091310788 9.44018304418212e-15
5546.14471392383 9.39861320822973e-15
5548.73851473978 1.00529605595438e-14
5551.33231555573 1.01692336192463e-14
5553.92611637168 9.64587228992862e-15
5556.51991718763 9.73996070970963e-15
5559.11371800359 9.59095490879339e-15
5561.70751881954 9.27768485544907e-15
5564.30131963549 9.52115600580785e-15
5566.89512045144 9.79814763802126e-15
5569.48892126739 9.57115805475016e-15
5572.08272208334 9.22462586460011e-15
5574.6765228993 9.58607345791836e-15
5577.27032371525 9.89455523401185e-15
5579.8641245312 9.58396095774791e-15
5582.45792534715 9.49465149785531e-15
5585.0517261631 9.41911479368507e-15
5587.64552697905 9.469653014483e-15
5590.23932779501 9.29822116925525e-15
5592.83312861096 9.27355472279826e-15
5595.42692942691 9.71818095153688e-15
5598.02073024286 9.85969644010055e-15
5600.61453105881 9.56093267301091e-15
5603.20833187476 9.4100811873026e-15
5605.80213269072 9.49989632586471e-15
5608.39593350667 9.30668048729948e-15
5610.98973432262 9.49352409700252e-15
5613.58353513857 9.57506202960406e-15
5616.17733595452 9.2663549427466e-15
5618.77113677047 9.36588300811487e-15
5621.36493758643 9.49671317604893e-15
5623.95873840238 9.38786774826086e-15
5626.55253921833 9.38895618559808e-15
5629.14634003428 9.34479442882708e-15
5631.74014085023 9.1869328984473e-15
5634.33394166619 9.28718941215021e-15
5636.92774248214 9.16481517412859e-15
5639.52154329809 8.87234655590294e-15
5642.11534411404 8.9221199059495e-15
5644.70914492999 8.92964579368586e-15
5647.30294574594 8.74731941069053e-15
5649.8967465619 8.80474739748142e-15
5652.49054737785 8.86979275156697e-15
5655.0843481938 8.967622515876e-15
5657.67814900975 9.02140233176307e-15
5660.2719498257 8.77472007950126e-15
5662.86575064165 8.93880730204336e-15
5665.4595514576 9.24228904264921e-15
5668.05335227356 8.88586011954344e-15
5670.64715308951 8.7493319609732e-15
5673.24095390546 9.13000720219413e-15
5675.83475472141 8.94393185137425e-15
5678.42855553736 8.63797169236473e-15
5681.02235635332 8.62067104441706e-15
5683.61615716927 8.55647018217992e-15
5686.20995798522 8.50274203530264e-15
5688.80375880117 8.39613700966005e-15
5691.39755961712 8.63512650869491e-15
5693.99136043307 8.89426353341315e-15
5696.58516124903 8.99391526559172e-15
5699.17896206498 9.3172404470529e-15
5701.77276288093 9.23759732715437e-15
5704.36656369688 9.17791623272378e-15
5706.96036451283 9.22754812826814e-15
5709.55416532878 8.85016784521204e-15
5712.14796614474 8.78605253330257e-15
5714.74176696069 8.86272680272098e-15
5717.33556777664 8.61188900681993e-15
5719.92936859259 8.59853807350531e-15
5722.52316940854 8.64130730811102e-15
5725.11697022449 8.92290510549161e-15
5727.71077104045 8.79036477803704e-15
5730.3045718564 8.69924520873616e-15
5732.89837267235 8.92355054459741e-15
5735.4921734883 8.80091372636215e-15
5738.08597430425 8.47626039723968e-15
5740.6797751202 8.47744370226699e-15
5743.27357593616 8.81720809916848e-15
5745.86737675211 8.67511154600299e-15
5748.46117756806 8.46204125515412e-15
5751.05497838401 8.53474548114875e-15
5753.64877919996 8.46415799048931e-15
5756.24258001591 8.65364773111957e-15
5758.83638083187 8.67839464570655e-15
5761.43018164782 8.41423302154519e-15
5764.02398246377 8.56441281012633e-15
5766.61778327972 8.93037085388871e-15
5769.21158409567 8.86808343907941e-15
5771.80538491162 8.55396719982079e-15
5774.39918572758 8.35705575650669e-15
5776.99298654353 8.600823368397e-15
5779.58678735948 8.59452059623648e-15
5782.18058817543 8.4731848206082e-15
5784.77438899138 8.67047573468267e-15
5787.36818980734 8.8241596985666e-15
5789.96199062329 8.77446512258413e-15
5792.55579143924 8.7171116746926e-15
5795.14959225519 8.85248617438867e-15
5797.74339307114 8.85765307536692e-15
5800.33719388709 8.95863295520679e-15
5802.93099470305 9.09562952299686e-15
5805.524795519 8.91250354089932e-15
5808.11859633495 8.79899689080251e-15
5810.7123971509 9.01459642203188e-15
5813.30619796685 9.07504323424679e-15
5815.8999987828 8.87576433384512e-15
5818.49379959876 8.9412315103384e-15
5821.08760041471 9.06407754571164e-15
5823.68140123066 8.95234627667227e-15
5826.27520204661 8.85091069310678e-15
5828.86900286256 8.92924091193707e-15
5831.46280367851 9.0265150226327e-15
5834.05660449447 8.99653513849758e-15
5836.65040531042 9.03531061275699e-15
5839.24420612637 9.08911245150069e-15
5841.83800694232 9.0688556585671e-15
5844.43180775827 9.05888184561318e-15
5847.02560857422 9.05479491164268e-15
5849.61940939018 9.00595838003579e-15
5852.21321020613 8.99701371211278e-15
5854.80701102208 9.08037615368271e-15
5857.40081183803 8.97784112135168e-15
5859.99461265398 8.94773672337331e-15
5862.58841346993 8.84230314429678e-15
5865.18221428589 8.6533919271695e-15
5867.77601510184 8.77886037654744e-15
5870.36981591779 8.87886955662975e-15
5872.96361673374 8.80144481602008e-15
5875.55741754969 8.7162925938326e-15
5878.15121836565 8.54077804979909e-15
5880.7450191816 8.37795968261197e-15
5883.33881999755 8.38413455279746e-15
5885.9326208135 8.28441590501605e-15
5888.52642162945 8.01911925670537e-15
5891.1202224454 7.77532030459601e-15
5893.71402326135 7.47607711685822e-15
5896.30782407731 7.54749978200365e-15
5898.90162489326 7.92356631695856e-15
5901.49542570921 8.40300729389523e-15
5904.08922652516 7.41396673193491e-15
5906.68302734111 7.27108497922731e-15
5909.27682815707 8.68362846228763e-15
5911.87062897302 8.6966126303361e-15
5914.46442978897 8.70664912372811e-15
5917.05823060492 8.82642805279934e-15
5919.65203142087 8.64139285843869e-15
5922.24583223682 8.70096722671793e-15
5924.83963305278 8.6558584871119e-15
5927.43343386873 8.44598574563891e-15
5930.02723468468 8.45702936120522e-15
5932.62103550063 8.55395364729363e-15
5935.21483631658 8.58370737363183e-15
5937.80863713253 8.57064189042044e-15
5940.40243794849 8.54657937845484e-15
5942.99623876444 8.53136497265625e-15
5945.59003958039 8.49728375499053e-15
5948.18384039634 8.32577991196227e-15
5950.77764121229 8.36753524813012e-15
5953.37144202824 8.54270674381999e-15
5955.9652428442 8.40756941334914e-15
5958.55904366015 8.18351056407554e-15
5961.1528444761 8.17453455593349e-15
5963.74664529205 8.34908687053892e-15
5966.340446108 8.50508492843474e-15
5968.93424692395 8.29162584946308e-15
5971.52804773991 8.1213603686037e-15
5974.12184855586 8.29967181542905e-15
5976.71564937181 8.17745512553562e-15
5979.30945018776 7.97286617558761e-15
5981.90325100371 8.0715717719641e-15
5984.49705181966 8.36694486616588e-15
5987.09085263562 8.53748224460132e-15
5989.68465345157 8.34951208107844e-15
5992.27845426752 8.11149666993293e-15
5994.87225508347 8.32231724127389e-15
5997.46605589942 8.47179483954175e-15
6000.05985671537 8.23445281958931e-15
6002.65365753133 8.2161475905662e-15
6005.24745834728 8.07569089318659e-15
6007.84125916323 8.04783282658435e-15
6010.43505997918 8.14235662130024e-15
6013.02886079513 8.09929685439362e-15
6015.62266161109 8.24587336481714e-15
6018.21646242704 8.17991660328034e-15
6020.81026324299 7.92458953275885e-15
6023.40406405894 7.93217979499919e-15
6025.99786487489 8.23462307321171e-15
6028.59166569084 8.31255433952384e-15
6031.18546650679 8.24732348522284e-15
6033.77926732275 8.17295653355275e-15
6036.3730681387 7.814471861484e-15
6038.96686895465 7.87743944374994e-15
6041.5606697706 7.93696976631592e-15
6044.15447058655 8.15290133446061e-15
6046.74827140251 8.20426625941506e-15
6049.34207221846 7.9591391596444e-15
6051.93587303441 8.02597514138045e-15
6054.52967385036 8.03439295481026e-15
6057.12347466631 8.02665954400183e-15
6059.71727548226 7.92172740843007e-15
6062.31107629822 7.9344134208811e-15
6064.90487711417 8.0355245908278e-15
6067.49867793012 8.1615571641486e-15
6070.09247874607 8.17715696993819e-15
6072.68627956202 8.05331058865424e-15
6075.28008037797 7.98330755072841e-15
6077.87388119393 8.0078825176271e-15
6080.46768200988 8.01897780220318e-15
6083.06148282583 7.90282586821209e-15
6085.65528364178 7.8668989657543e-15
6088.24908445773 8.15293860391029e-15
6090.84288527368 8.05160466429847e-15
6093.43668608964 7.69319622519497e-15
6096.03048690559 7.79371870724332e-15
6098.62428772154 7.96920784028841e-15
6101.21808853749 7.92541369581653e-15
6103.81188935344 7.9031951745771e-15
6106.40569016939 7.84251881643348e-15
6108.99949098535 7.96147188838114e-15
6111.5932918013 8.21137540694137e-15
6114.18709261725 8.07224177502537e-15
6116.7808934332 8.01808079431204e-15
6119.37469424915 8.05254148273813e-15
6121.9684950651 7.97494140630838e-15
6124.56229588106 7.9920421544805e-15
6127.15609669701 7.92138097195465e-15
6129.74989751296 7.67182388986985e-15
6132.34369832891 7.96254169099352e-15
6134.93749914486 8.2806203503794e-15
6137.53129996081 7.98021757453683e-15
6140.12510077677 7.85636102885751e-15
6142.71890159272 7.94547651820519e-15
6145.31270240867 7.99158560372193e-15
6147.90650322462 7.81453030675736e-15
6150.50030404057 7.85481519372877e-15
6153.09410485653 7.84245359489654e-15
6155.68790567248 7.50530737683502e-15
6158.28170648843 7.65020167982529e-15
6160.87550730438 8.02157565225241e-15
6163.46930812033 7.9309753141482e-15
6166.06310893628 7.73650840791987e-15
6168.65690975224 7.5459895222587e-15
6171.25071056819 7.32901695062183e-15
6173.84451138414 7.48209359188257e-15
6176.43831220009 7.59258141655537e-15
6179.03211301604 7.4771630130966e-15
6181.62591383199 7.52063189691675e-15
6184.21971464794 7.43717543468967e-15
6186.8135154639 7.21127682985464e-15
6189.40731627985 6.93366051084262e-15
6192.0011170958 7.04653442732783e-15
6194.59491791175 7.2778747953325e-15
6197.1887187277 7.17217524791054e-15
6199.78251954366 7.09722384350684e-15
6202.37632035961 6.95153460009558e-15
6204.97012117556 6.74941051602407e-15
6207.56392199151 6.79023326891699e-15
6210.15772280746 6.88879698727482e-15
6212.75152362341 6.90670665191156e-15
6215.34532443937 6.85188667956527e-15
6217.93912525532 6.72018914989322e-15
6220.53292607127 6.5857531627027e-15
6223.12672688722 6.60165408870503e-15
6225.72052770317 6.57488869460474e-15
6228.31432851912 6.58920693954513e-15
6230.90812933508 6.64452412023147e-15
6233.50193015103 6.63549093736547e-15
6236.09573096698 6.78000831069421e-15
6238.68953178293 6.88259035335381e-15
6241.28333259888 6.72883185057053e-15
6243.87713341484 6.75234294408747e-15
6246.47093423079 6.91786715802459e-15
6249.06473504674 6.73263841663549e-15
6251.65853586269 6.59372543680226e-15
6254.25233667864 6.75554896379283e-15
6256.84613749459 6.86787612051059e-15
6259.43993831054 6.65463938768758e-15
6262.0337391265 6.3857182853956e-15
6264.62753994245 6.43736866045327e-15
6267.2213407584 6.55775660621358e-15
6269.81514157435 6.61536966970345e-15
6272.4089423903 6.57803796310264e-15
6275.00274320625 6.56101429492872e-15
6277.59654402221 6.64455715451641e-15
6280.19034483816 6.54845914906804e-15
6282.78414565411 6.48201068490536e-15
6285.37794647006 6.57927928988684e-15
6287.97174728601 6.50504362832358e-15
6290.56554810196 6.44904373908175e-15
6293.15934891792 6.52982061258018e-15
6295.75314973387 6.42000617910045e-15
6298.34695054982 6.2690911659211e-15
6300.94075136577 6.24885173716293e-15
6303.53455218172 6.23298681006086e-15
6306.12835299768 6.17168152995391e-15
6308.72215381363 6.14362441060906e-15
6311.31595462958 6.2095049391806e-15
6313.90975544553 6.13973864696353e-15
6316.50355626148 6.06102726330698e-15
6319.09735707743 5.99903885112807e-15
6321.69115789339 5.90743477898135e-15
6324.28495870934 5.909287240037e-15
6326.87875952529 5.85454180659006e-15
6329.47256034124 5.84920253440704e-15
6332.06636115719 5.95278068781261e-15
6334.66016197314 5.97843773930142e-15
6337.2539627891 5.76352515179227e-15
6339.84776360505 5.50620628329531e-15
6342.441564421 5.61832888155631e-15
6345.03536523695 5.59655759371303e-15
6347.6291660529 5.5638879564539e-15
6350.22296686885 5.60746991917251e-15
6352.81676768481 5.54118789698396e-15
6355.41056850076 5.54150511082271e-15
6358.00436931671 5.45848614111289e-15
6360.59817013266 5.52631061029839e-15
6363.19197094861 5.60502792318557e-15
6365.78577176456 5.43052346594166e-15
6368.37957258052 5.30969040436757e-15
6370.97337339647 5.41062496794476e-15
6373.56717421242 5.56986927961094e-15
6376.16097502837 5.63886138371422e-15
6378.75477584432 5.70199964311903e-15
6381.34857666027 5.84245295236685e-15
6383.94237747623 5.94682604619342e-15
6386.53617829218 5.99680734282852e-15
6389.12997910813 6.09199224675975e-15
6391.72377992408 6.24131949667948e-15
6394.31758074003 6.63015759441309e-15
6396.91138155598 6.85578091354027e-15
6399.50518237194 6.88265176324249e-15
6402.09898318789 7.17813327766152e-15
6404.69278400384 7.53977653559059e-15
6407.28658481979 7.85565375634656e-15
6409.88038563574 8.02832565780908e-15
6412.47418645169 8.34458997262194e-15
6415.06798726765 8.59702950782625e-15
6417.6617880836 8.71765970500947e-15
6420.25558889955 9.26263307997636e-15
6422.8493897155 9.68385748244824e-15
6425.44319053145 9.83889076981714e-15
6428.03699134741 1.00036014086084e-14
6430.63079216336 1.02332261113784e-14
6433.22459297931 1.09600430605607e-14
6435.81839379526 1.13864987385148e-14
6438.41219461121 1.1618641670237e-14
6441.00599542716 1.20964741316069e-14
6443.59979624312 1.20570498301099e-14
6446.19359705907 1.22532963525604e-14
6448.78739787502 1.27630755085689e-14
6451.38119869097 1.27596645068903e-14
6453.97499950692 1.30526726851033e-14
6456.56880032287 1.33231260699969e-14
6459.16260113883 1.33269529648526e-14
6461.75640195478 1.34136230700815e-14
6464.35020277073 1.3557181602114e-14
6466.94400358668 1.36308522927014e-14
6469.53780440263 1.37859592719367e-14
6472.13160521858 1.41670275364452e-14
6474.72540603454 1.45693004237552e-14
6477.31920685049 1.45340401362269e-14
6479.91300766644 1.42269703640565e-14
6482.50680848239 1.43519822626758e-14
6485.10060929834 1.45561019563711e-14
6487.69441011429 1.48473660937457e-14
6490.28821093025 1.51185860434565e-14
6492.8820117462 1.50371201086555e-14
6495.47581256215 1.48323668343157e-14
6498.0696133781 1.49239920822861e-14
6500.66341419405 1.48517062905675e-14
6503.25721501 1.48067559461226e-14
6505.85101582596 1.51864892867061e-14
6508.44481664191 1.52198183391147e-14
6511.03861745786 1.51183895318128e-14
6513.63241827381 1.50324360164572e-14
6516.22621908976 1.50071724117724e-14
6518.82001990571 1.51498991574506e-14
6521.41382072167 1.51620710209027e-14
6524.00762153762 1.52774470727141e-14
6526.60142235357 1.54021794504609e-14
6529.19522316952 1.53238932773438e-14
6531.78902398547 1.50497121004494e-14
6534.38282480143 1.48405491725862e-14
6536.97662561738 1.46725198587076e-14
6539.57042643333 1.47887581900593e-14
6542.16422724928 1.52080479692797e-14
6544.75802806523 1.50457988082331e-14
6547.35182888118 1.47420866746656e-14
6549.94562969713 1.45740810777095e-14
6552.53943051309 1.44946581863772e-14
6555.13323132904 1.45728393274088e-14
6557.72703214499 1.44558691595907e-14
6560.32083296094 1.43197306361762e-14
6562.91463377689 1.41215045977279e-14
6565.50843459285 1.40820447208471e-14
6568.1022354088 1.41297563927001e-14
6570.69603622475 1.37877109360716e-14
6573.2898370407 1.39514805212585e-14
6575.88363785665 1.38916351024362e-14
6578.4774386726 1.35282571210311e-14
6581.07123948856 1.33760605470026e-14
6583.66504030451 1.3348641243467e-14
6586.25884112046 1.359072834199e-14
6588.85264193641 1.35032315326045e-14
6591.44644275236 1.32380094231932e-14
6594.04024356831 1.30028544423105e-14
6596.63404438427 1.27836211397375e-14
6599.22784520022 1.27567837478366e-14
6601.82164601617 1.25098956665686e-14
6604.41544683212 1.22934550316227e-14
6607.00924764807 1.25404134166253e-14
6609.60304846402 1.23464564242312e-14
6612.19684927998 1.20326849273821e-14
6614.79065009593 1.17957156019264e-14
6617.38445091188 1.15908276493481e-14
6619.97825172783 1.16432556006513e-14
6622.57205254378 1.15795062069751e-14
6625.16585335973 1.14975540752623e-14
6627.75965417569 1.14353140942981e-14
6630.35345499164 1.130729353465e-14
6632.94725580759 1.11604790079683e-14
6635.54105662354 1.09936126703263e-14
6638.13485743949 1.1032303441291e-14
6640.72865825544 1.10968786920908e-14
6643.3224590714 1.09476450393118e-14
6645.91625988735 1.08489665479896e-14
6648.5100607033 1.0860490431237e-14
6651.10386151925 1.06732986909926e-14
6653.6976623352 1.03608807527932e-14
6656.29146315115 1.03308085420669e-14
6658.88526396711 1.01118073265213e-14
6661.47906478306 1.0091594579301e-14
6664.07286559901 1.04381208402204e-14
6666.66666641496 1.00652789596957e-14
6669.26046723091 9.64830666261903e-15
6671.85426804687 9.62576288072786e-15
6674.44806886282 9.61313531355019e-15
6677.04186967877 9.54339316177211e-15
6679.63567049472 9.43877612245674e-15
6682.22947131067 9.35367726334494e-15
6684.82327212662 9.1873809788764e-15
6687.41707294258 9.12146572195401e-15
6690.01087375853 9.12205949205004e-15
6692.60467457448 9.0465532810659e-15
6695.19847539043 9.01974553531824e-15
6697.79227620638 8.90609065445566e-15
6700.38607702233 8.66110246808835e-15
6702.97987783828 8.66121597050329e-15
6705.57367865424 8.68187256298798e-15
6708.16747947019 8.41275240795339e-15
6710.76128028614 8.47591904296193e-15
6713.35508110209 8.37887701929385e-15
6715.94888191804 8.2064304285953e-15
6718.542682734 8.16758041543653e-15
6721.13648354995 8.21609253342463e-15
6723.7302843659 8.21468307060039e-15
6726.32408518185 8.14940054728961e-15
6728.9178859978 8.01130961293169e-15
6731.51168681375 7.95307609780796e-15
6734.10548762971 8.1759203018352e-15
6736.69928844566 8.16366627618727e-15
6739.29308926161 7.88814932833502e-15
6741.88689007756 7.92251599610397e-15
6744.48069089351 7.90605221670819e-15
6747.07449170946 7.82529948364875e-15
6749.66829252542 7.83812356247018e-15
6752.26209334137 7.76351690047602e-15
6754.85589415732 7.66075909847987e-15
6757.44969497327 7.59063239374374e-15
6760.04349578922 7.51198030239349e-15
6762.63729660517 7.53063874415561e-15
6765.23109742113 7.65214053824155e-15
6767.82489823708 7.61796360585279e-15
6770.41869905303 7.56050597290874e-15
6773.01249986898 7.50019553299834e-15
6775.60630068493 7.446901914023e-15
6778.20010150088 7.45525450591587e-15
6780.79390231684 7.36976601164833e-15
6783.38770313279 7.30812657704369e-15
6785.98150394874 7.31640971223489e-15
6788.57530476469 7.30542284787606e-15
6791.16910558064 7.22157844455914e-15
6793.76290639659 6.95555800659504e-15
6796.35670721255 6.89954752944137e-15
6798.9505080285 7.27181173349606e-15
6801.54430884445 7.30698477663079e-15
6804.1381096604 7.13840658540235e-15
6806.73191047635 7.01621488298086e-15
6809.32571129231 6.84400207337575e-15
6811.91951210826 6.86460911443303e-15
6814.51331292421 7.10215315174339e-15
6817.10711374016 7.00262254527627e-15
6819.70091455611 6.73290607904682e-15
6822.29471537206 6.82514584942045e-15
6824.88851618802 6.77891436764284e-15
6827.48231700397 6.69935383345666e-15
6830.07611781992 6.92772026878352e-15
6832.66991863587 6.97981872427029e-15
6835.26371945182 7.00566932278755e-15
6837.85752026777 6.85590585089999e-15
6840.45132108372 6.60804325822617e-15
6843.04512189968 6.55833301213419e-15
6845.63892271563 6.40565447635865e-15
6848.23272353158 6.21828612974479e-15
6850.82652434753 5.8077457773531e-15
6853.42032516348 5.26644937241024e-15
6856.01412597944 5.09552320585201e-15
6858.60792679539 5.33138588276207e-15
6861.20172761134 5.43276852676836e-15
6863.79552842729 5.52151386271809e-15
6866.38932924324 6.04649429551446e-15
6868.98313005919 6.08104603998239e-15
6871.57693087515 5.80413275831659e-15
6874.1707316911 5.69450848373352e-15
6876.76453250705 5.5410299253393e-15
6879.358333323 5.53016122207661e-15
6881.95213413895 5.69825618100864e-15
6884.5459349549 5.86930177921244e-15
6887.13973577086 5.91516903682273e-15
6889.73353658681 5.9135202871909e-15
6892.32733740276 5.90333302193428e-15
6894.92113821871 5.93442167219735e-15
6897.51493903466 6.00484145033323e-15
6900.10873985062 6.18979405898152e-15
6902.70254066657 6.39586616362018e-15
6905.29634148252 6.32274858554729e-15
6907.89014229847 6.21073737211886e-15
6910.48394311442 6.19786374187001e-15
6913.07774393037 6.27008600611765e-15
6915.67154474632 6.28287789768709e-15
6918.26534556228 6.19607269070305e-15
6920.85914637823 6.25965945405343e-15
6923.45294719418 6.17610346545505e-15
6926.04674801013 6.2036900579977e-15
6928.64054882608 6.20647256122943e-15
6931.23434964203 6.03625070256684e-15
6933.82815045799 6.01602990853351e-15
6936.42195127394 6.11601537169331e-15
6939.01575208989 6.18851800384648e-15
6941.60955290584 6.14519311562737e-15
6944.20335372179 6.32766349422374e-15
6946.79715453774 6.28346531503601e-15
6949.3909553537 5.94740753431171e-15
6951.98475616965 5.95713570771092e-15
6954.5785569856 6.11469611787796e-15
6957.17235780155 6.2050872388442e-15
6959.7661586175 6.18489609096402e-15
6962.35995943346 6.15937964694446e-15
6964.95376024941 6.06676040581047e-15
6967.54756106536 5.8750226397382e-15
6970.14136188131 5.99640839031037e-15
6972.73516269726 5.99033516407855e-15
6975.32896351321 5.86355931934653e-15
6977.92276432917 6.01207680576868e-15
6980.51656514512 5.93347680694469e-15
6983.11036596107 5.76505319922912e-15
6985.70416677702 5.87095942269022e-15
6988.29796759297 6.02217852069763e-15
6990.89176840892 5.89349685183429e-15
6993.48556922488 5.80542871872589e-15
6996.07937004083 5.94008112283443e-15
6998.67317085678 5.91896289739349e-15
7001.26697167273 5.95970602918936e-15
7003.86077248868 5.96695790176728e-15
7006.45457330463 5.92292150587248e-15
7009.04837412059 6.03789648758336e-15
7011.64217493654 6.00941246363309e-15
7014.23597575249 5.91380743136002e-15
7016.82977656844 5.89580247551671e-15
7019.42357738439 5.89492876103162e-15
7022.01737820034 5.78309118935737e-15
7024.6111790163 5.67141328339368e-15
7027.20497983225 5.71964630402566e-15
7029.7987806482 5.84877478276868e-15
7032.39258146415 5.9823916890992e-15
7034.9863822801 5.78310770649984e-15
7037.58018309605 5.55156828575256e-15
7040.17398391201 5.72884169370105e-15
7042.76778472796 5.92219475160373e-15
7045.36158554391 5.87394309624692e-15
7047.95538635986 5.71619760938091e-15
7050.54918717581 5.65251131965923e-15
7053.14298799177 5.64280432208369e-15
7055.73678880772 5.77027769844778e-15
7058.33058962367 5.71857904251212e-15
7060.92439043962 5.55119135609104e-15
7063.51819125557 5.65076473772199e-15
7066.11199207152 5.68791306168972e-15
7068.70579288747 5.61635360072331e-15
7071.29959370343 5.57537245266925e-15
7073.89339451938 5.59856633234744e-15
7076.48719533533 5.67249155633553e-15
7079.08099615128 5.67993231726069e-15
7081.67479696723 5.75429164563425e-15
7084.26859778319 5.68203719413462e-15
7086.86239859914 5.43771011698264e-15
7089.45619941509 5.51209062117988e-15
7092.05000023104 5.52956914604648e-15
7094.64380104699 5.47920287293684e-15
7097.23760186294 5.57352507381129e-15
7099.8314026789 5.52487573648574e-15
7102.42520349485 5.41010488971515e-15
7105.0190043108 5.55490390149885e-15
7107.61280512675 5.58999986463539e-15
7110.2066059427 5.42625780801929e-15
7112.80040675865 5.40761418933375e-15
7115.39420757461 5.40171164024081e-15
7117.98800839056 5.47715093562212e-15
7120.58180920651 5.56190462880791e-15
7123.17561002246 5.5604722960941e-15
7125.76941083841 5.57644225528163e-15
7128.36321165436 5.52021959637468e-15
7130.95701247032 5.48535656729864e-15
7133.55081328627 5.33599840067634e-15
7136.14461410222 5.27183269030652e-15
7138.73841491817 5.56472016632458e-15
7141.33221573412 5.64039112521697e-15
7143.92601655007 5.59928249870435e-15
7146.51981736603 5.43380105993106e-15
7149.11361818198 5.26349788610553e-15
7151.70741899793 5.32725151494652e-15
7154.30121981388 5.19156530712586e-15
7156.89502062983 5.26201049625015e-15
7159.48882144578 5.49824883227233e-15
7162.08262226174 5.34852517093329e-15
7164.67642307769 5.17107049793409e-15
7167.27022389364 5.09826166337048e-15
7169.86402470959 5.05360439232534e-15
7172.45782552554 5.15159212827903e-15
7175.05162634149 5.15542791698067e-15
7177.64542715745 5.05324101519097e-15
7180.2392279734 5.08805788097138e-15
7182.83302878935 5.14396840823727e-15
7185.4268296053 5.12447309792326e-15
7188.02063042125 5.18042385925415e-15
7190.61443123721 5.26269828700333e-15
7193.20823205316 5.16801948525808e-15
7195.80203286911 5.28416845463385e-15
7198.39583368506 5.4153505647575e-15
7200.98963450101 5.54230598047434e-15
7203.58343531696 5.56906713940989e-15
7206.17723613291 5.50042697749619e-15
7208.77103694887 5.48005371753236e-15
7211.36483776482 5.36496989208776e-15
7213.95863858077 5.32101057619115e-15
7216.55243939672 5.29371451594941e-15
7219.14624021267 5.28129447184382e-15
7221.74004102863 5.14186395487982e-15
7224.33384184458 4.91837007658203e-15
7226.92764266053 4.97145956061709e-15
7229.52144347648 5.12317925509633e-15
7232.11524429243 5.04823801508801e-15
7234.70904510838 5.12876374331758e-15
7237.30284592434 5.34530475166783e-15
7239.89664674029 5.29503334624828e-15
7242.49044755624 5.26249626964541e-15
7245.08424837219 5.41558603991683e-15
7247.67804918814 5.2618974173517e-15
7250.27185000409 5.04264039785608e-15
7252.86565082005 5.10514422958339e-15
7255.459451636 5.15305537769541e-15
7258.05325245195 4.8003961747214e-15
7260.6470532679 4.7218990904005e-15
7263.24085408385 5.11787047609942e-15
7265.8346548998 5.12354686739544e-15
7268.42845571576 5.0040186600766e-15
7271.02225653171 5.03463678353747e-15
7273.61605734766 5.3658588531659e-15
7276.20985816361 5.30164147378629e-15
7278.80365897956 5.05887124319137e-15
7281.39745979551 5.15666162046835e-15
7283.99126061147 4.95199304942329e-15
7286.58506142742 4.86419639037449e-15
7289.17886224337 5.11550259549537e-15
7291.77266305932 5.33549738068804e-15
7294.36646387527 5.34720422305205e-15
7296.96026469122 5.07424827931582e-15
7299.55406550718 4.93103533672585e-15
7302.14786632313 4.92751167966527e-15
7304.74166713908 4.97622327391245e-15
7307.33546795503 5.08019953280323e-15
7309.92926877098 5.1882517142362e-15
7312.52306958693 5.11792087455978e-15
7315.11687040289 5.0300242656232e-15
7317.71067121884 5.18402883147766e-15
7320.30447203479 5.42632684120449e-15
7322.89827285074 5.44977313670096e-15
7325.49207366669 5.30126454412476e-15
7328.08587448265 5.32535881982588e-15
7330.6796752986 5.3090331068005e-15
7333.27347611455 5.38036175128879e-15
7335.8672769305 5.4107994567319e-15
7338.46107774645 5.23282555253603e-15
7341.0548785624 5.33970501685353e-15
7343.64867937836 5.48384546052074e-15
7346.24248019431 5.26908406839268e-15
7348.83628101026 5.02249795437037e-15
7351.43008182621 5.02953637464558e-15
7354.02388264216 5.57648545396194e-15
7356.61768345811 5.70125933632313e-15
7359.21148427406 5.05439255648276e-15
7361.80528509002 5.02916579773116e-15
7364.39908590597 5.31007411029268e-15
7366.99288672192 5.07146111740288e-15
7369.58668753787 4.83229797661384e-15
7372.18048835382 5.03210966073934e-15
7374.77428916978 5.21063455986739e-15
7377.36808998573 5.28938406000657e-15
7379.96189080168 5.2142653665958e-15
7382.55569161763 5.05957343350464e-15
7385.14949243358 4.93836767743376e-15
7387.74329324953 4.99393388580659e-15
7390.33709406549 5.22465803734213e-15
7392.93089488144 5.17911434631769e-15
7395.52469569739 5.24093885762131e-15
7398.11849651334 5.35658934810762e-15
7400.71229732929 5.18174565416834e-15
7403.30609814524 4.75995289258885e-15
7405.8998989612 4.72576198415646e-15
7408.49369977715 5.27879614816589e-15
7411.0875005931 5.40840489459001e-15
7413.68130140905 5.24847872140129e-15
7416.275102225 5.12616038755419e-15
7418.86890304096 5.16999646015697e-15
7421.46270385691 5.18703579844041e-15
7424.05650467286 5.01340929084633e-15
7426.65030548881 4.83750468814061e-15
7429.24410630476 5.03151462009389e-15
7431.83790712071 5.02684153932389e-15
7434.43170793666 4.68546439169083e-15
7437.02550875262 5.02945040080143e-15
7439.61930956857 5.31166102651936e-15
7442.21311038452 5.01738865163253e-15
7444.80691120047 5.26759329040551e-15
7447.40071201642 5.18564285275865e-15
7449.99451283237 4.93206659933913e-15
7452.58831364833 5.27986976242654e-15
7455.18211446428 5.19185710997619e-15
7457.77591528023 4.82146273115256e-15
7460.36971609618 4.85189450736504e-15
7462.96351691213 5.07149542223724e-15
7465.55731772809 4.9442782733397e-15
7468.15111854404 4.66955795997434e-15
7470.74491935999 4.62815498951255e-15
7473.33872017594 4.49159167907501e-15
7475.93252099189 4.67432717898386e-15
7478.52632180784 5.07737510144061e-15
7481.1201226238 5.20397857496787e-15
7483.71392343975 5.21952078251704e-15
7486.3077242557 4.98981518810056e-15
7488.90152507165 4.84733492900997e-15
7491.4953258876 4.74654224345145e-15
7494.08912670355 4.9716632720409e-15
7496.68292751951 5.21669084544026e-15
7499.27672833546 4.756521985636e-15
7501.87052915141 4.61174753780776e-15
7504.46432996736 4.78975955848625e-15
7507.05813078331 4.63733682666079e-15
7509.65193159926 4.61355468260073e-15
7512.24573241522 5.17890639972914e-15
7514.83953323117 5.28795426839161e-15
7517.43333404712 4.72620498238787e-15
7520.02713486307 4.78449270762023e-15
7522.62093567902 4.94695828558481e-15
7525.21473649497 4.92829306755912e-15
7527.80853731093 5.1303773410821e-15
7530.40233812688 5.18753978304403e-15
7532.99613894283 4.94774772029165e-15
7535.58993975878 4.7986135938839e-15
7538.18374057473 4.59394629338827e-15
7540.77754139068 4.35150471157688e-15
7543.37134220664 4.60629433969334e-15
7545.96514302259 4.90323952704523e-15
7548.55894383854 4.70238514536166e-15
7551.15274465449 4.66330982143892e-15
7553.74654547044 4.77915640005253e-15
7556.3403462864 4.7999400474793e-15
7558.93414710235 4.74968177107044e-15
7561.5279479183 4.56667776171731e-15
7564.12174873425 4.29525452409914e-15
7566.7155495502 4.37199105043917e-15
7569.30935036615 4.59818781087164e-15
7571.9031511821 4.34620863807417e-15
7574.49695199806 3.49161020429323e-15
7577.09075281401 2.77209679669865e-15
7579.68455362996 2.21274567272682e-15
7582.27835444591 1.5588057442604e-15
7584.87215526186 1.48871133265539e-15
7587.46595607781 1.40112791415106e-15
7590.05975689377 1.33772103942285e-15
7592.65355770972 1.6670513668427e-15
7595.24735852567 2.30620051186329e-15
7597.84115934162 2.87468159221533e-15
7600.43496015757 3.09555538584901e-15
7603.02876097353 3.12487289021938e-15
7605.62256178948 2.65411400099207e-15
7608.21636260543 2.12731689428207e-15
7610.81016342138 2.33030579899272e-15
7613.40396423733 2.3381516534249e-15
7615.99776505328 2.2566099091751e-15
7618.59156586924 2.77938064477032e-15
7621.18536668519 3.0062630783736e-15
7623.77916750114 2.72085215042271e-15
7626.37296831709 2.70437354795035e-15
7628.96676913304 3.29759688420816e-15
7631.56056994899 3.38259304057511e-15
7634.15437076495 3.38866944318047e-15
7636.7481715809 3.68564957064143e-15
7639.34197239685 3.83255642391438e-15
7641.9357732128 3.9794620066379e-15
7644.52957402875 3.95864278382734e-15
7647.1233748447 3.93561958128802e-15
7649.71717566065 3.93755420453955e-15
7652.31097647661 3.95223159144957e-15
7654.90477729256 4.09941457746332e-15
7657.49857810851 4.29034935630159e-15
7660.09237892446 4.52055300609105e-15
7662.68617974041 4.38574601846963e-15
7665.27998055637 4.2305767823127e-15
7667.87378137232 4.59036503808728e-15
7670.46758218827 4.91201817651057e-15
7673.06138300422 4.70573854879984e-15
7675.65518382017 4.40773668784625e-15
7678.24898463612 4.43032493896716e-15
7680.84278545208 4.79166284151874e-15
7683.43658626803 4.94681047833552e-15
7686.03038708398 4.4331328531873e-15
7688.62418789993 4.42523554150358e-15
7691.21798871588 4.69546827431438e-15
7693.81178953184 4.72264151477877e-15
7696.40559034779 5.01426310005717e-15
7698.99939116374 5.01504109981922e-15
7701.59319197969 4.95605923108659e-15
7704.18699279564 4.94014094090884e-15
7706.78079361159 4.74020982513777e-15
7709.37459442755 4.82424142273603e-15
7711.9683952435 4.83751824066777e-15
7714.56219605945 4.60641080672359e-15
7717.1559968754 4.81225251840059e-15
7719.74979769135 4.61813967194422e-15
7722.3435985073 4.56007810450878e-15
7724.93739932325 4.84240731483932e-15
7727.53120013921 4.76787519174452e-15
7730.12500095516 4.93326853909129e-15
7732.71880177111 4.98912655031445e-15
7735.31260258706 4.76608583464344e-15
7737.90640340301 4.99469579194264e-15
7740.50020421896 5.28167606018656e-15
7743.09400503492 5.17262692097467e-15
7745.68780585087 5.07406023800153e-15
7748.28160666682 4.95046627253587e-15
7750.87540748277 4.95625404866445e-15
7753.46920829872 4.91352165999195e-15
7756.06300911468 5.01363290754441e-15
7758.65680993063 5.25356303666719e-15
7761.25061074658 5.15836034504407e-15
7763.84441156253 4.82239277332865e-15
7766.43821237848 4.59720948781757e-15
7769.03201319443 4.68112758300089e-15
7771.62581401039 5.10078455100388e-15
7774.21961482634 5.11742790138448e-15
7776.81341564229 5.06136024950687e-15
7779.40721645824 5.22208221014953e-15
7782.00101727419 5.17816524590029e-15
7784.59481809015 5.06712303816352e-15
7787.1886189061 4.64637212710915e-15
7789.78241972205 4.60428009534477e-15
7792.376220538 5.28886736990875e-15
7794.97002135395 5.19653357887798e-15
7797.5638221699 4.78903195718456e-15
7800.15762298585 4.97691953499509e-15
7802.75142380181 5.10594425220208e-15
7805.34522461776 4.99140633949198e-15
7807.93902543371 4.86256796953339e-15
7810.53282624966 4.86698821096864e-15
7813.12662706561 4.75639238959507e-15
7815.72042788156 4.65903272857176e-15
7818.31422869752 4.97507469723597e-15
7820.90802951347 4.78786982798093e-15
7823.50183032942 4.62855690664603e-15
7826.09563114537 5.02272199458492e-15
7828.68943196132 5.15731256528831e-15
7831.28323277727 5.02878378587195e-15
7833.87703359323 4.49862501715253e-15
7836.47083440918 4.51304744714543e-15
7839.06463522513 4.81066136700918e-15
7841.65843604108 4.70777820413683e-15
7844.25223685703 4.76560768454472e-15
7846.84603767299 5.01955917355987e-15
7849.43983848894 5.21394688220763e-15
7852.03363930489 5.18286500820813e-15
7854.62744012084 4.73411965824701e-15
7857.22124093679 4.68681413869228e-15
7859.81504175274 4.83503008138521e-15
7862.4088425687 4.98122500346599e-15
7865.00264338465 4.75665285222635e-15
7867.5964442006 4.65516644668402e-15
7870.19024501655 4.79803041169972e-15
7872.7840458325 4.46619339615159e-15
7875.37784664845 4.47602321350447e-15
7877.9716474644 4.4655958144073e-15
7880.56544828036 4.37801557227652e-15
7883.15924909631 4.53128660759866e-15
7885.75304991226 4.52166388980138e-15
7888.34685072821 4.41696130015832e-15
7890.94065154416 4.23631543053035e-15
7893.53445236012 4.37277667349775e-15
7896.12825317607 4.647522821368e-15
7898.72205399202 4.29803872139677e-15
7901.31585480797 4.27853409372034e-15
7903.90965562392 4.82206031289685e-15
7906.50345643987 4.67639224530927e-15
7909.09725725583 4.39224869040571e-15
7911.69105807178 4.64442352781399e-15
7914.28485888773 4.87703232765718e-15
7916.87865970368 4.87449292288131e-15
7919.47246051963 4.56125632733841e-15
7922.06626133558 4.20320703020454e-15
7924.66006215154 4.26672772498504e-15
7927.25386296749 4.47531594099351e-15
7929.84766378344 4.65001267471645e-15
7932.44146459939 4.9985040520735e-15
7935.03526541534 4.9752957728352e-15
7937.62906623129 4.48805362245432e-15
7940.22286704725 4.47250463864158e-15
7942.8166678632 4.50005692634987e-15
7945.41046867915 4.16066988262638e-15
7948.0042694951 4.34688668794845e-15
7950.59807031105 4.53366888776281e-15
7953.191871127 4.54356011500437e-15
7955.78567194296 4.54228024822107e-15
7958.37947275891 4.28704677484025e-15
7960.97327357486 4.26017592513803e-15
7963.56707439081 4.21640507407219e-15
7966.16087520676 4.1270778264877e-15
7968.75467602271 4.3733090337051e-15
7971.34847683867 4.51275183264684e-15
7973.94227765462 4.35605116092127e-15
7976.53607847057 4.15828209674807e-15
7979.12987928652 4.35174315135153e-15
7981.72368010247 4.87932143419714e-15
7984.31748091843 4.75855232361056e-15
7986.91128173438 4.44923876116287e-15
7989.50508255033 4.57953148669189e-15
7992.09888336628 4.58726108585206e-15
7994.69268418223 4.42347244242387e-15
7997.28648499818 4.1967746620031e-15
7999.88028581414 4.22451668509157e-15
8002.47408663009 4.23457604837316e-15
8005.06788744604 3.9249888942835e-15
8007.66168826199 4.19141929619408e-15
8010.25548907794 4.49518606338668e-15
8012.84928989389 3.94231876486785e-15
8015.44309070984 3.94287653606362e-15
8018.0368915258 4.39464028793228e-15
8020.63069234175 4.33262942938027e-15
8023.2244931577 4.14108732791881e-15
8025.81829397365 4.261958929492e-15
8028.4120947896 4.30122568286081e-15
8031.00589560556 4.08930396868842e-15
8033.59969642151 4.26575575467806e-15
8036.19349723746 4.39494818440861e-15
8038.78729805341 4.47151996284039e-15
8041.38109886936 4.30728196843368e-15
8043.97489968531 4.1623910535752e-15
8046.56870050127 4.13887826599237e-15
8049.16250131722 4.1244456716041e-15
8051.75630213317 4.23958836583854e-15
8054.35010294912 4.25366224177364e-15
8056.94390376507 4.41549042744542e-15
8059.53770458102 4.20840357733595e-15
8062.13150539698 3.91424809299584e-15
8064.72530621293 4.23241569084119e-15
8067.31910702888 4.20802876525679e-15
8069.91290784483 3.98969585870663e-15
8072.50670866078 4.09511969690426e-15
8075.10050947674 4.14459192673807e-15
8077.69431029269 4.21692007010412e-15
8080.28811110864 4.17406697923663e-15
8082.88191192459 4.19440212271784e-15
8085.47571274054 4.39486898682804e-15
8088.06951355649 4.23285318335844e-15
8090.66331437244 4.14357167555311e-15
8093.2571151884 4.05636497495207e-15
8095.85091600435 3.84944626088263e-15
8098.4447168203 3.91055037066461e-15
8101.03851763625 4.02745785804464e-15
8103.6323184522 4.20446445061474e-15
8106.22611926815 4.16953747055119e-15
8108.81992008411 3.8011996877235e-15
8111.41372090006 3.97516754959532e-15
8114.00752171601 4.13675602494302e-15
8116.60132253196 3.97606243990409e-15
8119.19512334791 4.27374158130478e-15
8121.78892416387 4.62123642439938e-15
8124.38272497982 4.28214499517449e-15
8126.97652579577 3.97116658946896e-15
8129.57032661172 3.82309337182765e-15
8132.16412742767 3.57315427788364e-15
8134.75792824362 3.89841535314577e-15
8137.35172905958 4.27304997890334e-15
8139.94552987553 4.18374983637317e-15
8142.53933069148 4.14670019174379e-15
8145.13313150743 4.01542236689711e-15
8147.72693232338 3.55350777218855e-15
8150.32073313933 3.5082613897286e-15
8152.91453395529 3.70011392876522e-15
8155.50833477124 3.90946659200859e-15
8158.10213558719 4.2167260995592e-15
8160.69593640314 4.09701493312375e-15
8163.28973721909 3.54712220255744e-15
8165.88353803504 3.59890535002959e-15
8168.477338851 4.40939941352171e-15
8171.07113966695 4.30213200811437e-15
8173.6649404829 3.83665606337909e-15
8176.25874129885 3.90999768166652e-15
8178.8525421148 3.6826438742281e-15
8181.44634293075 3.55066258851872e-15
8184.04014374671 3.70050144633859e-15
8186.63394456266 4.00557645591822e-15
8189.22774537861 3.99705318688648e-15
8191.82154619456 3.83398621552934e-15
8194.41534701051 4.01406033791792e-15
8197.00914782646 4.07072218340803e-15
8199.60294864242 3.94272957584727e-15
8202.19674945837 3.8723673959518e-15
8204.79055027432 3.49111596056851e-15
8207.38435109027 3.22336037561195e-15
8209.97815190622 3.01949839169092e-15
8212.57195272218 3.14180465531852e-15
8215.16575353813 3.77418823055203e-15
8217.75955435408 3.72991424191552e-15
8220.35335517003 3.57079952629027e-15
8222.94715598598 3.7464326549364e-15
8225.54095680193 3.56131572189634e-15
8228.13475761789 3.429634921125e-15
8230.72855843384 3.52191831369541e-15
8233.32235924979 3.70127563445238e-15
8235.91616006574 4.00555528009454e-15
8238.50996088169 3.97657404780424e-15
8241.10376169764 3.61160025632657e-15
8243.69756251359 3.86090534610956e-15
8246.29136332955 4.05457053565331e-15
8248.8851641455 3.7658525793181e-15
8251.47896496145 3.61217158004949e-15
8254.0727657774 3.50404634202482e-15
8256.66656659335 3.53620860654854e-15
8259.26036740931 3.69390475374537e-15
8261.85416822526 3.85641268335732e-15
8264.44796904121 3.71058367950976e-15
8267.04176985716 3.58722942436817e-15
8269.63557067311 3.64441685380204e-15
8272.22937148906 3.71829803207688e-15
8274.82317230502 3.78603186873701e-15
8277.41697312097 3.65623804561392e-15
8280.01077393692 3.45430560274673e-15
8282.60457475287 3.72006621335427e-15
8285.19837556882 3.66902527850215e-15
8287.79217638477 3.64591779618458e-15
8290.38597720073 3.74105314868839e-15
8292.97977801668 3.58696303250625e-15
8295.57357883263 3.66300456831306e-15
8298.16737964858 3.43372736080966e-15
8300.76118046453 3.09460310905806e-15
8303.35498128048 3.39744682209639e-15
8305.94878209644 3.41567010068186e-15
8308.54258291239 2.95095627384087e-15
8311.13638372834 3.26496451639872e-15
8313.73018454429 3.58645820086969e-15
8316.32398536024 3.28179209644534e-15
8318.91778617619 3.41280903514427e-15
8321.51158699215 3.65763141481215e-15
8324.1053878081 3.63497031885779e-15
8326.69918862405 3.88485732027554e-15
8329.29298944 3.9647376093993e-15
8331.88679025595 3.76694313423769e-15
8334.4805910719 3.71694447342716e-15
8337.07439188786 3.54887725482415e-15
8339.66819270381 3.36031289768877e-15
8342.26199351976 3.47246598913587e-15
8344.85579433571 3.78976558996851e-15
8347.44959515166 3.8166914968123e-15
8350.04339596761 3.54192057322835e-15
8352.63719678357 3.49690733658712e-15
8355.23099759952 3.34847540049265e-15
8357.82479841547 3.38438282119265e-15
8360.41859923142 3.56618658485953e-15
8363.01240004737 3.42007340145816e-15
8365.60620086333 3.3797611976742e-15
8368.20000167928 3.71990781819313e-15
8370.79380249523 3.81245379097719e-15
8373.38760331118 3.21021950646825e-15
8375.98140412713 3.3022926231095e-15
8378.57520494308 3.99266979138444e-15
8381.16900575903 4.01460921526774e-15
8383.76280657499 3.57352993699575e-15
8386.35660739094 3.4606822785319e-15
8388.95040820689 3.68188450919089e-15
8391.54420902284 3.65444021818337e-15
8394.13800983879 3.63495803688005e-15
8396.73181065474 3.95767631923452e-15
8399.3256114707 3.86258797705928e-15
8401.91941228665 3.73690099318095e-15
8404.5132131026 3.78576378280921e-15
8407.10701391855 3.50784867292505e-15
8409.7008147345 3.33863520698616e-15
8412.29461555046 3.40939379830094e-15
8414.88841636641 3.55784076923023e-15
8417.48221718236 3.90606660175831e-15
8420.07601799831 4.02582731962118e-15
8422.66981881426 3.70993866392042e-15
8425.26361963021 3.64373965096071e-15
8427.85742044617 3.81631753176609e-15
8430.45122126212 3.64494370829523e-15
8433.04502207807 3.6903810966848e-15
8435.63882289402 3.96769841306643e-15
8438.23262370997 3.95925052996699e-15
8440.82642452592 3.69839106375051e-15
8443.42022534188 3.68126066942523e-15
8446.01402615783 3.92307375278976e-15
8448.60782697378 3.87541798511134e-15
8451.20162778973 3.82817048731349e-15
8453.79542860568 3.7020091649847e-15
8456.38922942163 3.36277988114764e-15
8458.98303023759 3.48224498451192e-15
8461.57683105354 3.83013772133349e-15
8464.17063186949 3.74672149317141e-15
8466.76443268544 3.43139187921585e-15
8469.35823350139 3.65083863409165e-15
8471.95203431734 3.63819497328798e-15
8474.5458351333 3.3973663539664e-15
8477.13963594925 3.59573448219155e-15
8479.7334367652 3.46616956972245e-15
8482.32723758115 3.34287545392011e-15
8484.9210383971 3.38535415622492e-15
8487.51483921305 3.42967409639881e-15
8490.10864002901 3.47254688078233e-15
8492.70244084496 3.51585228724365e-15
8495.29624166091 3.55916595227621e-15
8497.89004247686 3.60246627653985e-15
8500.48384329281 3.64579497640722e-15
8503.07764410877 3.68451327594269e-15
8505.67144492472 3.76562260987292e-15
8508.26524574067 3.59294986137745e-15
8510.85904655662 3.38001848393193e-15
8513.45284737257 3.3973358607803e-15
8516.04664818852 3.56338714096885e-15
8518.64044900448 3.68110905052768e-15
8521.23424982043 3.72573201673845e-15
8523.82805063638 3.9552309351158e-15
8526.42185145233 4.03965555600158e-15
8529.01565226828 3.68285986762965e-15
8531.60945308423 3.37668096236151e-15
8534.20325390018 3.61864841748067e-15
8536.79705471614 3.59832725004309e-15
8539.39085553209 3.6544414887328e-15
8541.98465634804 3.74907328014947e-15
8544.57845716399 3.92655505820298e-15
8547.17225797994 4.18445456778528e-15
8549.7660587959 3.98006636464577e-15
8552.35985961185 3.73567830112159e-15
8554.9536604278 3.64655476496091e-15
8557.54746124375 3.7242137101805e-15
8560.1412620597 3.84106995206723e-15
8562.73506287565 3.60040756296155e-15
8565.32886369161 3.26871793114624e-15
8567.92266450756 3.32747999482906e-15
8570.51646532351 3.58855841906241e-15
8573.11026613946 3.98113870835699e-15
8575.70406695541 4.00721504115469e-15
8578.29786777136 3.80883780732536e-15
8580.89166858732 3.50189551361351e-15
8583.48546940327 3.31371570943617e-15
8586.07927021922 3.77633545907332e-15
8588.67307103517 3.9474102799138e-15
8591.26687185112 3.81963493630401e-15
8593.86067266708 3.79120427542942e-15
8596.45447348303 3.96958814357176e-15
8599.04827429898 3.88809806833174e-15
8601.64207511493 3.51368875333813e-15
8604.23587593088 3.62323552440653e-15
8606.82967674683 3.47833380987797e-15
8609.42347756278 3.53620098325202e-15
8612.01727837874 4.08530385559501e-15
8614.61107919469 3.69212301994082e-15
8617.20488001064 3.26386591466613e-15
8619.79868082659 3.67944505430279e-15
8622.39248164254 3.81132130792671e-15
8624.98628245849 3.9497002334867e-15
8627.58008327445 4.43074294972663e-15
8630.1738840904 4.36888243952275e-15
8632.76768490635 3.83906968376229e-15
8635.3614857223 3.72791990284121e-15
8637.95528653825 3.92463779912687e-15
8640.54908735421 3.76872444452577e-15
8643.14288817016 3.44203844808812e-15
8645.73668898611 3.65547275134608e-15
8648.33048980206 3.91940355902931e-15
8650.92429061801 3.71460750952569e-15
8653.51809143396 3.5727261027288e-15
8656.11189224992 3.4936710354539e-15
8658.70569306587 3.32430531534275e-15
8661.29949388182 3.44630029436223e-15
8663.89329469777 3.51124718086767e-15
8666.48709551372 3.52634363732834e-15
8669.08089632967 3.35881364937213e-15
8671.67469714563 3.24837728195087e-15
8674.26849796158 3.3452371935353e-15
8676.86229877753 3.50040939430755e-15
8679.45609959348 3.56814238393474e-15
8682.04990040943 3.43655687436997e-15
8684.64370122538 3.50733092403604e-15
8687.23750204134 3.59125494844999e-15
8689.83130285729 3.24562188377345e-15
8692.42510367324 3.17748231833158e-15
8695.01890448919 3.39198028321305e-15
8697.61270530514 3.38913319371909e-15
8700.20650612109 3.68667024534287e-15
8702.80030693705 3.79455894941702e-15
8705.394107753 3.35404570091203e-15
8707.98790856895 3.27021294429814e-15
8710.5817093849 3.25531045838239e-15
8713.17551020085 3.24087765223588e-15
8715.7693110168 3.32175807551212e-15
8718.36311183276 3.58485095585228e-15
8720.95691264871 3.87134248608562e-15
8723.55071346466 3.47947709259853e-15
8726.14451428061 3.18271126447322e-15
8728.73831509656 3.38090871555949e-15
8731.33211591252 3.57033069355397e-15
8733.92591672847 3.29353154957782e-15
8736.51971754442 3.20841320870823e-15
8739.11351836037 3.14213351586029e-15
8741.70731917632 2.86104605583043e-15
8744.30111999227 3.45385349891114e-15
8746.89492080822 3.83720409369596e-15
8749.48872162418 3.36237965808007e-15
8752.08252244013 3.36215964127202e-15
8754.67632325608 3.39281905758907e-15
8757.27012407203 3.29787936969607e-15
8759.86392488798 3.37592752655492e-15
8762.45772570393 3.4878377313044e-15
8765.05152651989 3.48263906659063e-15
8767.64532733584 3.3576538495091e-15
8770.23912815179 3.6503304143233e-15
8772.83292896774 3.73755066745149e-15
8775.42672978369 3.26583674857615e-15
8778.02053059965 3.05927421186103e-15
8780.6143314156 3.21709106125285e-15
8783.20813223155 3.44253163302166e-15
8785.8019330475 3.56704505275157e-15
8788.39573386345 2.95989543604971e-15
8790.9895346794 2.95401448629693e-15
8793.58333549536 3.29405014549977e-15
8796.17713631131 3.16032693653437e-15
8798.77093712726 2.94001832563473e-15
8801.36473794321 3.17290791689994e-15
8803.95853875916 3.48466453412575e-15
8806.55233957511 3.19709536622526e-15
8809.14614039107 3.02970153881531e-15
8811.73994120702 3.07229607287565e-15
8814.33374202297 3.12527374856167e-15
8816.92754283892 3.2332422854911e-15
8819.52134365487 3.61447889779781e-15
8822.11514447082 3.62814704495118e-15
8824.70894528677 3.34945351178849e-15
8827.30274610273 3.22992149282139e-15
8829.89654691868 2.884137444522e-15
8832.49034773463 3.06311698858449e-15
8835.08414855058 3.28462542165391e-15
8837.67794936653 3.01813022172287e-15
8840.27175018249 2.9425272372245e-15
8842.86555099844 2.89725650256731e-15
8845.45935181439 2.75039454204057e-15
8848.05315263034 2.98596329851794e-15
8850.64695344629 3.37739924630078e-15
8853.24075426224 3.6988471909926e-15
8855.8345550782 3.55860225184981e-15
8858.42835589415 3.4053532393843e-15
8861.0221567101 3.22117503060804e-15
8863.61595752605 3.04502500010585e-15
8866.209758342 3.11198316634454e-15
8868.80355915796 2.87861669553003e-15
8871.39735997391 3.09939625674834e-15
8873.99116078986 3.55269313825153e-15
8876.58496160581 3.26507844233012e-15
8879.17876242176 2.93653659670504e-15
8881.77256323771 3.29639325039011e-15
8884.36636405367 3.48788982383066e-15
8886.96016486962 3.66204996218151e-15
8889.55396568557 3.63358923163729e-15
8892.14776650152 3.04175926457771e-15
8894.74156731747 2.87186626645689e-15
8897.33536813342 3.09198789483342e-15
8899.92916894937 3.12233030906996e-15
8902.52296976533 2.81432858889933e-15
8905.11677058128 2.83780918923016e-15
8907.71057139723 3.67817619894781e-15
8910.30437221318 3.53046762899029e-15
8912.89817302913 2.770818412223e-15
8915.49197384508 2.86697126305471e-15
8918.08577466104 3.13036378129996e-15
8920.67957547699 3.19733444127462e-15
8923.27337629294 3.21152859588823e-15
8925.86717710889 3.16788818789627e-15
8928.46097792484 3.25861092226136e-15
8931.0547787408 3.22951110535844e-15
8933.64857955675 2.93380745654899e-15
8936.2423803727 2.97190466917588e-15
8938.83618118865 3.31689420057075e-15
8941.4299820046 3.28336080146366e-15
8944.02378282055 2.76146399211176e-15
8946.61758363651 2.50841162857012e-15
8949.21138445246 2.87924900562516e-15
8951.80518526841 3.12202580072542e-15
8954.39898608436 2.91165140398942e-15
8956.99278690031 2.41835148572802e-15
8959.58658771627 2.44936157368523e-15
8962.18038853222 2.96679282533921e-15
8964.77418934817 3.00151249408892e-15
8967.36799016412 2.4733042304888e-15
8969.96179098007 2.3772348124024e-15
8972.55559179602 2.69000977498905e-15
8975.14939261197 2.15762966236546e-15
8977.74319342793 2.04800475250768e-15
8980.33699424388 2.52048904784855e-15
8982.93079505983 2.59535384313338e-15
8985.52459587578 2.68885738666431e-15
8988.11839669173 2.78929940058267e-15
8990.71219750768 2.73613876578004e-15
8993.30599832364 2.96805723377122e-15
8995.89979913959 2.75700690474331e-15
8998.49359995554 2.87313745115248e-15
9001.08740077149 3.25014122806353e-15
9003.68120158744 3.03495271957181e-15
9006.27500240339 3.11879479354812e-15
9008.86880321935 2.9404443832072e-15
9011.4626040353 2.9380974666686e-15
9014.05640485125 2.8369598269423e-15
9016.6502056672 2.6674511700213e-15
9019.24400648315 2.53687341790552e-15
9021.83780729911 2.32249001423017e-15
9024.43160811506 2.34775743056324e-15
9027.02540893101 2.57190267719746e-15
9029.61920974696 2.86347958148789e-15
9032.21301056291 2.61435236862382e-15
9034.80681137886 2.21267960415694e-15
9037.40061219482 2.45227324944142e-15
9039.99441301077 2.87113273592457e-15
9042.58821382672 3.16339700745169e-15
9045.18201464267 3.05178474654141e-15
9047.77581545862 2.79068112307788e-15
9050.36961627457 2.90261356244222e-15
9052.96341709052 3.08513433949895e-15
9055.55721790648 2.98350436187206e-15
9058.15101872243 2.79337680543252e-15
9060.74481953838 2.74044529304212e-15
9063.33862035433 2.62061871836761e-15
9065.93242117028 2.58024256359613e-15
9068.52622198624 2.87229359457878e-15
9071.12002280219 2.98018759260885e-15
9073.71382361814 2.85584125012779e-15
9076.30762443409 2.85978291794783e-15
9078.90142525004 3.03150487196001e-15
9081.49522606599 3.23017772028793e-15
9084.08902688195 3.30624487884139e-15
9086.6828276979 2.97108325897529e-15
9089.27662851385 2.57736053399309e-15
9091.8704293298 2.78211677294819e-15
9094.46423014575 2.9188518193158e-15
9097.0580309617 3.00745824186217e-15
9099.65183177766 3.16332543316765e-15
9102.24563259361 2.86523781012815e-15
9104.83943340956 2.69501150454259e-15
9107.43323422551 3.17559301134273e-15
9110.02703504146 3.50458992541872e-15
9112.62083585741 3.00925501050154e-15
9115.21463667337 2.7788012742344e-15
9117.80843748932 3.00404469908474e-15
9120.40223830527 2.74659263465682e-15
9122.99603912122 3.12398837606421e-15
9125.58983993717 3.51238665193996e-15
9128.18364075312 2.64487689494402e-15
9130.77744156908 2.85553038903614e-15
9133.37124238503 3.40882395688568e-15
9135.96504320098 2.74987785194275e-15
9138.55884401693 2.33295828266705e-15
9141.15264483288 2.64668700435231e-15
9143.74644564883 3.28415785946703e-15
9146.34024646479 3.4799601131367e-15
9148.93404728074 3.13499535745554e-15
9151.52784809669 2.37863220500713e-15
9154.12164891264 2.10572496566537e-15
9156.71544972859 2.57516396580263e-15
9159.30925054455 3.00150232969356e-15
9161.9030513605 2.95489201243028e-15
9164.49685217645 3.09667961032826e-15
9167.0906529924 3.26770593853251e-15
9169.68445380835 3.13078708601535e-15
9172.2782546243 3.06878067438631e-15
9174.87205544026 3.12370483178512e-15
9177.46585625621 3.27656844425963e-15
9180.05965707216 3.39949283018049e-15
9182.65345788811 3.05236983454973e-15
9185.24725870406 2.52693539209363e-15
9187.84105952001 2.66645908268183e-15
9190.43486033596 2.89314627519076e-15
9193.02866115192 2.6692176572328e-15
9195.62246196787 2.83495002951671e-15
9198.21626278382 3.28163285425126e-15
9200.81006359977 3.09853884764748e-15
9203.40386441572 2.86166206054132e-15
9205.99766523168 2.90180401070288e-15
9208.59146604763 2.92493415115179e-15
9211.18526686358 3.01387853984412e-15
9213.77906767953 2.49437523384293e-15
9216.37286849548 2.38771091589404e-15
9218.96666931143 2.91900936744399e-15
9221.56047012739 2.89849655880209e-15
9224.15427094334 2.80529964119807e-15
9226.74807175929 3.05305275486345e-15
9229.34187257524 2.92035742037954e-15
9231.93567339119 2.96974875856689e-15
9234.52947420714 3.26973691178178e-15
9237.1232750231 2.96920665748064e-15
9239.71707583905 3.12542706152512e-15
9242.310876655 2.90890998185564e-15
9244.90467747095 2.60016604906497e-15
9247.4984782869 2.63527895286045e-15
9250.09227910286 2.86621126274278e-15
9252.68607991881 3.23025225918729e-15
9255.27988073476 2.72694507017055e-15
9257.87368155071 2.17239132905373e-15
9260.46748236666 2.80416504056522e-15
9263.06128318261 3.14260425442073e-15
9265.65508399856 2.68960446972379e-15
9268.24888481452 2.58847275922812e-15
9270.84268563047 2.85770048744701e-15
9273.43648644642 2.90447407031086e-15
9276.03028726237 2.14671098415888e-15
9278.62408807832 1.96842854821198e-15
9281.21788889427 2.36895718292536e-15
9283.81168971023 2.51440671601255e-15
9286.40549052618 2.6210363056106e-15
9288.99929134213 2.76454168632561e-15
9291.59309215808 2.6203466090333e-15
9294.18689297403 2.69318043106886e-15
9296.78069378999 2.46928336508818e-15
9299.37449460594 2.32688780929231e-15
9301.96829542189 2.5826968415608e-15
9304.56209623784 2.26355579110082e-15
9307.15589705379 1.82301141413502e-15
9309.74969786974 1.72151251485672e-15
9312.3434986857 1.50667414860957e-15
9314.93729950165 1.39320159158889e-15
9317.5311003176 1.77769599848986e-15
9320.12490113355 2.0132715312308e-15
9322.7187019495 2.00820246255796e-15
9325.31250276545 2.26953584370844e-15
9327.90630358141 1.75581671394581e-15
9330.50010439736 1.32046284900166e-15
9333.09390521331 1.74042930166775e-15
9335.68770602926 1.74147538735761e-15
9338.28150684521 2.2727850620941e-15
9340.87530766116 2.974536400543e-15
9343.46910847712 2.52780529493046e-15
9346.06290929307 1.83501641209645e-15
9348.65671010902 1.45892383087841e-15
9351.25051092497 1.43441397963754e-15
9353.84431174092 1.88186665144204e-15
9356.43811255687 2.52293739658258e-15
9359.03191337283 2.16012777428515e-15
9361.62571418878 1.57756540645972e-15
9364.21951500473 2.16134326656446e-15
9366.81331582068 2.17386071945898e-15
9369.40711663663 2.16323363234449e-15
9372.00091745258 2.62057446089611e-15
9374.59471826854 2.25800899584573e-15
9377.18851908449 2.04814980689989e-15
9379.78231990044 2.6215430430713e-15
9382.37612071639 2.44519395982651e-15
9384.96992153234 2.16390787057051e-15
9387.5637223483 2.62538624331123e-15
9390.15752316425 2.72282213729979e-15
9392.7513239802 2.99747786440291e-15
9395.34512479615 2.94278198238339e-15
9397.9389256121 2.29534282002891e-15
9400.53272642805 1.89488872421489e-15
9403.12652724401 1.56206248006348e-15
9405.72032805996 1.50412161482302e-15
9408.31412887591 1.86644239323077e-15
9410.90792969186 2.16210009050283e-15
9413.50173050781 1.81152607088672e-15
9416.09553132376 1.00546336613728e-15
9418.68933213971 1.49317011408973e-15
9421.28313295567 2.51265187550408e-15
9423.87693377162 2.04619591364882e-15
9426.47073458757 1.54229347222839e-15
9429.06453540352 2.18617594323735e-15
9431.65833621947 2.26684354948559e-15
9434.25213703543 1.88076508509413e-15
9436.84593785138 2.55473988386196e-15
9439.43973866733 2.54541087473914e-15
9442.03353948328 1.63684108974593e-15
9444.62734029923 1.9799543372835e-15
9447.22114111518 2.024694194041e-15
9449.81494193114 1.25674479554446e-15
9452.40874274709 1.94240706079762e-15
9455.00254356304 2.67659933760988e-15
9457.59634437899 2.4406606394928e-15
9460.19014519494 2.38334086116092e-15
9462.78394601089 2.30594322560556e-15
9465.37774682685 2.22904343366494e-15
9467.9715476428 2.1521313597466e-15
9470.56534845875 2.07524363802548e-15
9473.1591492747 1.99830615311872e-15
9475.75295009065 1.92136909172842e-15
9478.3467509066 1.85149162643702e-15
9480.94055172256 1.72321420404775e-15
9483.53435253851 1.92374544266195e-15
9486.12815335446 2.53504276794827e-15
9488.72195417041 2.78743465754929e-15
9491.31575498636 2.69815717315045e-15
9493.90955580231 2.23369470333655e-15
9496.50335661827 1.8951551160768e-15
9499.09715743422 2.22718546689514e-15
9501.69095825017 1.91024140814211e-15
9504.28475906612 1.49101314468955e-15
9506.87855988207 2.47742504577719e-15
9509.47236069802 3.04724168532881e-15
9512.06616151398 2.52541052103033e-15
9514.65996232993 2.44486975796594e-15
9517.25376314588 2.22531077122463e-15
9519.84756396183 1.94773934495882e-15
9522.44136477778 1.83140529888407e-15
9525.03516559374 1.67287323604742e-15
9527.62896640969 2.02374170549182e-15
9530.22276722564 2.47488246462777e-15
9532.81656804159 2.46138224175619e-15
9535.41036885754 2.03625513497984e-15
9538.00416967349 1.85039535404504e-15
9540.59797048945 2.18343452110356e-15
9543.1917713054 2.08385266914314e-15
9545.78557212135 1.60305728652381e-15
9548.3793729373 1.55040190687422e-15
9550.97317375325 2.23700215523735e-15
9553.5669745692 2.89101725787784e-15
9556.16077538515 2.4265482235586e-15
9558.75457620111 2.23935775386366e-15
9561.34837701706 2.14997841375291e-15
9563.94217783301 2.03580324290248e-15
9566.53597864896 1.7927761495663e-15
9569.12977946491 1.29933837669273e-15
9571.72358028086 1.86852778834691e-15
9574.31738109682 2.59796228109445e-15
9576.91118191277 2.70444427520145e-15
9579.50498272872 2.33826981452104e-15
9582.09878354467 2.06720571887251e-15
9584.69258436062 2.22059660935669e-15
9587.28638517658 1.7933847427389e-15
9589.88018599253 2.63043159506155e-15
9592.47398680848 3.29371196759558e-15
9595.06778762443 2.35732657352661e-15
9597.66158844038 2.60038056015886e-15
9600.25538925633 2.55723270182573e-15
9602.84919007229 2.57036954756293e-15
9605.44299088824 2.97289506244946e-15
9608.03679170419 3.11995586396057e-15
9610.63059252014 2.57594620072942e-15
9613.22439333609 2.43752577055501e-15
9615.81819415204 3.16061683356056e-15
9618.411994968 2.28471128599144e-15
9621.00579578395 9.67461444716957e-16
9623.5995965999 2.12538481212938e-15
9626.19339741585 2.90509621601062e-15
9628.7871982318 2.20948713697874e-15
9631.38099904775 2.20563144300284e-15
9633.97479986371 2.26126562576968e-15
9636.56860067966 1.85260018080674e-15
9639.16240149561 1.79660050332315e-15
9641.75620231156 1.84577118942774e-15
9644.35000312751 1.87280890462057e-15
9646.94380394346 1.86110608566307e-15
9649.53760475942 1.28073012163274e-15
9652.13140557537 1.30033798144961e-15
9654.72520639132 1.79792399230324e-15
9657.31900720727 2.41243792520676e-15
9659.91280802322 2.98414111889016e-15
9662.50660883917 3.04594212502949e-15
9665.10040965513 2.14880633191215e-15
9667.69421047108 1.17026675503629e-15
9670.28801128703 1.77964036262028e-15
9672.88181210298 2.1372206152596e-15
9675.47561291893 1.67122533344853e-15
9678.06941373489 2.14867864169535e-15
9680.66321455084 2.37374673072561e-15
9683.25701536679 1.31728573429563e-15
9685.85081618274 1.57636939593819e-15
9688.44461699869 2.67235422023648e-15
9691.03841781464 1.79625999607836e-15
9693.6322186306 9.93633174600338e-16
9696.22601944655 1.92899598814374e-15
9698.8198202625 2.58714842321509e-15
9701.41362107845 2.48430422385832e-15
9704.0074218944 1.98539546517843e-15
9706.60122271035 1.88414517007015e-15
9709.1950235263 2.16163718699716e-15
9711.78882434226 2.52453850061113e-15
9714.38262515821 2.39735375072382e-15
9716.97642597416 1.58176764279016e-15
9719.57022679011 1.81256474503829e-15
9722.16402760606 2.04230040912439e-15
9724.75782842202 2.02214144849621e-15
9727.35162923797 2.11344884735315e-15
9729.94543005392 2.55674968128756e-15
9732.53923086987 2.65726835168764e-15
9735.13303168582 1.74450522420994e-15
9737.72683250177 7.82700371393863e-16
9740.32063331773 2.13366434743056e-15
9742.91443413368 3.01208537109479e-15
9745.50823494963 9.50247723525499e-16
9748.10203576558 1.31670911661678e-15
9750.69583658153 3.16706338956388e-15
9753.28963739748 2.4503473082776e-15
9755.88343821344 1.54414127460283e-15
9758.47723902939 1.91741429489769e-15
9761.07103984534 2.6196874056421e-15
9763.66484066129 2.00196597072556e-15
9766.25864147724 1.52553005492752e-15
9768.8524422932 2.27148507827831e-15
9771.44624310915 1.65921874730032e-15
9774.0400439251 1.62206089421193e-15
9776.63384474105 2.20992611180365e-15
9779.227645557 1.68511942664058e-15
9781.82144637295 2.53139989100037e-15
9784.4152471889 3.01304442414932e-15
9787.00904800486 2.17449768823532e-15
9789.60284882081 2.18325262077814e-15
9792.19664963676 2.92633620243773e-15
9794.79045045271 2.97491015383098e-15
9797.38425126866 2.29853740478948e-15
9799.97805208461 2.1310830145238e-15
9802.57185290057 2.51620793157489e-15
9805.16565371652 2.17624257610666e-15
9807.75945453247 2.29547347486102e-15
9810.35325534842 2.77460189664015e-15
9812.94705616437 2.50793834891084e-15
9815.54085698033 1.32826031667673e-15
9818.13465779628 2.46015637332328e-16
9820.72845861223 2.03550042862384e-15
9823.32225942818 3.25516921563843e-15
9825.91606024413 2.35366061493089e-15
9828.50986106008 1.42952607013629e-15
9831.10366187604 2.46349262434428e-15
9833.69746269199 3.40032779290824e-15
9836.29126350794 2.90740543958307e-15
9838.88506432389 3.142953231995e-15
9841.47886513984 1.99766389038646e-15
9844.07266595579 2.3717748380244e-15
9846.66646677175 2.57682944433517e-15
9849.2602675877 4.70297838606209e-16
9851.85406840365 5.77284346712413e-16
9854.4478692196 3.3524515849053e-15
9857.04167003555 3.42385900345768e-15
9859.6354708515 2.26537077094855e-15
9862.22927166746 2.74478908975388e-15
9864.82307248341 2.02226744464712e-15
9867.41687329936 2.64953981131866e-15
9870.01067411531 3.9555697482947e-15
9872.60447493126 2.82391022559867e-15
9875.19827574721 2.38963601002491e-15
9877.79207656317 3.89772290371139e-15
9880.38587737912 2.6137488576489e-15
9882.97967819507 1.63853102635482e-15
9885.57347901102 2.97162281896269e-15
9888.16727982697 3.54286014452509e-15
9890.76108064292 1.57098470161338e-15
9893.35488145888 8.32157778151094e-16
9895.94868227483 2.27871026931838e-15
9898.54248309078 3.00229282319158e-15
9901.13628390673 2.58863200142221e-15
9903.73008472268 2.76103751102282e-15
9906.32388553864 2.16883993166413e-15
9908.91768635459 -2.1167419526334e-17
9911.51148717054 5.42798988451731e-16
9914.10528798649 2.78411047674779e-15
9916.69908880244 3.91712461688472e-15
9919.29288961839 4.67972913160497e-15
9921.88669043434 4.34263288848734e-15
9924.4804912503 4.46259392964223e-15
9927.07429206625 4.58951631107413e-15
9929.6680928822 3.19277189830423e-15
9932.26189369815 2.13474389092183e-15
9934.8556945141 3.80833848140296e-15
9937.44949533005 4.18665642993167e-15
9940.04329614601 1.29721920613782e-15
9942.63709696196 1.17261335393754e-15
9945.23089777791 1.48195497435161e-15
9947.82469859386 1.16208251094168e-15
9950.41849940981 2.1176723653864e-15
9953.01230022577 2.39709815853199e-15
9955.60610104172 1.3669958745085e-15
9958.19990185767 2.3193403222158e-15
9960.79370267362 3.18411204520974e-15
9963.38750348957 2.64272056081855e-15
9965.98130430552 2.68351599689892e-15
9968.57510512148 1.53353303397141e-15
9971.16890593743 3.31038623467875e-15
9973.76270675338 2.68416672996065e-15
9976.35650756933 5.61699893395e-16
9978.95030838528 7.51916070656648e-16
9981.54410920123 1.51430019799194e-15
9984.13791001719 1.74261665837491e-15
9986.73171083314 2.09637880412537e-15
9989.32551164909 3.65667977329591e-15
9991.91931246504 3.6669110842658e-15
9994.51311328099 5.14654254136397e-15
9997.10691409694 5.26093984660483e-15
9999.7007149129 1.9992442421078e-15
10002.2945157288 8.88321250630856e-16
10004.8883165448 3.60328323981748e-15
10007.4821173608 4.94893229586839e-15
10010.0759181767 3.92895639660844e-15
10012.6697189927 1.75764418752951e-15
10015.2635198086 1.15699777215932e-15
10017.8573206246 5.90965146420432e-16
10020.4511214405 1.26959957931022e-15
10023.0449222565 2.66609401148156e-15
10025.6387230724 4.78863194587522e-16
10028.2325238884 4.33234773798574e-16
10030.8263247043 4.86523231166898e-16
10033.4201255203 -9.51722196128432e-16
10036.0139263362 2.71953824350284e-16
10038.6077271522 3.54741125255069e-15
10041.2015279681 5.7538846463031e-15
10043.7953287841 5.61385697111128e-15
10046.3891296 4.36803752415786e-15
10048.982930416 3.35812522334424e-15
10051.5767312319 3.48085013300603e-15
10054.1705320479 4.64724795917661e-15
10056.7643328638 3.29635026346804e-15
10059.3581336798 1.49968527976178e-15
10061.9519344957 2.8850439815338e-16
10064.5457353117 1.65367301083641e-15
10067.1395361276 5.30379039637347e-15
10069.7333369436 3.0641075936163e-15
10072.3271377595 1.11924847831551e-15
10074.9209385755 1.25836029913311e-15
