4000 4.29315981162058e-15
4002.5 4.27198017629096e-15
4005 4.25080011744487e-15
4007.5 4.21711488768199e-15
4010 4.18343008143558e-15
4012.5 4.1210749039905e-15
4015 4.05872015006191e-15
4017.5 3.96978507873199e-15
4020 3.88085000740208e-15
4022.5 3.78963514689463e-15
4025 3.69841986287071e-15
4027.5 3.7395001137796e-15
4030 3.78057994117201e-15
4032.5 3.82199985229275e-15
4035 3.86342018692996e-15
4037.5 3.90582985604956e-15
4040 3.94823994868563e-15
4042.5 4.1069400416832e-15
4045 4.26564013468076e-15
4047.5 4.39511504989921e-15
4050 4.52458996511767e-15
4052.5 4.56433995078289e-15
4055 4.60408993644811e-15
4057.5 4.67036010017539e-15
4060 4.7366298403862e-15
4062.5 4.87556992527375e-15
4065 5.01451001016129e-15
4067.5 5.05849981924399e-15
4070 5.10249005184317e-15
4072.5 5.2093898449514e-15
4075 5.3162900615761e-15
4077.5 5.47200986914876e-15
4080 5.62773010023788e-15
4082.5 5.65512018113677e-15
4085 5.68250983851919e-15
4087.5 5.60944011780782e-15
4090 5.53636997357998e-15
4092.5 5.51340987499523e-15
4095 5.49045019992696e-15
4097.5 5.50910991223849e-15
4100 5.52777004806651e-15
4102.5 5.49098510123315e-15
4105 5.45420015439979e-15
4107.5 5.33359494468851e-15
4110 5.21299015849371e-15
4112.5 5.05077487876504e-15
4115 4.88856002255284e-15
4117.5 4.67814983867482e-15
4120 4.46774007831327e-15
4122.5 4.25593483117112e-15
4125 4.04413000754545e-15
4127.5 3.94269992969412e-15
4130 3.84126985184278e-15
4132.5 3.70831490176054e-15
4135 3.57535995167829e-15
4137.5 3.57221491834514e-15
4140 3.56906988501198e-15
4142.5 3.68167486853644e-15
4145 3.7942798520609e-15
4147.5 3.78409512790312e-15
4150 3.77390998022886e-15
4152.5 3.77183009082687e-15
4155 3.76975020142489e-15
4157.5 3.79303513714491e-15
4160 3.81632007286493e-15
4162.5 3.76258980840528e-15
4165 3.70885996746209e-15
4167.5 3.57813991381118e-15
4170 3.4474200719185e-15
4172.5 3.36624001073718e-15
4175 3.28505994955585e-15
4177.5 3.18336496215026e-15
4180 3.08166997474468e-15
4182.5 3.02271499930812e-15
4185 2.96376002387156e-15
4187.5 2.94189005668993e-15
4190 2.9200200895083e-15
4192.5 2.92536994960315e-15
4195 2.93072002145625e-15
4197.5 2.98105008390739e-15
4200 3.03137993460029e-15
4202.5 3.09758000635119e-15
4205 3.16378007810209e-15
4207.5 3.31946494556566e-15
4210 3.47515002478748e-15
4212.5 3.58098509748101e-15
4215 3.68682017017454e-15
4217.5 3.70238990629449e-15
4220 3.71796006593092e-15
4222.5 3.67623014075149e-15
4225 3.63449979205559e-15
4227.5 3.53824508551198e-15
4230 3.44198995545189e-15
4232.5 3.26696499646189e-15
4235 3.0919400374719e-15
4237.5 2.91684498650551e-15
4240 2.74174993553913e-15
4242.5 2.64663999402373e-15
4245 2.55153005250834e-15
4247.5 2.47470501122532e-15
4250 2.3978799699423e-15
4252.5 2.29933509806755e-15
4255 2.20079001443457e-15
4257.5 2.13032004959656e-15
4260 2.05985008475856e-15
4262.5 2.09170995852011e-15
4265 2.12357004403989e-15
4267.5 2.16515004438766e-15
4270 2.20673004473542e-15
4272.5 2.21840491160567e-15
4275 2.23007999023415e-15
4277.5 2.26903503547837e-15
4280 2.3079900807226e-15
4282.5 2.36861498161467e-15
4285 2.42924009426497e-15
4287.5 2.51352495471446e-15
4290 2.59781002692218e-15
4292.5 2.61466492378136e-15
4295 2.63152003239877e-15
4297.5 2.70762001347894e-15
4300 2.78371999455911e-15
4302.5 2.85525510332829e-15
4305 2.92679000033923e-15
4307.5 3.06473503327198e-15
4310 3.20268006620474e-15
4312.5 3.25593493342275e-15
4315 3.309190012399e-15
4317.5 3.30172002883716e-15
4320 3.29425004527532e-15
4322.5 3.29217989675223e-15
4325 3.29010995998738e-15
4327.5 3.21534490283209e-15
4330 3.14058005743503e-15
4332.5 3.08234506000364e-15
4335 3.02411006257225e-15
4337.5 2.98606007203216e-15
4340 2.94801008149208e-15
4342.5 2.91349010075968e-15
4345 2.87896990826904e-15
4347.5 2.87403996475778e-15
4350 2.86911002124652e-15
4352.5 2.86063990353222e-15
4355 2.85216999757615e-15
4357.5 2.92418495050995e-15
4360 2.99619990344374e-15
4362.5 3.05658509401174e-15
4365 3.1169700728215e-15
4367.5 3.16514507169659e-15
4370 3.21332007057167e-15
4372.5 3.25577505595395e-15
4375 3.29823004133623e-15
4377.5 3.3528249146768e-15
4380 3.4074199997756e-15
4382.5 3.43754493830294e-15
4385 3.46767008858851e-15
4387.5 3.49573991342757e-15
4390 3.52380995002487e-15
4392.5 3.52982007230211e-15
4395 3.53582998282112e-15
4397.5 3.50813497006122e-15
4400 3.48043995730132e-15
4402.5 3.44222500709476e-15
4405 3.40401005688819e-15
4407.5 3.41007502454877e-15
4410 3.41613999220935e-15
4412.5 3.46454009009017e-15
4415 3.51293997621275e-15
4417.5 3.54594503851899e-15
4420 3.57895010082523e-15
4422.5 3.61708987685772e-15
4425 3.65523007640669e-15
4427.5 3.67530009857541e-15
4430 3.69537012074412e-15
4432.5 3.69877519319209e-15
4435 3.70217984212357e-15
4437.5 3.69120017754479e-15
4440 3.68022008944953e-15
4442.5 3.64364520678709e-15
4445 3.60706990060818e-15
4447.5 3.52807010223308e-15
4450 3.44907009209975e-15
4452.5 3.3787350172586e-15
4455 3.30839994241744e-15
4457.5 3.24819008766953e-15
4460 3.18798002116338e-15
4462.5 3.11822008169341e-15
4465 3.0484599304652e-15
4467.5 2.99036998742603e-15
4470 2.93228004438686e-15
4472.5 2.84814002657135e-15
4475 2.76400000875584e-15
4477.5 2.70634501713508e-15
4480 2.64869002551433e-15
4482.5 2.59500507731735e-15
4485 2.54131991736213e-15
4487.5 2.46689007349571e-15
4490 2.39246001787106e-15
4492.5 2.37667492362426e-15
4495 2.36089004113571e-15
4497.5 2.36540493850281e-15
4500 2.36992004762815e-15
4502.5 2.36671508671397e-15
4505 2.36350991404156e-15
4507.5 2.3705599810198e-15
4510 2.37761004799803e-15
4512.5 2.41274497465014e-15
4515 2.44787990130225e-15
4517.5 2.52915991237135e-15
4520 2.61043992344045e-15
4522.5 2.68270009241248e-15
4525 2.75496004962627e-15
4527.5 2.84423499292627e-15
4530 2.93350993622627e-15
4532.5 3.05865990121604e-15
4535 3.18381007796405e-15
4537.5 3.35521502989572e-15
4540 3.52661998182738e-15
4542.5 3.75664490766497e-15
4545 3.98666983350256e-15
4547.5 4.28417999183027e-15
4550 4.58169015015797e-15
4552.5 4.85465498774014e-15
4555 5.12761982532231e-15
4557.5 5.42290991029527e-15
4560 5.71819999526822e-15
4562.5 5.90791504666245e-15
4565 6.09763009805668e-15
4567.5 6.16113512272765e-15
4570 6.22464014739862e-15
4572.5 6.22152518373509e-15
4575 6.21840979655509e-15
4577.5 6.16144005458866e-15
4580 6.10446988910576e-15
4582.5 6.05211520615244e-15
4585 5.99976009968265e-15
4587.5 6.03577001136927e-15
4590 6.0717799230559e-15
4592.5 6.20273502834967e-15
4595 6.33369013364345e-15
4597.5 6.45547017805257e-15
4600 6.57724979894522e-15
4602.5 6.70510518716852e-15
4605 6.83296015187534e-15
4607.5 6.86810990160403e-15
4610 6.90326007484919e-15
4612.5 6.84622511134582e-15
4615 6.78919014784245e-15
4617.5 6.75111982851163e-15
4620 6.71304993269729e-15
4622.5 6.75131506960597e-15
4625 6.78958020651466e-15
4627.5 6.82581500544878e-15
4630 6.8620498043829e-15
4632.5 6.88287495642409e-15
4635 6.90370010846529e-15
4637.5 6.99518009028522e-15
4640 7.08666007210516e-15
4642.5 7.16337034042383e-15
4645 7.24008018522602e-15
4647.5 7.25543519849384e-15
4650 7.27079021176167e-15
4652.5 7.27490001562175e-15
4655 7.27900981948183e-15
4657.5 7.22067974260211e-15
4660 7.16234966572239e-15
4662.5 7.06745995277328e-15
4665 6.97256981630769e-15
4667.5 6.90151010478016e-15
4670 6.83044996973615e-15
4672.5 6.74916995866705e-15
4675 6.66788994759795e-15
4677.5 6.53842519677487e-15
4680 6.40896002243531e-15
4682.5 6.29384993896935e-15
4685 6.17873985550338e-15
4687.5 6.13073002805301e-15
4690 6.08272020060263e-15
4692.5 6.11494514556445e-15
4695 6.14717009052627e-15
4697.5 6.19040519325297e-15
4700 6.23363987246319e-15
4702.5 6.26187486872697e-15
4705 6.29010986499074e-15
4707.5 6.27487004820374e-15
4710 6.25962980790027e-15
4712.5 6.22308499490746e-15
4715 6.18654018191465e-15
4717.5 6.1282249281115e-15
4720 6.06991009782483e-15
4722.5 6.03824504164115e-15
4725 6.00657998545747e-15
4727.5 5.95553989763829e-15
4730 5.90449980981912e-15
4732.5 5.82525987760348e-15
4735 5.74601994538784e-15
4737.5 5.67063020143394e-15
4740 5.59524003396357e-15
4742.5 5.50740991711336e-15
4745 5.41957980026314e-15
4747.5 5.31055988368793e-15
4750 5.20153996711272e-15
4752.5 5.10698991437546e-15
4755 5.0124398616382e-15
4757.5 4.89215483038099e-15
4760 4.77186979912377e-15
4762.5 4.71106511548865e-15
4765 4.65026000833705e-15
4767.5 4.58488515843502e-15
4770 4.51950988501651e-15
4772.5 4.4287151528509e-15
4775 4.33791999716882e-15
4777.5 4.27132499630626e-15
4780 4.20472999544371e-15
4782.5 4.12663482825628e-15
4785 4.04854008458533e-15
4787.5 3.93792986365165e-15
4790 3.82732006623445e-15
4792.5 3.72195001462896e-15
4795 3.61657996302348e-15
4797.5 3.49330998766014e-15
4800 3.3700400122968e-15
4802.5 3.29773495057856e-15
4805 3.22543010061857e-15
4807.5 3.28083494921495e-15
4810 3.33624000956956e-15
4812.5 3.48744004933566e-15
4815 3.63864008910177e-15
4817.5 3.88519486290502e-15
4820 4.13175006022475e-15
4822.5 4.40790990608396e-15
4825 4.68407017545965e-15
4827.5 4.95016981100433e-15
4830 5.21626987006548e-15
4832.5 5.43777491500311e-15
4835 5.65927995994074e-15
4837.5 5.81914514675725e-15
4840 5.97900991005729e-15
4842.5 6.07344010763252e-15
4845 6.16786988169127e-15
4847.5 6.19360020153001e-15
4850 6.21933009785228e-15
4852.5 6.14270495634481e-15
4855 6.06607981483735e-15
4857.5 5.93873010528356e-15
4860 5.8113799722133e-15
4862.5 5.65347481963673e-15
4865 5.49557009057663e-15
4867.5 5.3725601543281e-15
4870 5.2495497945631e-15
4872.5 5.23103492488554e-15
4875 5.21252005520798e-15
4877.5 5.30467512228688e-15
4880 5.39683018936578e-15
4882.5 5.58804491259312e-15
4885 5.77926005933694e-15
4887.5 6.06265017843392e-15
4890 6.34603987401442e-15
4892.5 6.62571998880242e-15
4895 6.90540010359043e-15
4897.5 7.13075025459212e-15
4900 7.35609998207733e-15
4902.5 7.53969013822997e-15
4905 7.7232802943826e-15
4907.5 7.86882511867636e-15
4910 8.01436994297012e-15
4912.5 8.09839984650248e-15
4915 8.18242975003484e-15
4917.5 8.2070148813289e-15
4920 8.23160001262296e-15
4922.5 8.23289004380163e-15
4925 8.23418007498029e-15
4927.5 8.09435526417934e-15
4930 7.95452960634544e-15
4932.5 7.75976539155263e-15
4935 7.56500032972687e-15
4937.5 7.33627517594685e-15
4940 7.10755002216682e-15
4942.5 6.80938510737089e-15
4945 6.51122019257495e-15
4947.5 6.18202507278931e-15
4950 5.85282995300366e-15
4952.5 5.56394004898016e-15
4955 5.27505014495666e-15
4957.5 5.03471005188741e-15
4960 4.79436995881816e-15
4962.5 4.62835488928811e-15
4965 4.46233981975805e-15
4967.5 4.40439980155054e-15
4970 4.34646020685951e-15
4972.5 4.45700520625624e-15
4975 4.56755020565298e-15
4977.5 4.75254008375095e-15
4980 4.93752996184892e-15
4982.5 5.16244982011341e-15
4985 5.38737010189437e-15
4987.5 5.64113016146344e-15
4990 5.89488979751604e-15
4992.5 6.15735015600284e-15
4995 6.41981009097316e-15
4997.5 6.6684849882434e-15
5000 6.91715988551363e-15
5002.5 7.09767488855126e-15
5005 7.27818989158888e-15
5007.5 7.40998991224755e-15
5010 7.54178993290621e-15
5012.5 7.63721497067799e-15
5015 7.73264000844976e-15
5017.5 7.7823252670698e-15
5020 7.8320096786569e-15
5022.5 7.82292016809991e-15
5025 7.81382981050998e-15
5027.5 7.80359002921062e-15
5030 7.79335024791127e-15
5032.5 7.77269026729479e-15
5035 7.75203028667831e-15
5037.5 7.70474975459552e-15
5040 7.65747006954568e-15
5042.5 7.61289496069642e-15
5045 7.56831985184716e-15
5047.5 7.53903538176174e-15
5050 7.50975006464337e-15
5052.5 7.42764038480243e-15
5055 7.34552985792855e-15
5057.5 7.24236971528245e-15
5060 7.13921041966929e-15
5062.5 7.00103986421433e-15
5065 6.86287015579231e-15
5067.5 6.68819502140953e-15
5070 6.51351988702675e-15
5072.5 6.32963496340847e-15
5075 6.14575003979019e-15
5077.5 5.91472010936069e-15
5080 5.68369017893118e-15
5082.5 5.43974003144074e-15
5085 5.19578988395029e-15
5087.5 4.99910502194958e-15
5090 4.80242015994886e-15
5092.5 4.58416518042985e-15
5095 4.36591020091083e-15
5097.5 4.14342005665555e-15
5100 3.92092991240026e-15
5102.5 3.72268481571071e-15
5105 3.52443993077939e-15
5107.5 3.38139004203177e-15
5110 3.23833994152591e-15
5112.5 3.17992007915378e-15
5115 3.12150000502341e-15
5117.5 3.13532506503026e-15
5120 3.14914991327887e-15
5122.5 3.2203349856826e-15
5125 3.29152005808632e-15
5127.5 3.39439496238744e-15
5130 3.49727007844679e-15
5132.5 3.60481509890259e-15
5135 3.71235990760015e-15
5137.5 3.83193004304988e-15
5140 3.95150017849961e-15
5142.5 4.1156149296125e-15
5145 4.27973010424187e-15
5147.5 4.45783487502808e-15
5150 4.63594006933077e-15
5152.5 4.81935488966332e-15
5155 5.00277013351235e-15
5157.5 5.16319012690931e-15
5160 5.32361012030628e-15
5162.5 5.42128487758596e-15
5165 5.51896005838211e-15
5167.5 5.59438495420332e-15
5170 5.66980985002453e-15
5172.5 5.68476506374125e-15
5175 5.6997198539415e-15
5177.5 5.66738013601533e-15
5180 5.63503999457269e-15
5182.5 5.66063478913987e-15
5185 5.68623000722353e-15
5187.5 5.75978507781367e-15
5190 5.83334014840381e-15
5192.5 5.90104518594374e-15
5195 5.9687497999672e-15
5197.5 6.01385006924375e-15
5200 6.05894991500384e-15
5202.5 6.08127008019693e-15
5205 6.10358982187356e-15
5207.5 6.05273989295104e-15
5210 6.00188996402852e-15
5212.5 5.91262497336566e-15
5215 5.82335998270279e-15
5217.5 5.75466010496631e-15
5220 5.68595980371335e-15
5222.5 5.62825991934639e-15
5225 5.57056003497943e-15
5227.5 5.54589020039064e-15
5230 5.52121994228539e-15
5232.5 5.56374014920461e-15
5235 5.60625993260735e-15
5237.5 5.66065003573292e-15
5240 5.71504013885849e-15
5242.5 5.69821001771302e-15
5245 5.68137989656755e-15
5247.5 5.62299984474394e-15
5250 5.56461979292033e-15
5252.5 5.4804399645563e-15
5255 5.39626013619228e-15
5257.5 5.3225449763751e-15
5260 5.24882981655793e-15
5262.5 5.21421496813544e-15
5265 5.17960011971294e-15
5267.5 5.18081010627809e-15
5270 5.18202009284325e-15
5272.5 5.24168001145016e-15
5275 5.30133993005707e-15
5277.5 5.3965150931094e-15
5280 5.49168983264526e-15
5282.5 5.56425514523654e-15
5285 5.63682003431134e-15
5287.5 5.74095002968205e-15
5290 5.84508002505276e-15
5292.5 5.98368002621198e-15
5295 6.1222800273712e-15
5297.5 6.1783798665008e-15
5300 6.23448012914687e-15
5302.5 6.23708517897615e-15
5305 6.23968980528896e-15
5307.5 6.30954503596549e-15
5310 6.37939984312556e-15
5312.5 6.45533507629748e-15
5315 6.53126988595294e-15
5317.5 6.55458489134259e-15
5320 6.57789989673223e-15
5322.5 6.61822501776864e-15
5325 6.65855013880505e-15
5327.5 6.72354509443024e-15
5330 6.78854005005543e-15
5332.5 6.82005984008866e-15
5335 6.85158005363836e-15
5337.5 6.88002511407305e-15
5340 6.90847017450775e-15
5342.5 6.95078497593726e-15
5345 6.99310020088324e-15
5347.5 7.00601491223003e-15
5350 7.01893004709329e-15
5352.5 6.97194004731141e-15
5355 6.92495004752953e-15
5357.5 6.87742514644146e-15
5360 6.82989982183691e-15
5362.5 6.7775451388836e-15
5365 6.72519003241381e-15
5367.5 6.69889982379693e-15
5370 6.67261003869653e-15
5372.5 6.63749501731868e-15
5375 6.60237999594083e-15
5377.5 6.58396507615105e-15
5380 6.56555015636127e-15
5382.5 6.60918505863907e-15
5385 6.65281996091688e-15
5387.5 6.69932503433645e-15
5390 6.74583010775603e-15
5392.5 6.77868990391181e-15
5395 6.81155012358407e-15
5397.5 6.83477491996484e-15
5400 6.85800013986207e-15
5402.5 6.83994520907488e-15
5405 6.8218898547712e-15
5407.5 6.83683998629024e-15
5410 6.85179011780928e-15
5412.5 6.85509481685299e-15
5415 6.85839993941318e-15
5417.5 6.81487006922083e-15
5420 6.77134019902849e-15
5422.5 6.71811984840308e-15
5425 6.66489992129414e-15
5427.5 6.64082004515312e-15
5430 6.61674016901211e-15
5432.5 6.58623512444969e-15
5435 6.55573007988727e-15
5437.5 6.48820503684863e-15
5440 6.42067999380999e-15
5442.5 6.38328984193582e-15
5445 6.34590011357812e-15
5447.5 6.29137999089515e-15
5450 6.23685986821218e-15
5452.5 6.15892987244947e-15
5455 6.08099987668676e-15
5457.5 5.9866649703181e-15
5460 5.89233006394944e-15
5462.5 5.82666510526297e-15
5465 5.7610001465765e-15
5467.5 5.67596481493575e-15
5470 5.59092990681147e-15
5472.5 5.52721015928837e-15
5475 5.4634899882488e-15
5477.5 5.44538000032003e-15
5480 5.42727001239126e-15
5482.5 5.44151498898171e-15
5485 5.45575996557216e-15
5487.5 5.53788489200614e-15
5490 5.62000981844013e-15
5492.5 5.71617008081012e-15
5495 5.81232991966364e-15
5497.5 5.89159483935123e-15
5500 5.97086018255528e-15
5502.5 6.05950514510076e-15
5505 6.14815010764624e-15
5507.5 6.23035507869374e-15
5510 6.31256004974125e-15
5512.5 6.35342981296274e-15
5515 6.39429999970071e-15
5517.5 6.42794499539859e-15
5520 6.46158999109648e-15
5522.5 6.47863483509408e-15
5525 6.49568010260815e-15
5527.5 6.50772491111811e-15
5530 6.51977014314454e-15
5532.5 6.51670981310611e-15
5535 6.51364990658415e-15
5537.5 6.49583002743982e-15
5540 6.47801014829548e-15
5542.5 6.46198513196638e-15
5545 6.44596011563727e-15
5547.5 6.41541991920755e-15
5550 6.38488014629429e-15
5552.5 6.36218008682435e-15
5555 6.33948002735441e-15
5557.5 6.30399485257861e-15
5560 6.26851010131929e-15
5562.5 6.20261983186885e-15
5565 6.13672998593488e-15
5567.5 6.09884982550072e-15
5570 6.06097008858304e-15
5572.5 6.01372979056524e-15
5575 5.96648991606392e-15
5577.5 5.88538989949611e-15
5580 5.8042898829283e-15
5582.5 5.73235518636626e-15
5585 5.66042006628774e-15
5587.5 5.60212979995654e-15
5590 5.54383995714182e-15
5592.5 5.43706001919562e-15
5595 5.33028008124943e-15
5597.5 5.23200985980783e-15
5600 5.1337400618827e-15
5602.5 5.07676481420211e-15
5605 5.019789990038e-15
5607.5 4.975620186454e-15
5610 4.93144995935353e-15
5612.5 4.9274951625228e-15
5615 4.9235399421756e-15
5617.5 4.95191004019446e-15
5620 4.98028013821332e-15
5622.5 5.04109498624381e-15
5625 5.1019098342743e-15
5627.5 5.14810997583287e-15
5630 5.19431011739143e-15
5632.5 5.2457550869594e-15
5635 5.29720005652736e-15
5637.5 5.36053990977362e-15
5640 5.42388018653635e-15
5642.5 5.47646483893484e-15
5645 5.52904991484981e-15
5647.5 5.57597511661122e-15
5650 5.62289989485616e-15
5652.5 5.64721990483773e-15
5655 5.67153991481929e-15
5657.5 5.69083490184127e-15
5660 5.71012988886325e-15
5662.5 5.69626014786844e-15
5665 5.68238998335715e-15
5667.5 5.66965018431397e-15
5670 5.65690996175432e-15
5672.5 5.66315005347674e-15
5675 5.66939014519916e-15
5677.5 5.6437500343693e-15
5680 5.61810992353944e-15
5682.5 5.62062010567863e-15
5685 5.62312986430134e-15
5687.5 5.63188479684416e-15
5690 5.64064015290346e-15
5692.5 5.65610993913564e-15
5695 5.67158014888429e-15
5697.5 5.69911507241716e-15
5700 5.72664999595003e-15
5702.5 5.7113801094934e-15
5705 5.6961097995203e-15
5707.5 5.69164508885532e-15
5710 5.68717995467387e-15
5712.5 5.68004497264268e-15
5715 5.67290999061148e-15
5717.5 5.64122502915354e-15
5720 5.6095400676956e-15
5722.5 5.59547000340875e-15
5725 5.58139993912191e-15
5727.5 5.57947505674928e-15
5730 5.57755017437664e-15
5732.5 5.55789519835208e-15
5735 5.53823979881104e-15
5737.5 5.50150016824036e-15
5740 5.46476011415321e-15
5742.5 5.43186008393243e-15
5745 5.39896005371165e-15
5747.5 5.36928510143754e-15
5750 5.33961014916344e-15
5752.5 5.31928008787991e-15
5755 5.29895002659639e-15
5757.5 5.27767001786252e-15
5760 5.25639000912865e-15
5762.5 5.22855481241598e-15
5765 5.20072003921978e-15
5767.5 5.14016480678762e-15
5770 5.07960999787194e-15
5772.5 5.04025981175782e-15
5775 5.00091004916017e-15
5777.5 4.98680017432481e-15
5780 4.97268987597298e-15
5782.5 4.92563507817063e-15
5785 4.87857985685181e-15
5787.5 4.80958012945201e-15
5790 4.74057997853572e-15
5792.5 4.68353993283467e-15
5795 4.62649988713362e-15
5797.5 4.55451479211121e-15
5800 4.48253012060528e-15
5802.5 4.39165492030968e-15
5805 4.30078014353056e-15
5807.5 4.20837986041343e-15
5810 4.11598000081277e-15
5812.5 4.0204698362298e-15
5815 3.9249600951633e-15
5817.5 3.82782489787101e-15
5820 3.73069012409521e-15
5822.5 3.64352492810858e-15
5825 3.55636015563843e-15
5827.5 3.49429000478011e-15
5830 3.43222006568002e-15
5832.5 3.40977496312721e-15
5835 3.38733007233263e-15
5837.5 3.44783003586497e-15
5840 3.50832999939732e-15
5842.5 3.64442490061504e-15
5845 3.78051980183276e-15
5847.5 3.97084514046548e-15
5850 4.16117005558173e-15
5852.5 4.35635482223286e-15
5855 4.55154001240046e-15
5857.5 4.70573981934926e-15
5860 4.85994004981454e-15
5862.5 5.01756483448556e-15
5865 5.17519004267306e-15
5867.5 5.33111483221895e-15
5870 5.48704004528131e-15
5872.5 5.59437478980795e-15
5875 5.70170995785107e-15
5877.5 5.76895505650064e-15
5880 5.83620015515022e-15
5882.5 5.8825701268147e-15
5885 5.92894009847919e-15
5887.5 5.98658492570459e-15
5890 6.04423017644645e-15
5892.5 6.04536011839809e-15
5895 6.04649006034973e-15
5897.5 5.958884830747e-15
5900 5.87128002466075e-15
5902.5 5.77567499238769e-15
5905 5.68006996011462e-15
5907.5 5.67300994049925e-15
5910 5.66594992088389e-15
5912.5 5.76243502038915e-15
5915 5.85892011989442e-15
5917.5 5.95612519740485e-15
5920 6.0533298513988e-15
5922.5 6.11882497997935e-15
5925 6.18432010855989e-15
5927.5 6.18575498237254e-15
5930 6.18718985618519e-15
5932.5 6.15866983333466e-15
5935 6.13014981048414e-15
5937.5 6.09727519125178e-15
5940 6.06440014850294e-15
5942.5 6.04441017094774e-15
5945 6.02442019339254e-15
5947.5 6.02257493211695e-15
5950 6.02073009435783e-15
5952.5 5.99965506759719e-15
5955 5.97858004083656e-15
5957.5 5.94241512212059e-15
5960 5.90625020340462e-15
5962.5 5.87960508798284e-15
5965 5.85295997256106e-15
5967.5 5.82839982873895e-15
5970 5.80384010843331e-15
5972.5 5.78203493927214e-15
5975 5.76023019362745e-15
5977.5 5.74848989346203e-15
5980 5.73675001681309e-15
5982.5 5.69921502230493e-15
5985 5.66168002779678e-15
5987.5 5.63240487507378e-15
5990 5.60313014586725e-15
5992.5 5.58878013719134e-15
5995 5.57443012851543e-15
5997.5 5.56085007278858e-15
6000 5.54727001706172e-15
6002.5 5.53723479421913e-15
6005 5.527199994893e-15
6007.5 5.51176493701166e-15
6010 5.49632987913032e-15
6012.5 5.47174517135274e-15
6015 5.44716004005868e-15
6017.5 5.4275198871107e-15
6020 5.40788015767919e-15
6022.5 5.40335996635616e-15
6025 5.39884019854961e-15
6027.5 5.38019488579818e-15
6030 5.36154999656322e-15
6032.5 5.36292981323429e-15
6035 5.36431005342185e-15
6037.5 5.37361513386391e-15
6040 5.3829197907895e-15
6042.5 5.37317001805013e-15
6045 5.36341982179428e-15
6047.5 5.3558799580143e-15
6050 5.34834009423431e-15
6052.5 5.33182506934522e-15
6055 5.31531004445613e-15
6057.5 5.28526493878407e-15
6060 5.25521983311202e-15
6062.5 5.22587988236855e-15
6065 5.19653993162508e-15
6067.5 5.19301500401508e-15
6070 5.18949007640508e-15
6072.5 5.14786010111343e-15
6075 5.10623012582177e-15
6077.5 5.06779515880716e-15
6080 5.02936019179255e-15
6082.5 5.00821994349498e-15
6085 4.98708011871388e-15
6087.5 4.97825488243644e-15
6090 4.96943006967547e-15
6092.5 4.98611492467048e-15
6095 5.00280020318197e-15
6097.5 5.01416992643297e-15
6100 5.02554007320044e-15
6102.5 5.08397984084683e-15
6105 5.14242003200969e-15
6107.5 5.16953482720072e-15
6110 5.19665004590822e-15
6112.5 5.22155493213987e-15
6115 5.24645981837151e-15
6117.5 5.28598999898692e-15
6120 5.32552017960233e-15
6122.5 5.34837990478283e-15
6125 5.37124005347981e-15
6127.5 5.38598986170682e-15
6130 5.40074009345031e-15
6132.5 5.4083151090976e-15
6135 5.4158901247449e-15
6137.5 5.42577499923935e-15
6140 5.43565987373381e-15
6142.5 5.43493989572865e-15
6145 5.43421991772348e-15
6147.5 5.42181003801326e-15
6150 5.40940015830303e-15
6152.5 5.39696486760439e-15
6155 5.38453000042223e-15
6157.5 5.34062997683193e-15
6160 5.29672995324163e-15
6162.5 5.25188506439868e-15
6165 5.20704017555572e-15
6167.5 5.14651501279319e-15
6170 5.08598985003066e-15
6172.5 4.99360989570426e-15
6175 4.90122994137787e-15
6177.5 4.83766520088412e-15
6180 4.77410003687389e-15
6182.5 4.74932517019965e-15
6185 4.72454988000894e-15
6187.5 4.71943507155694e-15
6190 4.71431983958847e-15
6192.5 4.74427981844933e-15
6195 4.77423979731019e-15
6197.5 4.80437511199113e-15
6200 4.83451000315559e-15
6202.5 4.88560514811634e-15
6205 4.93669986956062e-15
6207.5 4.99100018719377e-15
6210 5.04530008131046e-15
6212.5 5.09557995705947e-15
6215 5.14585983280849e-15
6217.5 5.18518503145066e-15
6220 5.22450980657637e-15
6222.5 5.22821515220413e-15
6225 5.23192007431542e-15
6227.5 5.25367992721391e-15
6230 5.27544020362887e-15
6232.5 5.31057513028098e-15
6235 5.34571005693309e-15
6237.5 5.35174008448459e-15
6240 5.3577701120361e-15
6242.5 5.35018493199343e-15
6245 5.34260017546724e-15
6247.5 5.33414001039007e-15
6250 5.32567984531289e-15
6252.5 5.32289014230111e-15
6255 5.32010001577285e-15
6257.5 5.32038504235961e-15
6260 5.32067006894636e-15
6262.5 5.30617479411999e-15
6265 5.2916799428101e-15
6267.5 5.25710490493613e-15
6270 5.22252986706216e-15
6272.5 5.17306991920609e-15
6275 5.12360997135001e-15
6277.5 5.05780017002956e-15
6280 4.99198994519264e-15
6282.5 4.93971488333637e-15
6285 4.88743982148009e-15
6287.5 4.84773006987987e-15
6290 4.80801989476316e-15
6292.5 4.76223988154644e-15
6295 4.71645986832971e-15
6297.5 4.66652007630902e-15
6300 4.61657986077185e-15
6302.5 4.55966009374931e-15
6305 4.50273990321029e-15
6307.5 4.43597507224181e-15
6310 4.36920981775686e-15
6312.5 4.27749012561285e-15
6315 4.18577000995237e-15
6317.5 4.10540013578509e-15
6320 4.02502983810134e-15
6322.5 3.95288507736838e-15
6325 3.88073989311894e-15
6327.5 3.84876016419535e-15
6330 3.81678001175529e-15
6332.5 3.80653006606057e-15
6335 3.79628012036584e-15
6337.5 3.81094988397934e-15
6340 3.82562007110931e-15
6342.5 3.81782016821452e-15
6345 3.81001984180326e-15
6347.5 3.790400017646e-15
6350 3.77078019348875e-15
6352.5 3.75479498770817e-15
6355 3.73881020544406e-15
6357.5 3.72430984842001e-15
6360 3.70980991491244e-15
6362.5 3.70226496893477e-15
6365 3.69472002295711e-15
6367.5 3.66887493015401e-15
6370 3.64302983735091e-15
6372.5 3.60213000445979e-15
6375 3.56123017156867e-15
6377.5 3.48977489565477e-15
6380 3.41832004325734e-15
6382.5 3.33652503615631e-15
6385 3.25473002905528e-15
6387.5 3.17234506350648e-15
6390 3.08996009795769e-15
6392.5 2.99524000335627e-15
6395 2.90051990875484e-15
6397.5 2.80879005221547e-15
6400 2.71705998391785e-15
6402.5 2.63754497775259e-15
6405 2.55802997158733e-15
6407.5 2.48943999637576e-15
6410 2.42085002116418e-15
6412.5 2.3716350775881e-15
6415 2.32241992225378e-15
6417.5 2.26040504029527e-15
6420 2.19838994657852e-15
6422.5 2.14223505030735e-15
6425 2.08607994227794e-15
6427.5 2.03982495533604e-15
6430 1.99356996839414e-15
6432.5 1.95609003102756e-15
6435 1.91861009366098e-15
6437.5 1.90146508801737e-15
6440 1.88432008237376e-15
6442.5 1.87567505235584e-15
6445 1.86703002233793e-15
6447.5 1.85724509773125e-15
6450 1.84745996136633e-15
6452.5 1.85393510473161e-15
6455 1.86041003633866e-15
6457.5 1.88408990117034e-15
6460 1.90776997776026e-15
6462.5 1.95242004902535e-15
6465 1.9970699085322e-15
6467.5 2.07366498037004e-15
6470 2.15026005220787e-15
6472.5 2.24520503405679e-15
6475 2.34015001590571e-15
6477.5 2.48582507151511e-15
6480 2.63149991536627e-15
6482.5 2.8379900307644e-15
6485 3.04447993440429e-15
6487.5 3.29841490627697e-15
6490 3.55235008990789e-15
6492.5 3.89019998059035e-15
6495 4.22805008303104e-15
6497.5 4.62283011688964e-15
6500 5.01761015074824e-15
6502.5 5.42543999770871e-15
6505 5.83326984466919e-15
6507.5 6.2056348456446e-15
6510 6.57799984662001e-15
6512.5 6.9261998446432e-15
6515 7.27440026618287e-15
6517.5 7.57360533743803e-15
6520 7.87281040869319e-15
6522.5 8.13577009310239e-15
6525 8.3987297775116e-15
6527.5 8.61185004330436e-15
6530 8.82497030909712e-15
6532.5 8.98372461220331e-15
6535 9.14247976234244e-15
6537.5 9.28339470454651e-15
6540 9.42430964675058e-15
6542.5 9.52838458497971e-15
6545 9.6324603702418e-15
6547.5 9.68745991357291e-15
6550 9.74246030393698e-15
6552.5 9.80250477550194e-15
6555 9.86255009409985e-15
6557.5 9.90310010238376e-15
6560 9.94365011066766e-15
6562.5 9.94512987722651e-15
6565 9.94660964378537e-15
6567.5 9.92603521349656e-15
6570 9.90545993617481e-15
6572.5 9.88613996168088e-15
6575 9.86681998718696e-15
6577.5 9.83516467188217e-15
6580 9.80351020361033e-15
6582.5 9.75450511244693e-15
6585 9.70550002128354e-15
6587.5 9.63721984837242e-15
6590 9.5689396754613e-15
6592.5 9.50253483349541e-15
6595 9.43612999152951e-15
6597.5 9.36692994083768e-15
6600 9.29772989014584e-15
6602.5 9.20864489398427e-15
6605 9.11955989782269e-15
6607.5 9.02287532205835e-15
6610 8.92618989926106e-15
6612.5 8.81814999980583e-15
6615 8.71011010035059e-15
6617.5 8.57671003445457e-15
6620 8.44330996855854e-15
6622.5 8.31547999132366e-15
6625 8.18765001408877e-15
6627.5 8.06386461917703e-15
6630 7.94008007129823e-15
6632.5 7.8238197170899e-15
6635 7.70756020991451e-15
6637.5 7.60514969142673e-15
6640 7.50274001997189e-15
6642.5 7.3958749552145e-15
6645 7.28900989045711e-15
6647.5 7.18094966221114e-15
6650 7.07288985748165e-15
6652.5 6.9840500773583e-15
6655 6.89520987371848e-15
6657.5 6.81953002098015e-15
6660 6.74385016824182e-15
6662.5 6.66727500167824e-15
6665 6.59069983511467e-15
6667.5 6.51245516661205e-15
6670 6.43421007459296e-15
6672.5 6.36231984726065e-15
6675 6.29043004344481e-15
6677.5 6.21946985828858e-15
6680 6.14851009664882e-15
6682.5 6.07864512509339e-15
6685 6.00878015353796e-15
6687.5 5.96177998936072e-15
6690 5.91477982518347e-15
6692.5 5.86155015719564e-15
6695 5.80832006569134e-15
6697.5 5.73650988297254e-15
6700 5.66470012377022e-15
6702.5 5.61639002314004e-15
6705 5.56807992250987e-15
6707.5 5.52420488639151e-15
6710 5.48032985027316e-15
6712.5 5.44171488875726e-15
6715 5.40309992724136e-15
6717.5 5.35169519173839e-15
6720 5.30029003271894e-15
6722.5 5.26776481457733e-15
6725 5.23524001995218e-15
6727.5 5.20438006858487e-15
6730 5.17352011721755e-15
6732.5 5.13902512395709e-15
6735 5.10453013069664e-15
6737.5 5.0820049835303e-15
6740 5.05947983636397e-15
6742.5 5.02237979327423e-15
6745 4.98528017370096e-15
6747.5 4.958854863329e-15
6750 4.93242997647351e-15
6752.5 4.90732984914752e-15
6755 4.88223014533801e-15
6757.5 4.8641400626835e-15
6760 4.84604998002899e-15
6762.5 4.82463021085882e-15
6765 4.80321001817218e-15
6767.5 4.78416490586964e-15
6770 4.7651197935671e-15
6772.5 4.74241507541595e-15
6775 4.71970993374832e-15
6777.5 4.7112650152642e-15
6780 4.70282009678007e-15
6782.5 4.69219491548972e-15
6785 4.68157015771583e-15
6787.5 4.67142990278778e-15
6790 4.6612900713762e-15
6792.5 4.64120014393322e-15
6795 4.62110979297377e-15
6797.5 4.6097299053274e-15
6800 4.59835001768104e-15
6802.5 4.59230516705296e-15
6805 4.58625989290841e-15
6807.5 4.57249984268026e-15
6810 4.55873979245212e-15
6812.5 4.54181988581424e-15
6815 4.52489997917636e-15
6817.5 4.51738510286832e-15
6820 4.50986980304381e-15
6822.5 4.5125548974866e-15
6825 4.5152399919294e-15
6827.5 4.50123006698181e-15
6830 4.48722014203423e-15
6832.5 4.47068012967319e-15
6835 4.45414011731216e-15
6837.5 4.46070504616985e-15
6840 4.46726997502755e-15
6842.5 4.47035021034024e-15
6845 4.47343002213645e-15
6847.5 4.47171012173705e-15
6850 4.46998979782118e-15
6852.5 4.45521500212222e-15
6855 4.44044020642327e-15
6857.5 4.41344992507548e-15
6860 4.38646006724417e-15
6862.5 4.35723488946506e-15
6865 4.32801013520241e-15
6867.5 4.2758401054316e-15
6870 4.22367007566079e-15
6872.5 4.23593511273703e-15
6875 4.24820014981327e-15
6877.5 4.32700978929171e-15
6880 4.40581985228661e-15
6882.5 4.44420018567613e-15
6885 4.48258009554917e-15
6887.5 4.45094510903511e-15
6890 4.41931012252106e-15
6892.5 4.38647997251843e-15
6895 4.3536498225158e-15
6897.5 4.35323011769044e-15
6900 4.3528099893486e-15
6902.5 4.36339493657396e-15
6905 4.37397988379933e-15
6907.5 4.36246997659556e-15
6910 4.3509600693918e-15
6912.5 4.34108493577623e-15
6915 4.33120980216067e-15
6917.5 4.32794999586316e-15
6920 4.32469018956565e-15
6922.5 4.30322002193512e-15
6925 4.28174985430459e-15
6927.5 4.25634987731528e-15
6930 4.23094990032596e-15
6932.5 4.23425502288615e-15
6935 4.23756014544634e-15
6937.5 4.24008006846442e-15
6940 4.2425999914825e-15
6942.5 4.24353511585627e-15
6945 4.24446981671356e-15
6947.5 4.2378498307143e-15
6950 4.23122984471503e-15
6952.5 4.23838515553696e-15
6955 4.24554004284242e-15
6957.5 4.25732015355636e-15
6960 4.26909984075382e-15
6962.5 4.27290005407168e-15
6965 4.27669984387306e-15
6967.5 4.27500493094561e-15
6970 4.27331001801815e-15
6972.5 4.28444511314276e-15
6975 4.29558020826736e-15
6977.5 4.29663984648438e-15
6980 4.29769990821787e-15
6982.5 4.29215988922635e-15
6985 4.28661987023483e-15
6987.5 4.29000503740853e-15
6990 4.29339020458224e-15
6992.5 4.28937992709346e-15
6995 4.28537007312116e-15
6997.5 4.27406980657184e-15
7000 4.26276996353899e-15
7002.5 4.26385501274443e-15
7005 4.26494006194986e-15
7007.5 4.26980499568241e-15
7010 4.27466992941497e-15
7012.5 4.2723698114467e-15
7015 4.2700701169949e-15
7017.5 4.26727490826896e-15
7020 4.2644801230595e-15
7022.5 4.25021481767832e-15
7025 4.23594993581361e-15
7027.5 4.229479874646e-15
7030 4.2230098134784e-15
7032.5 4.22900511267907e-15
7035 4.23499998836326e-15
7037.5 4.22538997606019e-15
7040 4.21577996375711e-15
7042.5 4.20175013353527e-15
7045 4.18771987979695e-15
7047.5 4.18607494181338e-15
7050 4.18443000382981e-15
7052.5 4.1842550915262e-15
7055 4.18408017922259e-15
7057.5 4.17436005263638e-15
7060 4.16463992605016e-15
7062.5 4.15264001028641e-15
7065 4.14064009452266e-15
7067.5 4.13721511680044e-15
7070 4.13379013907821e-15
7072.5 4.13409507093922e-15
7075 4.13440000280024e-15
7077.5 4.14680988251046e-15
7080 4.15922018573715e-15
7082.5 4.14868478993921e-15
7085 4.13814981765773e-15
7087.5 4.12435503907875e-15
7090 4.11055983698329e-15
7092.5 4.10896995614129e-15
7095 4.1073800752993e-15
7097.5 4.10592487269591e-15
7100 4.104470093609e-15
7102.5 4.09952003306525e-15
7105 4.0945699725215e-15
7107.5 4.0924549312522e-15
7110 4.09033988998291e-15
7112.5 4.09716485795541e-15
7115 4.10398982592791e-15
7117.5 4.10848502977899e-15
7120 4.1129798101136e-15
7122.5 4.11313015846173e-15
7125 4.1132800832934e-15
7127.5 4.08852512189342e-15
7130 4.06377016049344e-15
7132.5 4.05045014388139e-15
7135 4.03713012726934e-15
7137.5 4.04388479150722e-15
7140 4.05063987926157e-15
7142.5 4.04801492415803e-15
7145 4.04538996905449e-15
7147.5 4.04676512704436e-15
7150 4.04813986151775e-15
7152.5 4.05550989519181e-15
7155 4.06287992886587e-15
7157.5 4.07178012755915e-15
7160 4.08067990273595e-15
7162.5 4.09079982887327e-15
7165 4.10092017852706e-15
7167.5 4.10679519904922e-15
7170 4.1126697960549e-15
7172.5 4.1275098132908e-15
7175 4.14234983052669e-15
7177.5 4.1564300592089e-15
7180 4.17050986437463e-15
7182.5 4.17580000864671e-15
7185 4.18109015291879e-15
7187.5 4.17682491851289e-15
7190 4.17256010762346e-15
7192.5 4.18259998914727e-15
7195 4.19263987067107e-15
7197.5 4.20723001318753e-15
7200 4.22182015570398e-15
7202.5 4.21311985678626e-15
7205 4.20441998138501e-15
7207.5 4.19794992021741e-15
7210 4.19147985904981e-15
7212.5 4.19752979187557e-15
7215 4.20358014821781e-15
7217.5 4.19599496817515e-15
7220 4.18841021164896e-15
7222.5 4.17439520450369e-15
7225 4.16038019735842e-15
7227.5 4.14502010189291e-15
7230 4.1296600064274e-15
7232.5 4.10651017246247e-15
7235 4.08335991498106e-15
7237.5 4.07045494451317e-15
7240 4.05754997404527e-15
7242.5 4.06887988674775e-15
7245 4.08020979945022e-15
7247.5 4.09214491719351e-15
7250 4.10408003493679e-15
7252.5 4.12656494803813e-15
7255 4.14904986113947e-15
7257.5 4.15340996323546e-15
7260 4.15777006533146e-15
7262.5 4.16870991936172e-15
7265 4.17965019690845e-15
7267.5 4.21366492248782e-15
7270 4.24768007158366e-15
7272.5 4.23696510480089e-15
7275 4.22625013801812e-15
7277.5 4.21063000343781e-15
7280 4.19500986885749e-15
7282.5 4.21919011840276e-15
7285 4.24336994443155e-15
7287.5 4.25641001665453e-15
7290 4.26945008887751e-15
7292.5 4.28103495849711e-15
7295 4.29261982811671e-15
7297.5 4.31034992176864e-15
7300 4.32808001542056e-15
7302.5 4.31914000617877e-15
7305 4.31019999693697e-15
7307.5 4.29501989597275e-15
7310 4.27983979500854e-15
7312.5 4.27242995078595e-15
7315 4.26502010656337e-15
7317.5 4.26963008337881e-15
7320 4.27424006019424e-15
7322.5 4.26794491133024e-15
7325 4.26165018598272e-15
7327.5 4.24297480356166e-15
7330 4.22429984465707e-15
7332.5 4.22097989902031e-15
7335 4.21765995338354e-15
7337.5 4.20185516562073e-15
7340 4.18604995434143e-15
7342.5 4.16035012768879e-15
7345 4.13464987751968e-15
7347.5 4.12413989271014e-15
7350 4.11362990790061e-15
7352.5 4.09888518187128e-15
7355 4.08414003232548e-15
7357.5 4.0714099741612e-15
7360 4.05867991599691e-15
7362.5 4.05072500607277e-15
7365 4.04277009614863e-15
7367.5 4.03270480363641e-15
7370 4.02263993464066e-15
7372.5 4.0220948689391e-15
7375 4.02154980323755e-15
7377.5 4.00500979087651e-15
7380 3.98847020203195e-15
7382.5 3.96636010100977e-15
7385 3.94424999998759e-15
7387.5 3.93074998887425e-15
7390 3.91724997776091e-15
7392.5 3.91392494992647e-15
7395 3.91059992209202e-15
7397.5 3.92837999068783e-15
7400 3.94616005928365e-15
7402.5 3.95148493190656e-15
7405 3.95680980452948e-15
7407.5 3.95595980696691e-15
7410 3.95510980940434e-15
7412.5 3.96534493202249e-15
7415 3.97558005464063e-15
7417.5 3.99978486814137e-15
7420 4.02399010515858e-15
7422.5 4.0376751929709e-15
7425 4.05135985726674e-15
7427.5 4.06276007370384e-15
7430 4.07415986662446e-15
7432.5 4.07393497937696e-15
7435 4.07371009212946e-15
7437.5 4.07601486877894e-15
7440 4.0783200689449e-15
7442.5 4.08347511146189e-15
7445 4.08863015397888e-15
7447.5 4.09646520874098e-15
7450 4.10429983998661e-15
7452.5 4.09965979350155e-15
7455 4.09502017053296e-15
7457.5 4.08151507722194e-15
7460 4.06800998391092e-15
7462.5 4.0801699889017e-15
7465 4.09232999389248e-15
7467.5 4.09989992734209e-15
7470 4.10746986079171e-15
7472.5 4.11073517280337e-15
7475 4.11400006129856e-15
7477.5 4.11401996657282e-15
7480 4.11403987184708e-15
7482.5 4.09342986617449e-15
7485 4.0728198605019e-15
7487.5 4.0605251772725e-15
7490 4.04823007052663e-15
7492.5 4.04703490703806e-15
7495 4.04584016706596e-15
7497.5 4.04524004422283e-15
7500 4.0446399213797e-15
7502.5 4.04470006071895e-15
7505 4.04476020005821e-15
7507.5 4.03756507868776e-15
7510 4.0303699573173e-15
7512.5 4.02615512137177e-15
7515 4.02193986190976e-15
7517.5 4.00369011354469e-15
7520 3.98543994166315e-15
7522.5 3.98429009443725e-15
7525 3.98313982369488e-15
7527.5 3.9729051245932e-15
7530 3.96267000197506e-15
7532.5 3.95716979353206e-15
7535 3.95167000860554e-15
7537.5 3.94336993275539e-15
7540 3.93506985690525e-15
7542.5 3.92930495066624e-15
7545 3.92354004442722e-15
7547.5 3.92789506432553e-15
7550 3.93225008422384e-15
7552.5 3.90219015547521e-15
7555 3.8721298032101e-15
7557.5 3.85986518965033e-15
7560 3.84760015257409e-15
7562.5 3.83698005348141e-15
7565 3.82635995438874e-15
7567.5 3.80556487201717e-15
7570 3.7847697896456e-15
7572.5 3.78054013062349e-15
7575 3.7763100480849e-15
7577.5 3.77972994360944e-15
7580 3.78314983913398e-15
7582.5 3.80945995302512e-15
7585 3.83577006691626e-15
7587.5 3.88480480423281e-15
7590 3.93383996506584e-15
7592.5 3.91319988972362e-15
7595 3.8925598143814e-15
7597.5 3.70552519874875e-15
7600 3.5184899478414e-15
7602.5 3.29817498419466e-15
7605 3.07786002054793e-15
7607.5 3.15442502271614e-15
7610 3.23099002488435e-15
7612.5 3.49179506923397e-15
7615 3.75259990182536e-15
7617.5 3.8542451260453e-15
7620 3.95588992674876e-15
7622.5 3.89714480372489e-15
7625 3.83840010421748e-15
7627.5 3.6985549646258e-15
7630 3.55870982503411e-15
7632.5 3.50552992023194e-15
7635 3.45235001542976e-15
7637.5 3.52037501966552e-15
7640 3.58840002390127e-15
7642.5 3.61355012617115e-15
7645 3.63869980492455e-15
7647.5 3.643510105032e-15
7650 3.64831998162299e-15
7652.5 3.6774600325909e-15
7655 3.70660008355882e-15
7657.5 3.72464019126944e-15
7660 3.74267987546359e-15
7662.5 3.75356509586876e-15
7665 3.76444989275745e-15
7667.5 3.74385979235912e-15
7670 3.72327011547726e-15
7672.5 3.70791510220943e-15
7675 3.69256008894161e-15
7677.5 3.65953003916343e-15
7680 3.62649998938524e-15
7682.5 3.5448849767855e-15
7685 3.46326996418576e-15
7687.5 3.38046508205337e-15
7690 3.29765998816273e-15
7692.5 3.23993998676327e-15
7695 3.18221998536381e-15
7697.5 3.14321009473625e-15
7700 3.10419999235046e-15
7702.5 3.08415008721424e-15
7705 3.06409997031978e-15
7707.5 3.07840508624948e-15
7710 3.09270999042095e-15
7712.5 3.12953495956107e-15
7715 3.16635992870119e-15
7717.5 3.20998000790241e-15
7720 3.25360008710364e-15
7722.5 3.29776502024819e-15
7725 3.34192995339274e-15
7727.5 3.36789003091843e-15
7730 3.39384989668588e-15
7732.5 3.42178504328633e-15
7735 3.44971997812854e-15
7737.5 3.46748501188954e-15
7740 3.48525004565054e-15
7742.5 3.51185492700732e-15
7745 3.53846002012234e-15
7747.5 3.5708698300249e-15
7750 3.60327985168569e-15
7752.5 3.6237899074705e-15
7755 3.64429996325532e-15
7757.5 3.66827014862967e-15
7760 3.69223991048754e-15
7762.5 3.7049398989822e-15
7765 3.71763988747686e-15
7767.5 3.73664010703319e-15
7770 3.75563990307306e-15
7772.5 3.77091995392505e-15
7775 3.78620000477704e-15
7777.5 3.78565493907549e-15
7780 3.78510987337393e-15
7782.5 3.7944949984295e-15
7785 3.80388012348508e-15
7787.5 3.81205483845903e-15
7790 3.82022997694946e-15
7792.5 3.818535064022e-15
7795 3.81684015109455e-15
7797.5 3.79721990342082e-15
7800 3.77760007926357e-15
7802.5 3.76255508005444e-15
7805 3.74751008084531e-15
7807.5 3.75163004910075e-15
7810 3.7557500173562e-15
7812.5 3.75439984683828e-15
7815 3.75305009983683e-15
7817.5 3.75432488442244e-15
7820 3.75560009252453e-15
7822.5 3.74949002035952e-15
7825 3.7433799481945e-15
7827.5 3.72651509869819e-15
7830 3.70964982568541e-15
7832.5 3.6948148906472e-15
7835 3.67997995560899e-15
7837.5 3.68140000634506e-15
7840 3.68282005708113e-15
7842.5 3.69223482828986e-15
7845 3.70165002301507e-15
7847.5 3.68530991042958e-15
7850 3.6689697978441e-15
7852.5 3.64483994675919e-15
7855 3.62071009567429e-15
7857.5 3.61129998314677e-15
7860 3.60188987061924e-15
7862.5 3.60020003988947e-15
7865 3.5985102091597e-15
7867.5 3.59410013211982e-15
7870 3.58969005507994e-15
7872.5 3.57182020099172e-15
7875 3.55394992338702e-15
7877.5 3.54146995170041e-15
7880 3.5289899800138e-15
7882.5 3.54004990096434e-15
7885 3.55111003367311e-15
7887.5 3.55450007128626e-15
7890 3.55788989714117e-15
7892.5 3.54752496672386e-15
7895 3.53716003630654e-15
7897.5 3.55257497715539e-15
7900 3.56798991800423e-15
7902.5 3.56125007684293e-15
7905 3.55450981216515e-15
7907.5 3.533944910997e-15
7910 3.51338000982885e-15
7912.5 3.51257490501249e-15
7915 3.51177001195436e-15
7917.5 3.50685002108023e-15
7920 3.50193003020611e-15
7922.5 3.49399502555623e-15
7925 3.48606002090635e-15
7927.5 3.47829992856008e-15
7930 3.47054004797205e-15
7932.5 3.48919997204182e-15
7935 3.5078598961116e-15
7937.5 3.50915500948795e-15
7940 3.51044991110606e-15
7942.5 3.50536496056546e-15
7945 3.50028001002485e-15
7947.5 3.50010996816069e-15
7950 3.49993992629653e-15
7952.5 3.49582991067822e-15
7955 3.4917198950599e-15
7957.5 3.47764008989417e-15
7960 3.4635600729702e-15
7962.5 3.45897508362671e-15
7965 3.45439009428322e-15
7967.5 3.46634998774022e-15
7970 3.47831009295545e-15
7972.5 3.48910002215405e-15
7975 3.49988995135264e-15
7977.5 3.49566495101174e-15
7980 3.49143995067084e-15
7982.5 3.48391999216511e-15
7985 3.47640003365939e-15
7987.5 3.46603997368152e-15
7990 3.45567991370365e-15
7992.5 3.45238008509939e-15
7995 3.44908004473688e-15
7997.5 3.45427998000008e-15
8000 3.45947991526327e-15
8002.5 3.45399495341333e-15
8005 3.44850999156338e-15
8007.5 3.45604498490392e-15
8010 3.46357997824446e-15
8012.5 3.4636699754951e-15
8015 3.46375997274575e-15
8017.5 3.46340506594085e-15
8020 3.46304994737771e-15
8022.5 3.47333991537919e-15
8025 3.48363009513891e-15
8027.5 3.45440004692035e-15
8030 3.42516999870179e-15
8032.5 3.41630495187583e-15
8035 3.40743990504986e-15
8037.5 3.41235502548454e-15
8040 3.41726993416099e-15
8042.5 3.43626507151964e-15
8045 3.45525999712005e-15
8047.5 3.44726506488916e-15
8050 3.43926992090002e-15
8052.5 3.41730000383061e-15
8055 3.39533008676121e-15
8057.5 3.39750992605096e-15
8060 3.39968997709896e-15
8062.5 3.40311008438174e-15
8065 3.40652997990628e-15
8067.5 3.39977997434961e-15
8070 3.39302996879294e-15
8072.5 3.3860000188472e-15
8075 3.37897006890146e-15
8077.5 3.38750498463623e-15
8080 3.396039900371e-15
8082.5 3.39309497857164e-15
8085 3.39015005677227e-15
8087.5 3.37594997292803e-15
8090 3.36175010084202e-15
8092.5 3.34959009585124e-15
8095 3.33743009086045e-15
8097.5 3.32899999545291e-15
8100 3.32056990004536e-15
8102.5 3.29566501381371e-15
8105 3.27075991582383e-15
8107.5 3.24409997732548e-15
8110 3.21744003882712e-15
8112.5 3.21055493151536e-15
8115 3.20367003596184e-15
8117.5 3.20765003202275e-15
8120 3.21163002808367e-15
8122.5 3.20540010075661e-15
8125 3.19916996167132e-15
8127.5 3.18811999335791e-15
8130 3.17707002504451e-15
8132.5 3.17762991382264e-15
8135 3.17819001435901e-15
8137.5 3.17849007578058e-15
8140 3.17878992544391e-15
8142.5 3.17701009746349e-15
8145 3.17523005772483e-15
8147.5 3.17451495015911e-15
8150 3.17380005435163e-15
8152.5 3.17085492079403e-15
8155 3.16790999899466e-15
8157.5 3.15333002087357e-15
8160 3.13875004275248e-15
8162.5 3.13642006687282e-15
8165 3.13409009099317e-15
8167.5 3.13787992815742e-15
8170 3.14166997707991e-15
8172.5 3.12919995803043e-15
8175 3.11672993898095e-15
8177.5 3.14386506296272e-15
8180 3.17099997518624e-15
8182.5 3.18634503581694e-15
8185 3.20169009644764e-15
8187.5 3.19786997785552e-15
8190 3.19405007102164e-15
8192.5 3.20609000909215e-15
8195 3.21812994716266e-15
8197.5 3.21878491538912e-15
8200 3.21944009537382e-15
8202.5 3.24110995102167e-15
8205 3.26278001842775e-15
8207.5 3.27584994856212e-15
8210 3.28892009045473e-15
8212.5 3.28604504887351e-15
8215 3.28317000729229e-15
8217.5 3.27911991925499e-15
8220 3.27507004297593e-15
8222.5 3.27783497027401e-15
8225 3.28059989757208e-15
8227.5 3.27458998705308e-15
8230 3.26858007653407e-15
8232.5 3.26532492891777e-15
8235 3.26206999305971e-15
8237.5 3.25520500278045e-15
8240 3.24834001250119e-15
8242.5 3.23379010404973e-15
8245 3.21923998384004e-15
8247.5 3.20722990368092e-15
8250 3.19522003528003e-15
8252.5 3.19813996960746e-15
8255 3.20105990393488e-15
8257.5 3.19654500656778e-15
8260 3.19202989744244e-15
8262.5 3.19604991581011e-15
8265 3.20006993417778e-15
8267.5 3.19103505724589e-15
8270 3.18199996855576e-15
8272.5 3.15643503189997e-15
8275 3.13087009524418e-15
8277.5 3.12239997752987e-15
8280 3.1139300715738e-15
8282.5 3.10584005989458e-15
8285 3.09775004821535e-15
8287.5 3.06322498528527e-15
8290 3.02869992235518e-15
8292.5 3.00254502725163e-15
8295 2.97638992038983e-15
8297.5 2.93214007219232e-15
8300 2.88789001223657e-15
8302.5 2.81793991386994e-15
8305 2.74799002726155e-15
8307.5 2.69083499683791e-15
8310 2.63367996641427e-15
8312.5 2.55928506265692e-15
8315 2.48488994714134e-15
8317.5 2.385089984197e-15
8320 2.28529002125266e-15
8322.5 2.17194494269053e-15
8325 2.05860007588664e-15
8327.5 1.94542503918868e-15
8330 1.83225000249072e-15
8332.5 1.72930002989466e-15
8335 1.62634995141947e-15
8337.5 1.52017998307442e-15
8340 1.41401001472937e-15
8342.5 1.31089000026915e-15
8345 1.20776998580892e-15
8347.5 1.12487500054676e-15
8350 1.0419800152846e-15
8352.5 9.71503485941254e-16
8355 9.01026956597907e-16
8357.5 8.41267988075728e-16
8360 7.81509019553549e-16
8362.5 7.42599502330239e-16
8365 7.03689985106929e-16
8367.5 6.72493496961757e-16
8370 6.41297008816585e-16
8372.5 6.18951009118596e-16
8375 5.96605009420606e-16
8377.5 5.88861487156367e-16
8380 5.81118017831686e-16
8382.5 5.75744017297831e-16
8385 5.70370016763976e-16
8387.5 5.76125976217484e-16
8390 5.8188198861055e-16
8392.5 5.96641008320865e-16
8395 6.1139997509162e-16
8397.5 6.28981520340422e-16
8400 6.46563012649665e-16
8402.5 6.60043012609625e-16
8405 6.73523012569585e-16
8407.5 6.97385995336548e-16
8410 7.2124897810351e-16
8412.5 7.46363981445633e-16
8415 7.71478984787756e-16
8417.5 7.97754476207176e-16
8420 8.24030020566156e-16
8422.5 8.62474516701424e-16
8425 9.00918959897132e-16
8427.5 9.47366964471888e-16
8430 9.93814969046643e-16
8432.5 1.04803248920921e-15
8435 1.10225000937177e-15
8437.5 1.15881497546853e-15
8440 1.21538004744441e-15
8442.5 1.2812349532693e-15
8445 1.34708996497331e-15
8447.5 1.42101995352173e-15
8450 1.49495004794927e-15
8452.5 1.55252997127508e-15
8455 1.61011000048e-15
8457.5 1.67692501815061e-15
8460 1.74374003582121e-15
8462.5 1.82489500365147e-15
8465 1.90605007736086e-15
8467.5 1.96567505585869e-15
8470 2.02530003435653e-15
8472.5 2.06393998334437e-15
8475 2.10257993233222e-15
8477.5 2.1115699165179e-15
8480 2.12055990070359e-15
8482.5 2.11418491898431e-15
8485 2.10780993726504e-15
8487.5 2.0864949884221e-15
8490 2.06518003957915e-15
8492.5 2.03767010351823e-15
8495 2.01015995569907e-15
8497.5 2.01223010422216e-15
8500 2.01430004098701e-15
8502.5 2.00947491780297e-15
8505 2.00465000637718e-15
8507.5 1.9834849823659e-15
8510 1.96231995835462e-15
8512.5 1.9322549474083e-15
8515 1.90218993646198e-15
8517.5 1.8897199174125e-15
8520 1.87724989836303e-15
8522.5 1.84886497726759e-15
8525 1.82048005617215e-15
8527.5 1.79210995815329e-15
8530 1.76373996601354e-15
8532.5 1.77525495541499e-15
8535 1.78677005069556e-15
8537.5 1.79092495906008e-15
8540 1.79508007918283e-15
8542.5 1.81826993545452e-15
8545 1.84146000348445e-15
8547.5 1.86640004158341e-15
8550 1.89134007968236e-15
8552.5 1.92748509312407e-15
8555 1.96362989480755e-15
8557.5 2.01957006822659e-15
8560 2.07551002988739e-15
8562.5 2.13013010245814e-15
8565 2.18474996327065e-15
8567.5 2.26181005619653e-15
8570 2.33886993736417e-15
8572.5 2.44180498100454e-15
8575 2.54474002464491e-15
8577.5 2.65613502160422e-15
8580 2.76753001856353e-15
8582.5 2.88532498471405e-15
8585 3.00311995086457e-15
8587.5 3.13000506284679e-15
8590 3.25688996307078e-15
8592.5 3.36954492153913e-15
8595 3.48220009176571e-15
8597.5 3.5885601131283e-15
8600 3.69491992273266e-15
8602.5 3.79122502773663e-15
8605 3.8875301327406e-15
8607.5 3.98805515588779e-15
8610 4.08858017903499e-15
8612.5 4.194335207115e-15
8615 4.30008981167854e-15
8617.5 4.38664514394315e-15
8620 4.47320005269127e-15
8622.5 4.53797012106897e-15
8625 4.60274018944666e-15
8627.5 4.66763519518408e-15
8630 4.73253020092149e-15
8632.5 4.78084496023288e-15
8635 4.82916014306074e-15
8637.5 4.84425511721375e-15
8640 4.85935009136677e-15
8642.5 4.89457988570897e-15
8645 4.92981010356765e-15
8647.5 4.98887498152911e-15
8650 5.04793985949058e-15
8652.5 5.06080501940995e-15
8655 5.07367017932932e-15
8657.5 5.07740008891255e-15
8660 5.08112999849579e-15
8662.5 5.10367505093638e-15
8665 5.12622010337698e-15
8667.5 5.11338501312723e-15
8670 5.10054992287749e-15
8672.5 5.09663493659528e-15
8675 5.09271995031307e-15
8677.5 5.11939979408568e-15
8680 5.14608006137477e-15
8682.5 5.18199002317362e-15
8685 5.21789998497247e-15
8687.5 5.21586498831669e-15
8690 5.21382999166091e-15
8692.5 5.19995008627073e-15
8695 5.18607018088054e-15
8697.5 5.17706495010181e-15
8700 5.16806014283955e-15
8702.5 5.15141509839306e-15
8705 5.13477005394656e-15
8707.5 5.10013487673333e-15
8710 5.06550012303658e-15
8712.5 5.01705492065132e-15
8715 4.96861014178253e-15
8717.5 4.9314601237489e-15
8720 4.89431010571527e-15
8722.5 4.85147480253968e-15
8725 4.80863992288055e-15
8727.5 4.77130016946674e-15
8730 4.73395999253646e-15
8732.5 4.72107492734282e-15
8735 4.70818986214919e-15
8737.5 4.69432012115438e-15
8740 4.68044995664309e-15
8742.5 4.65746995278408e-15
8745 4.63448994892507e-15
8747.5 4.62118009670839e-15
8750 4.60786982097523e-15
8752.5 4.56013019703503e-15
8755 4.51239014957836e-15
8757.5 4.4229549052931e-15
8760 4.3335200845243e-15
8762.5 4.27045001127175e-15
8765 4.20737993801919e-15
8767.5 4.19446480315593e-15
8770 4.18155009180915e-15
8772.5 4.14103015319487e-15
8775 4.10050979106412e-15
8777.5 4.0139451414371e-15
8780 3.9273800682936e-15
8782.5 3.87174990893325e-15
8785 3.81612017308938e-15
8787.5 3.79353996878148e-15
8790 3.77096018799004e-15
8792.5 3.76179486798428e-15
8795 3.75262997149499e-15
8797.5 3.7340850321478e-15
8800 3.71554009280062e-15
8802.5 3.67765993236646e-15
8805 3.63978019544877e-15
8807.5 3.58950497838097e-15
8810 3.5392299730714e-15
8812.5 3.51368494168986e-15
8815 3.48813991030833e-15
8817.5 3.42897508245909e-15
8820 3.36981004285162e-15
8822.5 3.28309504487646e-15
8825 3.1963800469013e-15
8827.5 3.14148490038093e-15
8830 3.0865899656188e-15
8832.5 3.02297503842293e-15
8835 2.95935989946881e-15
8837.5 2.92963497225082e-15
8840 2.89991004503282e-15
8842.5 2.90951010469876e-15
8845 2.91910995260647e-15
8847.5 2.92582501805407e-15
8850 2.93254008350166e-15
8852.5 2.9262750043073e-15
8855 2.92000992511293e-15
8857.5 2.93762990448171e-15
8860 2.95525009560873e-15
8862.5 2.96439508682377e-15
8865 2.9735400780388e-15
8867.5 2.9423650304151e-15
8870 2.91118998279141e-15
8872.5 2.90053494358966e-15
8875 2.88987990438791e-15
8877.5 2.88060002317603e-15
8880 2.87131993020591e-15
8882.5 2.85919507708244e-15
8885 2.84707001220073e-15
8887.5 2.85824491787386e-15
8890 2.86942003530522e-15
8892.5 2.87785500115221e-15
8895 2.88628996699921e-15
8897.5 2.87400502464871e-15
8900 2.8617200822982e-15
8902.5 2.88110506657083e-15
8905 2.90049005084345e-15
8907.5 2.92415001040087e-15
8910 2.94780996995829e-15
8912.5 2.91718994067328e-15
8915 2.88656991138828e-15
8917.5 2.89945497658191e-15
8920 2.91234004177554e-15
8922.5 2.89519503613193e-15
8925 2.87805003048832e-15
8927.5 2.87316497972327e-15
8930 2.86827992895821e-15
8932.5 2.85823009479728e-15
8935 2.84818004887811e-15
8937.5 2.8368499244174e-15
8940 2.82552001171492e-15
8942.5 2.82428990811727e-15
8945 2.82306001627786e-15
8947.5 2.83239495463131e-15
8950 2.841730104743e-15
8952.5 2.8219448974028e-15
8955 2.80215990182083e-15
8957.5 2.80960002747128e-15
8960 2.81703994136349e-15
8962.5 2.79867499651759e-15
8965 2.7803100516717e-15
8967.5 2.74162499817941e-15
8970 2.70293994468712e-15
8972.5 2.6718400712375e-15
8975 2.64073998602963e-15
8977.5 2.62668495657761e-15
8980 2.61262992712558e-15
8982.5 2.57988998613183e-15
8985 2.54715004513809e-15
8987.5 2.50182510037227e-15
8990 2.45649994384822e-15
8992.5 2.44150004914353e-15
8995 2.4264999426806e-15
8997.5 2.43354492746115e-15
9000 2.44058991224171e-15
9002.5 2.45131991385929e-15
9005 2.46204991547687e-15
9007.5 2.46298503985064e-15
9010 2.46391995246617e-15
9012.5 2.44433993885744e-15
9015 2.42475992524871e-15
9017.5 2.39366005179908e-15
9020 2.36255996659122e-15
9022.5 2.35286990967463e-15
9025 2.34318006451628e-15
9027.5 2.36257500142603e-15
9030 2.38196993833579e-15
9032.5 2.41087493766084e-15
9035 2.43977993698589e-15
9037.5 2.4683050420341e-15
9040 2.49682993532408e-15
9042.5 2.51230501551218e-15
9045 2.52778009570027e-15
9047.5 2.54899509465544e-15
9050 2.57021009361061e-15
9052.5 2.61448492928007e-15
9055 2.65875997670776e-15
9057.5 2.67476995820205e-15
9060 2.69077993969634e-15
9062.5 2.68854504326501e-15
9065 2.68630993507544e-15
9067.5 2.70044500914098e-15
9070 2.71458008320653e-15
9072.5 2.7249200261519e-15
9075 2.73525996909727e-15
9077.5 2.74312001133131e-15
9080 2.75098005356536e-15
9082.5 2.77128999781639e-15
9085 2.79159994206741e-15
9087.5 2.80673493852719e-15
9090 2.82186993498697e-15
9092.5 2.80494007571196e-15
9095 2.78801000467871e-15
9097.5 2.77021998344577e-15
9100 2.75242996221282e-15
9102.5 2.75875496898821e-15
9105 2.76507997576359e-15
9107.5 2.77219505252053e-15
9110 2.77930991751923e-15
9112.5 2.76692502528095e-15
9115 2.75453992128443e-15
9117.5 2.72061498119748e-15
9120 2.68669004111052e-15
9122.5 2.64836497662082e-15
9125 2.61003991213111e-15
9127.5 2.56567507921101e-15
9130 2.52131003453267e-15
9132.5 2.47736998863562e-15
9135 2.43342994273857e-15
9137.5 2.42232491728359e-15
9140 2.41122010358685e-15
9142.5 2.40128504239026e-15
9145 2.39134998119368e-15
9147.5 2.36832995502792e-15
9150 2.34530992886215e-15
9152.5 2.34082001896699e-15
9155 2.33632989731359e-15
9157.5 2.34307990287026e-15
9160 2.34982990842693e-15
9162.5 2.38635502790372e-15
9165 2.42287993562228e-15
9167.5 2.44762494438513e-15
9170 2.47236995314798e-15
9172.5 2.46777501116736e-15
9175 2.46318006918674e-15
9177.5 2.4468649440732e-15
9180 2.4305500307179e-15
9182.5 2.44333006382607e-15
9185 2.45611009693425e-15
9187.5 2.47657504821462e-15
9190 2.49703999949499e-15
9192.5 2.52664507155095e-15
9195 2.55624993184868e-15
9197.5 2.58081494611023e-15
9200 2.60537996037179e-15
9202.5 2.62677495382825e-15
9205 2.64816994728471e-15
9207.5 2.68079003311642e-15
9210 2.7134099071899e-15
9212.5 2.75478492556443e-15
9215 2.79615994393896e-15
9217.5 2.83626991860676e-15
9220 2.87638010503281e-15
9222.5 2.90158992312546e-15
9225 2.92679995297636e-15
9227.5 2.92051496850773e-15
9230 2.9142299840391e-15
9232.5 2.89540001810517e-15
9235 2.87657005217123e-15
9237.5 2.86011495486316e-15
9240 2.84366006931332e-15
9242.5 2.82937994085556e-15
9245 2.81510002415604e-15
9247.5 2.81627994105156e-15
9250 2.81746006970532e-15
9252.5 2.8049650631839e-15
9255 2.79247005666248e-15
9257.5 2.78679006547643e-15
9260 2.78111007429038e-15
9262.5 2.77223994526673e-15
9265 2.76337002800132e-15
9267.5 2.7763450904456e-15
9270 2.78931994113164e-15
9272.5 2.75892501085237e-15
9275 2.7285300805731e-15
9277.5 2.71285001841176e-15
9280 2.69716995625043e-15
9282.5 2.69107491892022e-15
9285 2.68498009334825e-15
9287.5 2.6804050566419e-15
9290 2.67583001993554e-15
9292.5 2.68160509056992e-15
9295 2.68737994944606e-15
9297.5 2.64613008018949e-15
9300 2.60487999917468e-15
9302.5 2.59347999449582e-15
9305 2.58207998981696e-15
9307.5 2.57055504777838e-15
9310 2.5590301057398e-15
9312.5 2.53995492376763e-15
9315 2.5208799535537e-15
9317.5 2.50106510006035e-15
9320 2.48125003480875e-15
9322.5 2.5091650643767e-15
9325 2.53708009394465e-15
9327.5 2.58815003967522e-15
9330 2.63921998540579e-15
9332.5 2.63194503118006e-15
9335 2.62467007695433e-15
9337.5 2.58246009585204e-15
9340 2.54024990299152e-15
9342.5 2.5729250459648e-15
9345 2.60559997717984e-15
9347.5 2.6754950184049e-15
9350 2.74539005962996e-15
9352.5 2.72887990518031e-15
9355 2.7123699624889e-15
9357.5 2.68693991582996e-15
9360 2.66151008092926e-15
9362.5 2.64866503804238e-15
9365 2.63581999515551e-15
9367.5 2.63873992948293e-15
9370 2.64166007556859e-15
9372.5 2.66626998257635e-15
9375 2.69088010134235e-15
9377.5 2.68223507132444e-15
9380 2.67359004130652e-15
9382.5 2.6400299606616e-15
9385 2.60647009177491e-15
9387.5 2.65516495712137e-15
9390 2.70386003422608e-15
9392.5 2.72942497088187e-15
9395 2.75498990753766e-15
9397.5 2.71754003984071e-15
9400 2.68008996038552e-15
9402.5 2.6765051051945e-15
9405 2.67292003824525e-15
9407.5 2.69367509831005e-15
9410 2.71442994661663e-15
9412.5 2.7214399912881e-15
9415 2.72845003595958e-15
9417.5 2.72574990668197e-15
9420 2.7230499891626e-15
9422.5 2.70483496914837e-15
9425 2.68661994913414e-15
9427.5 2.66526497798444e-15
9430 2.64391000683473e-15
9432.5 2.67256491968211e-15
9435 2.70122004428772e-15
9437.5 2.69092499408856e-15
9440 2.68062994388939e-15
9442.5 2.66529991809351e-15
9445 2.64997010405586e-15
9447.5 2.64534001020794e-15
9450 2.64070991636001e-15
9452.5 2.62983994254789e-15
9455 2.61896996873578e-15
9457.5 2.62986493001984e-15
9460 2.64076010306213e-15
9462.5 2.62009991068742e-15
9465 2.59943993007094e-15
9467.5 2.59169000212003e-15
9470 2.58394007416913e-15
9472.5 2.61048989838434e-15
9475 2.63703993435779e-15
9477.5 2.63771501961675e-15
9480 2.63839010487571e-15
9482.5 2.6432649912454e-15
9485 2.64814008937332e-15
9487.5 2.6569799369691e-15
9490 2.66581999632312e-15
9492.5 2.64930497143403e-15
9495 2.63278994654494e-15
9497.5 2.62995005683104e-15
9500 2.62710995535889e-15
9502.5 2.63962507891281e-15
9505 2.65213999070849e-15
9507.5 2.64704000533307e-15
9510 2.64194001995766e-15
9512.5 2.62726009194879e-15
9515 2.61257995218169e-15
9517.5 2.59398503789062e-15
9520 2.57538991184131e-15
9522.5 2.57574503040444e-15
9525 2.57609993720934e-15
9527.5 2.60290493009992e-15
9530 2.62970992299049e-15
9532.5 2.66881510482461e-15
9535 2.7079200749005e-15
9537.5 2.7154099637366e-15
9540 2.72290006433093e-15
9542.5 2.71415995486469e-15
9545 2.70542005715668e-15
9547.5 2.6724550171572e-15
9550 2.63948997715772e-15
9552.5 2.60109990288932e-15
9555 2.56271004037915e-15
9557.5 2.54257500843173e-15
9560 2.52243997648431e-15
9562.5 2.47391007080432e-15
9565 2.4253799533661e-15
9567.5 2.41472491416435e-15
9570 2.40407008672084e-15
9572.5 2.42992004996338e-15
9575 2.45577001320592e-15
9577.5 2.45138005319854e-15
9580 2.44699009319116e-15
9582.5 2.47279495192926e-15
9585 2.4986000224256e-15
9587.5 2.49344497990861e-15
9590 2.48828993739162e-15
9592.5 2.47159491800124e-15
9595 2.45489989861086e-15
9597.5 2.45389510577718e-15
9600 2.45289010118526e-15
9602.5 2.4753548972541e-15
9605 2.49781990508118e-15
9607.5 2.51475992875155e-15
9610 2.53169995242193e-15
9612.5 2.54272493326339e-15
9615 2.55374991410485e-15
9617.5 2.54353999071689e-15
9620 2.53333006732892e-15
9622.5 2.51541489697802e-15
9625 2.49749993838535e-15
9627.5 2.50662502432612e-15
9630 2.51574989850866e-15
9632.5 2.52336493646271e-15
9635 2.53097997441676e-15
9637.5 2.49354492979639e-15
9640 2.45611009693425e-15
9642.5 2.44692508341246e-15
9645 2.43774006989067e-15
9647.5 2.44329004151932e-15
9650 2.44884001314796e-15
9652.5 2.4527850690998e-15
9655 2.4567299132934e-15
9657.5 2.46824998489253e-15
9660 2.47977005649166e-15
9662.5 2.51079009708601e-15
9665 2.54180992592212e-15
9667.5 2.51417992294092e-15
9670 2.48654991995972e-15
9672.5 2.49799502914302e-15
9675 2.50943992656809e-15
9677.5 2.4888949306742e-15
9680 2.46834993478031e-15
9682.5 2.44983506510275e-15
9685 2.43131998366695e-15
9687.5 2.44775496394253e-15
9690 2.46418994421811e-15
9692.5 2.40733497521603e-15
9695 2.35048000621395e-15
9697.5 2.34553989830733e-15
9700 2.34060000215894e-15
9702.5 2.36664499473759e-15
9705 2.39268998731624e-15
9707.5 2.3788149523655e-15
9710 2.36493991741477e-15
9712.5 2.38203494811449e-15
9715 2.39912997881421e-15
9717.5 2.39966000968096e-15
9720 2.4001900405477e-15
9722.5 2.35607508234704e-15
9725 2.31195991238814e-15
9727.5 2.31998004384922e-15
9730 2.32799996355206e-15
9732.5 2.33707994498839e-15
9735 2.34615992642472e-15
9737.5 2.3596199152313e-15
9740 2.37307990403788e-15
9742.5 2.37502003300357e-15
9745 2.37695995021102e-15
9747.5 2.37788003974997e-15
9750 2.37879991753069e-15
9752.5 2.40340008365956e-15
9755 2.42800003803019e-15
9757.5 2.41629997192977e-15
9760 2.40459990582934e-15
9762.5 2.39383496410269e-15
9765 2.38307002237603e-15
9767.5 2.39174003986589e-15
9770 2.40041005735575e-15
9772.5 2.38375506027213e-15
9775 2.3671000631885e-15
9777.5 2.36024989598582e-15
9780 2.35339994054137e-15
9782.5 2.33351499507163e-15
9785 2.31363004960189e-15
9787.5 2.30770992457529e-15
9790 2.30179001130693e-15
9792.5 2.27548497961348e-15
9795 2.24917994792002e-15
9797.5 2.22441503388291e-15
9800 2.19964990808756e-15
9802.5 2.22530505375224e-15
9805 2.25095998765868e-15
9807.5 2.28940490731042e-15
9810 2.3278500387204e-15
9812.5 2.33171505005872e-15
9815 2.33558006139704e-15
9817.5 2.32044993537671e-15
9820 2.30532002111461e-15
9822.5 2.3355999666713e-15
9825 2.36587991222798e-15
9827.5 2.41776999760973e-15
9830 2.46966008299147e-15
9832.5 2.44630992573451e-15
9835 2.42295998023579e-15
9837.5 2.4018000384222e-15
9840 2.3806400966086e-15
9842.5 2.35533498730938e-15
9845 2.33003008976839e-15
9847.5 2.3073999105166e-15
9850 2.28476994302304e-15
9852.5 2.33105499963457e-15
9855 2.3773400562461e-15
9857.5 2.37883993983745e-15
9860 2.38034003518703e-15
9862.5 2.33577509073314e-15
9865 2.29120993452102e-15
9867.5 2.27836510339238e-15
9870 2.2655200605055e-15
9872.5 2.26786507121998e-15
9875 2.27021008193445e-15
9877.5 2.25711008213045e-15
9880 2.24401008232645e-15
9882.5 2.22882002872511e-15
9885 2.21362997512376e-15
9887.5 2.23257005534084e-15
9890 2.25150992379968e-15
9892.5 2.27809002944276e-15
9895 2.3046699233276e-15
9897.5 2.25377001946119e-15
9900 2.20286990383655e-15
9902.5 2.11767490648524e-15
9905 2.03247990913393e-15
9907.5 2.02249508475169e-15
9910 2.01251004861122e-15
9912.5 1.99120992284486e-15
9915 1.96991000883673e-15
9917.5 1.94536002940998e-15
9920 1.92081004998324e-15
9922.5 1.93285994069088e-15
9925 1.94491004315675e-15
9927.5 1.97211991779611e-15
9930 1.99933000419371e-15
9932.5 1.96302490152497e-15
9935 1.92672001061447e-15
9937.5 1.9226999922468e-15
9940 1.91867997387913e-15
9942.5 1.91834010190904e-15
9945 1.91800001818072e-15
9947.5 1.92975492966448e-15
9950 1.94151005290647e-15
9952.5 1.92297993663586e-15
9955 1.90445003212349e-15
9957.5 1.97334493919608e-15
9960 2.0422400580269e-15
9962.5 2.09503498635455e-15
9965 2.1478299146822e-15
9967.5 2.18775502440927e-15
9970 2.2276799223781e-15
9972.5 2.215524999585e-15
9975 2.2033700767919e-15
9977.5 2.20348506151449e-15
9980 2.20360004623708e-15
9982.5 2.24710005851804e-15
9985 2.29060007079899e-15
9987.5 2.30857495697268e-15
9990 2.3265500549046e-15
9992.5 2.30623989889533e-15
9995 2.28592995464431e-15
9997.5 2.30191494866665e-15
