3659.5185546875  1.675540E-16
3661.58287668229  2.236530E-16
3663.64719867707  2.944543E-16
3665.71152067185  3.122968E-16
3667.77584266663  2.957965E-16
3669.84016466141  3.154672E-16
3671.90448665619  2.701644E-16
3673.96880865097  2.901115E-16
3676.03313064576  3.039042E-16
3678.09745264054  3.129774E-16
3680.16177463532  2.961301E-16
3682.2260966301  3.390416E-16
3684.29041862488  2.458269E-16
3686.35474061966  3.242560E-16
3688.41906261444  3.076203E-16
3690.48338460923  2.260976E-16
3692.54770660401  2.987744E-16
3694.61202859879  2.848753E-16
3696.67635059357  2.383389E-16
3698.74067258835  2.646046E-16
3700.80499458313  2.584242E-16
3702.86931657792  2.541280E-16
3704.9336385727  2.900014E-16
3706.99796056748  2.536810E-16
3709.06228256226  2.689779E-16
3711.12660455704  2.891872E-16
3713.19092655182  2.799157E-16
3715.2552485466  3.166055E-16
3717.31957054139  2.575406E-16
3719.38389253617  2.902600E-16
3721.44821453095  2.897771E-16
3723.51253652573  2.480553E-16
3725.57685852051  2.328860E-16
3727.64118051529  2.352445E-16
3729.70550251007  3.034175E-16
3731.76982450486  2.844608E-16
3733.83414649964  2.856247E-16
3735.89846849442  2.809221E-16
3737.9627904892  2.370424E-16
3740.02711248398  2.655898E-16
3742.09143447876  2.723430E-16
3744.15575647355  2.347059E-16
3746.22007846833  2.875476E-16
3748.28440046311  2.778112E-16
3750.34872245789  2.471436E-16
3752.41304445267  2.590532E-16
3754.47736644745  2.753536E-16
3756.54168844223  2.622011E-16
3758.60601043702  2.626706E-16
3760.6703324318  2.863977E-16
3762.73465442658  2.506243E-16
3764.79897642136  2.954688E-16
3766.86329841614  2.277487E-16
3768.92762041092  2.520152E-16
3770.9919424057  2.552486E-16
3773.05626440049  2.490999E-16
3775.12058639527  2.537251E-16
3777.18490839005  2.679019E-16
3779.24923038483  2.858595E-16
3781.31355237961  2.549430E-16
3783.37787437439  2.808877E-16
3785.44219636918  2.601107E-16
3787.50651836396  2.598596E-16
3789.57084035874  2.994413E-16
3791.63516235352  2.699645E-16
3793.6994843483  2.854326E-16
3795.76380634308  2.495771E-16
3797.82812833786  2.706026E-16
3799.89245033265  2.667024E-16
3801.95677232743  2.437520E-16
3804.02109432221  2.659299E-16
3806.08541631699  2.675097E-16
3808.14973831177  2.530787E-16
3810.21406030655  2.626661E-16
3812.27838230133  2.798182E-16
3814.34270429612  2.735164E-16
3816.4070262909  2.885927E-16
3818.47134828568  2.794049E-16
3820.53567028046  2.630166E-16
3822.59999227524  2.769903E-16
3824.66431427002  2.637617E-16
3826.7286362648  2.714646E-16
3828.79295825959  2.750509E-16
3830.85728025437  2.862211E-16
3832.92160224915  2.523342E-16
3834.98592424393  2.947912E-16
3837.05024623871  2.987143E-16
3839.11456823349  2.536309E-16
3841.17889022828  2.645679E-16
3843.24321222306  2.779093E-16
3845.30753421784  2.564157E-16
3847.37185621262  2.754849E-16
3849.4361782074  2.748164E-16
3851.50050020218  2.869305E-16
3853.56482219696  2.758773E-16
3855.62914419175  3.033527E-16
3857.69346618653  2.942315E-16
3859.75778818131  2.897314E-16
3861.82211017609  2.880608E-16
3863.88643217087  2.767775E-16
3865.95075416565  2.462739E-16
3868.01507616043  2.675442E-16
3870.07939815522  2.701882E-16
3872.14372015  2.849804E-16
3874.20804214478  2.830534E-16
3876.27236413956  2.766351E-16
3878.33668613434  2.371059E-16
3880.40100812912  2.612584E-16
3882.46533012391  2.544176E-16
3884.52965211869  2.819510E-16
3886.59397411347  2.709729E-16
3888.65829610825  2.694396E-16
3890.72261810303  2.716510E-16
3892.78694009781  2.709537E-16
3894.85126209259  2.596290E-16
3896.91558408738  2.838809E-16
3898.97990608216  2.613266E-16
3901.04422807694  2.787818E-16
3903.10855007172  2.699109E-16
3905.1728720665  2.731546E-16
3907.23719406128  2.890233E-16
3909.30151605607  2.650977E-16
3911.36583805085  2.596324E-16
3913.43016004563  2.689166E-16
3915.49448204041  2.724902E-16
3917.55880403519  2.734934E-16
3919.62312602997  2.642812E-16
3921.68744802475  2.672509E-16
3923.75177001954  2.599665E-16
3925.81609201432  2.583589E-16
3927.8804140091  2.713163E-16
3929.94473600388  2.423825E-16
3932.00905799866  2.571066E-16
3934.07337999344  2.489968E-16
3936.13770198822  2.480197E-16
3938.20202398301  2.504605E-16
3940.26634597779  2.394499E-16
3942.33066797257  2.528664E-16
3944.39498996735  2.417144E-16
3946.45931196213  2.784397E-16
3948.52363395691  2.683908E-16
3950.58795595169  2.701134E-16
3952.65227794648  2.724080E-16
3954.71659994126  2.660299E-16
3956.78092193604  2.664433E-16
3958.84524393082  2.541078E-16
3960.9095659256  2.797246E-16
3962.97388792038  2.685661E-16
3965.03820991517  2.605622E-16
3967.10253190995  2.744173E-16
3969.16685390473  2.703681E-16
3971.23117589951  2.538919E-16
3973.29549789429  2.553268E-16
3975.35981988907  2.647834E-16
3977.42414188385  2.650120E-16
3979.48846387863  2.669513E-16
3981.55278587342  2.727631E-16
3983.6171078682  2.914308E-16
3985.68142986298  2.794159E-16
3987.74575185776  2.829627E-16
3989.81007385254  2.722397E-16
3991.87439584732  2.818220E-16
3993.93871784211  2.589643E-16
3996.00303983689  2.505674E-16
3998.06736183167  2.826301E-16
4000.13168382645  2.542755E-16
4002.19600582123  2.469810E-16
4004.26032781601  2.722157E-16
4006.3246498108  2.590715E-16
4008.38897180558  2.816940E-16
4010.45329380036  2.683474E-16
4012.51761579514  2.557060E-16
4014.58193778992  2.547251E-16
4016.6462597847  2.669526E-16
4018.71058177948  2.575731E-16
4020.77490377427  2.581002E-16
4022.83922576905  2.626100E-16
4024.90354776383  2.638195E-16
4026.96786975861  2.633203E-16
4029.03219175339  2.822109E-16
4031.09651374817  2.541038E-16
4033.16083574295  2.467622E-16
4035.22515773773  2.733432E-16
4037.28947973252  2.576675E-16
4039.3538017273  2.706062E-16
4041.41812372208  2.699503E-16
4043.48244571686  2.732168E-16
4045.54676771164  2.667380E-16
4047.61108970642  2.749335E-16
4049.67541170121  2.637107E-16
4051.73973369599  2.709847E-16
4053.80405569077  2.875976E-16
4055.86837768555  2.626045E-16
4057.93269968033  2.613830E-16
4059.99702167511  2.677145E-16
4062.06134366989  2.608252E-16
4064.12566566468  2.552660E-16
4066.18998765946  2.663518E-16
4068.25430965424  2.604801E-16
4070.31863164902  2.759150E-16
4072.3829536438  2.626658E-16
4074.44727563858  2.715436E-16
4076.51159763337  2.753102E-16
4078.57591962815  2.729248E-16
4080.64024162293  2.560399E-16
4082.70456361771  2.714817E-16
4084.76888561249  2.718211E-16
4086.83320760727  2.589863E-16
4088.89752960205  2.672843E-16
4090.96185159684  2.549777E-16
4093.02617359162  2.571127E-16
4095.0904955864  2.593872E-16
4097.15481758118  2.559493E-16
4099.21913957596  2.427861E-16
4101.28346157074  2.500689E-16
4103.34778356553  2.548248E-16
4105.41210556031  2.594984E-16
4107.47642755509  2.508202E-16
4109.54074954987  2.697402E-16
4111.60507154465  2.582543E-16
4113.66939353943  2.530802E-16
4115.73371553421  2.562660E-16
4117.79803752899  2.518245E-16
4119.86235952378  2.676413E-16
4121.92668151856  2.480091E-16
4123.99100351334  2.555647E-16
4126.05532550812  2.583538E-16
4128.1196475029  2.601664E-16
4130.18396949768  2.542539E-16
4132.24829149247  2.475173E-16
4134.31261348725  2.437130E-16
4136.37693548203  2.402933E-16
4138.44125747681  2.639107E-16
4140.50557947159  2.449650E-16
4142.56990146637  2.567630E-16
4144.63422346116  2.489697E-16
4146.69854545594  2.413453E-16
4148.76286745072  2.664775E-16
4150.8271894455  2.369098E-16
4152.89151144028  2.438357E-16
4154.95583343506  2.607207E-16
4157.02015542984  2.378109E-16
4159.08447742462  2.407618E-16
4161.14879941941  2.420997E-16
4163.21312141419  2.489570E-16
4165.27744340897  2.362226E-16
4167.34176540375  2.352678E-16
4169.40608739853  2.295943E-16
4171.47040939331  2.500461E-16
4173.5347313881  2.333851E-16
4175.59905338288  2.413130E-16
4177.66337537766  2.368024E-16
4179.72769737244  2.292603E-16
4181.79201936722  2.437961E-16
4183.856341362  2.454455E-16
4185.92066335678  2.370927E-16
4187.98498535157  2.352961E-16
4190.04930734635  2.461287E-16
4192.11362934113  2.375029E-16
4194.17795133591  2.480185E-16
4196.24227333069  2.365936E-16
4198.30659532547  2.365535E-16
4200.37091732026  2.391971E-16
4202.43523931504  2.478513E-16
4204.49956130982  2.359118E-16
4206.5638833046  2.413040E-16
4208.62820529938  2.405271E-16
4210.69252729416  2.268785E-16
4212.75684928894  2.296710E-16
4214.82117128373  2.283953E-16
4216.88549327851  2.325876E-16
4218.94981527329  2.392709E-16
4221.01413726807  2.354773E-16
4223.07845926285  2.354439E-16
4225.14278125763  2.229817E-16
4227.20710325241  2.277138E-16
4229.2714252472  2.296291E-16
4231.33574724198  2.293140E-16
4233.40006923676  2.239497E-16
4235.46439123154  2.374174E-16
4237.52871322632  2.263645E-16
4239.5930352211  2.332687E-16
4241.65735721588  2.419078E-16
4243.72167921067  2.143849E-16
4245.78600120545  2.223354E-16
4247.85032320023  2.340628E-16
4249.91464519501  2.140114E-16
4251.97896718979  2.208599E-16
4254.04328918457  2.116873E-16
4256.10761117935  2.348287E-16
4258.17193317414  2.237832E-16
4260.23625516892  2.194285E-16
4262.3005771637  2.291792E-16
4264.36489915848  2.180225E-16
4266.42922115326  2.171634E-16
4268.49354314804  2.136674E-16
4270.55786514283  2.104704E-16
4272.62218713761  2.199372E-16
4274.68650913239  2.077972E-16
4276.75083112717  2.192519E-16
4278.81515312195  2.206482E-16
4280.87947511673  2.052192E-16
4282.94379711151  2.176461E-16
4285.0081191063  2.038684E-16
4287.07244110108  2.102452E-16
4289.13676309586  2.205650E-16
4291.20108509064  2.143136E-16
4293.26540708542  2.090509E-16
4295.3297290802  2.083919E-16
4297.39405107499  2.103561E-16
4299.45837306977  2.066837E-16
4301.52269506455  2.167472E-16
4303.58701705933  2.099328E-16
4305.65133905411  2.024348E-16
4307.71566104889  2.059120E-16
4309.77998304367  2.147194E-16
4311.84430503846  2.052864E-16
4313.90862703324  1.980102E-16
4315.97294902802  2.000877E-16
4318.0372710228  2.079060E-16
4320.10159301758  2.062052E-16
4322.16591501236  1.971358E-16
4324.23023700714  2.110711E-16
4326.29455900193  2.007104E-16
4328.35888099671  1.938031E-16
4330.42320299149  2.053143E-16
4332.48752498627  2.080858E-16
4334.55184698105  2.016524E-16
4336.61616897583  2.016101E-16
4338.68049097062  1.975103E-16
4340.7448129654  1.983036E-16
4342.80913496018  2.039699E-16
4344.87345695496  1.921470E-16
4346.93777894974  1.966602E-16
4349.00210094452  1.984694E-16
4351.0664229393  1.954769E-16
4353.13074493409  1.853352E-16
4355.19506692887  1.907963E-16
4357.25938892365  1.935335E-16
4359.32371091843  1.891743E-16
4361.38803291321  1.955394E-16
4363.45235490799  1.981778E-16
4365.51667690277  1.928608E-16
4367.58099889756  1.895443E-16
4369.64532089234  1.955778E-16
4371.70964288712  1.923190E-16
4373.7739648819  1.899619E-16
4375.83828687668  1.906781E-16
4377.90260887146  1.913363E-16
4379.96693086624  1.903349E-16
4382.03125286103  1.995017E-16
4384.09557485581  1.830036E-16
4386.15989685059  1.925788E-16
4388.22421884537  1.925361E-16
4390.28854084015  1.809909E-16
4392.35286283493  1.742450E-16
4394.41718482972  1.905343E-16
4396.4815068245  1.825094E-16
4398.54582881928  1.906045E-16
4400.61015081406  1.822155E-16
4402.67447280884  1.857671E-16
4404.73879480362  1.818380E-16
4406.8031167984  1.874438E-16
4408.86743879319  1.886478E-16
4410.93176078797  1.790309E-16
4412.99608278275  1.767038E-16
4415.06040477753  1.783936E-16
4417.12472677231  1.808338E-16
4419.18904876709  1.770707E-16
4421.25337076188  1.722839E-16
4423.31769275666  1.783218E-16
4425.38201475144  1.711695E-16
4427.44633674622  1.806500E-16
4429.510658741  1.750874E-16
4431.57498073578  1.787801E-16
4433.63930273056  1.788727E-16
4435.70362472535  1.703995E-16
4437.76794672013  1.750332E-16
4439.83226871491  1.807430E-16
4441.89659070969  1.806383E-16
4443.96091270447  1.796199E-16
4446.02523469925  1.709246E-16
4448.08955669403  1.846323E-16
4450.15387868882  1.816618E-16
4452.2182006836  1.729271E-16
4454.28252267838  1.772109E-16
4456.34684467316  1.772985E-16
4458.41116666794  1.798404E-16
4460.47548866272  1.770922E-16
4462.53981065751  1.795576E-16
4464.60413265229  1.789884E-16
4466.66845464707  1.717274E-16
4468.73277664185  1.776177E-16
4470.79709863663  1.809426E-16
4472.86142063141  1.883913E-16
4474.92574262619  1.712757E-16
4476.99006462098  1.737730E-16
4479.05438661576  1.819837E-16
4481.11870861054  1.931176E-16
4483.18303060532  1.837533E-16
4485.2473526001  1.850170E-16
4487.31167459488  1.759602E-16
4489.37599658966  1.772096E-16
4491.44031858445  1.742545E-16
4493.50464057923  1.797853E-16
4495.56896257401  1.826987E-16
4497.63328456879  1.910215E-16
4499.69760656357  1.794569E-16
4501.76192855835  1.879855E-16
4503.82625055313  1.807995E-16
4505.89057254792  1.886478E-16
4507.9548945427  1.845844E-16
4510.01921653748  1.834619E-16
4512.08353853226  1.924758E-16
4514.14786052704  1.821537E-16
4516.21218252182  1.913803E-16
4518.27650451661  1.821088E-16
4520.34082651139  1.954785E-16
4522.40514850617  1.819558E-16
4524.46947050095  1.864497E-16
4526.53379249573  1.859705E-16
4528.59811449051  1.854907E-16
4530.66243648529  1.886621E-16
4532.72675848008  1.882780E-16
4534.79108047486  1.900028E-16
4536.85540246964  1.864855E-16
4538.91972446442  1.920218E-16
4540.9840464592  1.901621E-16
4543.04836845398  1.948867E-16
4545.11269044877  1.970394E-16
4547.17701244355  1.926587E-16
4549.24133443833  1.858148E-16
4551.30565643311  1.845559E-16
4553.36997842789  1.931941E-16
4555.43430042267  1.808903E-16
4557.49862241745  1.798881E-16
4559.56294441224  1.776472E-16
4561.62726640702  1.882841E-16
4563.6915884018  1.841283E-16
4565.75591039658  1.905330E-16
4567.82023239136  1.859031E-16
4569.88455438614  1.888259E-16
4571.94887638092  1.889628E-16
4574.0131983757  1.854035E-16
4576.07752037049  1.856262E-16
4578.14184236527  1.886621E-16
4580.20616436005  1.926869E-16
4582.27048635483  1.822753E-16
4584.33480834961  1.812370E-16
4586.3991303444  1.835684E-16
4588.46345233918  1.853908E-16
4590.52777433396  1.911135E-16
4592.59209632874  1.894470E-16
4594.65641832352  1.860676E-16
4596.7207403183  1.842619E-16
4598.78506231308  1.820455E-16
4600.84938430787  1.816732E-16
4602.91370630265  1.822606E-16
4604.97802829743  1.922495E-16
4607.04235029221  1.937676E-16
4609.10667228699  1.838683E-16
4611.17099428177  1.872326E-16
4613.23531627655  1.819915E-16
4615.29963827134  1.857906E-16
4617.36396026612  1.900895E-16
4619.4282822609  1.787619E-16
4621.49260425568  1.847717E-16
4623.55692625046  1.864170E-16
4625.62124824524  1.804617E-16
4627.68557024002  1.746135E-16
4629.74989223481  1.865570E-16
4631.81421422959  1.895339E-16
4633.87853622437  1.809124E-16
4635.94285821915  1.849912E-16
4638.00718021393  1.840024E-16
4640.07150220871  1.858517E-16
4642.13582420349  1.875100E-16
4644.20014619828  1.800266E-16
4646.26446819306  1.822307E-16
4648.32879018784  1.791632E-16
4650.39311218262  1.886257E-16
4652.4574341774  1.801660E-16
4654.52175617218  1.852216E-16
4656.58607816697  1.773905E-16
4658.65040016175  1.837985E-16
4660.71472215653  1.854910E-16
4662.77904415131  1.855959E-16
4664.84336614609  1.823764E-16
4666.90768814087  1.879883E-16
4668.97201013565  1.757942E-16
4671.03633213044  1.795539E-16
4673.10065412522  1.875421E-16
4675.16497612  1.863664E-16
4677.22929811478  1.820675E-16
4679.29362010956  1.818140E-16
4681.35794210434  1.801066E-16
4683.42226409913  1.816647E-16
4685.48658609391  1.759662E-16
4687.55090808869  1.832367E-16
4689.61523008347  1.874134E-16
4691.67955207825  1.778674E-16
4693.74387407303  1.736271E-16
4695.80819606781  1.738786E-16
4697.87251806259  1.676390E-16
4699.93684005738  1.767703E-16
4702.00116205216  1.843445E-16
4704.06548404694  1.764581E-16
4706.12980604172  1.747253E-16
4708.1941280365  1.815566E-16
4710.25845003129  1.791846E-16
4712.32277202607  1.800353E-16
4714.38709402085  1.772821E-16
4716.45141601563  1.763675E-16
4718.51573801041  1.774965E-16
4720.58006000519  1.732864E-16
4722.64438199997  1.734813E-16
4724.70870399475  1.727993E-16
4726.77302598954  1.814850E-16
4728.83734798432  1.825699E-16
4730.9016699791  1.751336E-16
4732.96599197388  1.726575E-16
4735.03031396866  1.734152E-16
4737.09463596344  1.729398E-16
4739.15895795823  1.605447E-16
4741.22327995301  1.772811E-16
4743.28760194779  1.759026E-16
4745.35192394257  1.720472E-16
4747.41624593735  1.733946E-16
4749.48056793213  1.665653E-16
4751.54488992691  1.695790E-16
4753.6092119217  1.732504E-16
4755.67353391648  1.684454E-16
4757.73785591126  1.709552E-16
4759.80217790604  1.758434E-16
4761.86649990082  1.732724E-16
4763.9308218956  1.742688E-16
4765.99514389038  1.722398E-16
4768.05946588517  1.745646E-16
4770.12378787995  1.720533E-16
4772.18810987473  1.734308E-16
4774.25243186951  1.738202E-16
4776.31675386429  1.709144E-16
4778.38107585907  1.657149E-16
4780.44539785386  1.668708E-16
4782.50971984864  1.707798E-16
4784.57404184342  1.715375E-16
4786.6383638382  1.724209E-16
4788.70268583298  1.661434E-16
4790.76700782776  1.626190E-16
4792.83132982254  1.620198E-16
4794.89565181733  1.686350E-16
4796.95997381211  1.656264E-16
4799.02429580689  1.679207E-16
4801.08861780167  1.611400E-16
4803.15293979645  1.644664E-16
4805.21726179123  1.645480E-16
4807.28158378602  1.629674E-16
4809.3459057808  1.628735E-16
4811.41022777558  1.693662E-16
4813.47454977036  1.659206E-16
4815.53887176514  1.606318E-16
4817.60319375992  1.645670E-16
4819.6675157547  1.680158E-16
4821.73183774948  1.627610E-16
4823.79615974427  1.603082E-16
4825.86048173905  1.617970E-16
4827.92480373383  1.626806E-16
4829.98912572861  1.635709E-16
4832.05344772339  1.602288E-16
4834.11776971817  1.633553E-16
4836.18209171295  1.584559E-16
4838.24641370774  1.555085E-16
4840.31073570252  1.612182E-16
4842.3750576973  1.579170E-16
4844.43937969208  1.604902E-16
4846.50370168686  1.634983E-16
4848.56802368164  1.522648E-16
4850.63234567643  1.587408E-16
4852.69666767121  1.535561E-16
4854.76098966599  1.592327E-16
4856.82531166077  1.580320E-16
4858.88963365555  1.531578E-16
4860.95395565033  1.558812E-16
4863.01827764512  1.590121E-16
4865.0825996399  1.555030E-16
4867.14692163468  1.581773E-16
4869.21124362946  1.517203E-16
4871.27556562424  1.542582E-16
4873.33988761902  1.536982E-16
4875.4042096138  1.598508E-16
4877.46853160859  1.625973E-16
4879.53285360337  1.537001E-16
4881.59717559815  1.553114E-16
4883.66149759293  1.572583E-16
4885.72581958771  1.544156E-16
4887.79014158249  1.459345E-16
4889.85446357727  1.592125E-16
4891.91878557205  1.567958E-16
4893.98310756684  1.615247E-16
4896.04742956162  1.593695E-16
4898.1117515564  1.518328E-16
4900.17607355118  1.581532E-16
4902.24039554596  1.558907E-16
4904.30471754075  1.605918E-16
4906.36903953553  1.554973E-16
4908.43336153031  1.583881E-16
4910.49768352509  1.571005E-16
4912.56200551987  1.614154E-16
4914.62632751465  1.571550E-16
4916.69064950943  1.551725E-16
4918.75497150422  1.482398E-16
4920.819293499  1.566768E-16
4922.88361549378  1.545260E-16
4924.94793748856  1.602696E-16
4927.01225948334  1.613154E-16
4929.07658147812  1.569221E-16
4931.1409034729  1.573818E-16
4933.20522546769  1.593405E-16
4935.26954746247  1.567701E-16
4937.33386945725  1.556429E-16
4939.39819145203  1.591711E-16
4941.46251344681  1.530728E-16
4943.52683544159  1.477356E-16
4945.59115743637  1.588939E-16
4947.65547943116  1.510575E-16
4949.71980142594  1.536148E-16
4951.78412342072  1.558109E-16
4953.8484454155  1.526005E-16
4955.91276741028  1.567557E-16
4957.97708940506  1.640363E-16
4960.04141139984  1.615349E-16
4962.10573339463  1.546687E-16
4964.17005538941  1.584928E-16
4966.23437738419  1.581467E-16
4968.29869937897  1.502255E-16
4970.36302137375  1.561710E-16
4972.42734336853  1.516659E-16
4974.49166536332  1.573933E-16
4976.5559873581  1.577988E-16
4978.62030935288  1.542360E-16
4980.68463134766  1.554047E-16
4982.74895334244  1.577947E-16
4984.81327533722  1.566401E-16
4986.877597332  1.505203E-16
4988.94191932679  1.481489E-16
4991.00624132157  1.487548E-16
4993.07056331635  1.513963E-16
4995.13488531113  1.513433E-16
4997.19920730591  1.532159E-16
4999.26352930069  1.460294E-16
5001.32785129548  1.462014E-16
5003.39217329026  1.487106E-16
5005.45649528504  1.505372E-16
5007.52081727982  1.484855E-16
5009.5851392746  1.466104E-16
5011.64946126938  1.459862E-16
5013.71378326417  1.479500E-16
5015.77810525895  1.492919E-16
5017.84242725373  1.501018E-16
5019.90674924851  1.453988E-16
5021.97107124329  1.473355E-16
5024.03539323807  1.418840E-16
5026.09971523285  1.410552E-16
5028.16403722763  1.410869E-16
5030.22835922242  1.449054E-16
5032.2926812172  1.425743E-16
5034.35700321198  1.440582E-16
5036.42132520676  1.432524E-16
5038.48564720154  1.387121E-16
5040.54996919632  1.406242E-16
5042.6142911911  1.426999E-16
5044.67861318589  1.413675E-16
5046.74293518067  1.448452E-16
5048.80725717545  1.416621E-16
5050.87157917023  1.403810E-16
5052.93590116501  1.410726E-16
5055.00022315979  1.356616E-16
5057.06454515458  1.371020E-16
5059.12886714936  1.381544E-16
5061.19318914414  1.318816E-16
5063.25751113892  1.341083E-16
5065.3218331337  1.299427E-16
5067.38615512848  1.365998E-16
5069.45047712326  1.397428E-16
5071.51479911805  1.277565E-16
5073.57912111283  1.343802E-16
5075.64344310761  1.378497E-16
5077.70776510239  1.328254E-16
5079.77208709717  1.314223E-16
5081.83640909195  1.337804E-16
5083.90073108674  1.309749E-16
5085.96505308152  1.241883E-16
5088.0293750763  1.304829E-16
5090.09369707108  1.268443E-16
5092.15801906586  1.243056E-16
5094.22234106064  1.269151E-16
5096.28666305542  1.286736E-16
5098.35098505021  1.281785E-16
5100.41530704499  1.272996E-16
5102.47962903977  1.232328E-16
5104.54395103455  1.260940E-16
5106.60827302933  1.293158E-16
5108.67259502411  1.325001E-16
5110.7369170189  1.257025E-16
5112.80123901368  1.247235E-16
5114.86556100846  1.251024E-16
5116.92988300324  1.268939E-16
5118.99420499802  1.246420E-16
5121.0585269928  1.286740E-16
5123.12284898758  1.289719E-16
5125.18717098236  1.243480E-16
5127.25149297715  1.226269E-16
5129.31581497193  1.188258E-16
5131.38013696671  1.248222E-16
5133.44445896149  1.271019E-16
5135.50878095627  1.273117E-16
5137.57310295105  1.239770E-16
5139.63742494583  1.227321E-16
5141.70174694062  1.222923E-16
5143.7660689354  1.218515E-16
5145.83039093018  1.253484E-16
5147.89471292496  1.238646E-16
5149.95903491974  1.222464E-16
5152.02335691452  1.203409E-16
5154.08767890931  1.225374E-16
5156.15200090409  1.230984E-16
5158.21632289887  1.224817E-16
5160.28064489365  1.229323E-16
5162.34496688843  1.200379E-16
5164.40928888321  1.234248E-16
5166.473610878  1.224905E-16
5168.53793287278  1.224518E-16
5170.60225486756  1.221438E-16
5172.66657686234  1.227163E-16
5174.73089885712  1.191945E-16
5176.7952208519  1.206512E-16
5178.85954284668  1.218818E-16
5180.92386484147  1.189898E-16
5182.98818683625  1.208266E-16
5185.05250883103  1.193626E-16
5187.11683082581  1.198807E-16
5189.18115282059  1.211076E-16
5191.24547481537  1.235093E-16
5193.30979681015  1.227629E-16
5195.37411880494  1.252373E-16
5197.43844079972  1.248362E-16
5199.5027627945  1.237295E-16
5201.56708478928  1.188423E-16
5203.63140678406  1.222825E-16
5205.69572877884  1.271669E-16
5207.76005077363  1.237242E-16
5209.82437276841  1.217980E-16
5211.88869476319  1.230591E-16
5213.95301675797  1.247241E-16
5216.01733875275  1.217406E-16
5218.08166074753  1.195998E-16
5220.14598274231  1.233403E-16
5222.2103047371  1.257457E-16
5224.27462673188  1.237187E-16
5226.33894872666  1.243157E-16
5228.40327072144  1.248436E-16
5230.46759271622  1.248931E-16
5232.531914711  1.229316E-16
5234.59623670578  1.232797E-16
5236.66055870057  1.236226E-16
5238.72488069535  1.245427E-16
5240.78920269013  1.183741E-16
5242.85352468491  1.259166E-16
5244.91784667969  1.267510E-16
5246.98216867447  1.260435E-16
5249.04649066925  1.252070E-16
5251.11081266404  1.252830E-16
5253.17513465882  1.259053E-16
5255.2394566536  1.249464E-16
5257.30377864838  1.225177E-16
5259.36810064316  1.284226E-16
5261.43242263794  1.270269E-16
5263.49674463272  1.254126E-16
5265.56106662751  1.243775E-16
5267.62538862229  1.246461E-16
5269.68971061707  1.233947E-16
5271.75403261185  1.256476E-16
5273.81835460663  1.231936E-16
5275.88267660141  1.238403E-16
5277.9469985962  1.225276E-16
5280.01132059098  1.248305E-16
5282.07564258576  1.242584E-16
5284.13996458054  1.242948E-16
5286.20428657532  1.191433E-16
5288.2686085701  1.326167E-16
5290.33293056488  1.230960E-16
5292.39725255967  1.265955E-16
5294.46157455445  1.258352E-16
5296.52589654923  1.236413E-16
5298.59021854401  1.169597E-16
5300.65454053879  1.249407E-16
5302.71886253357  1.250657E-16
5304.78318452835  1.210872E-16
5306.84750652314  1.189416E-16
5308.91182851792  1.215799E-16
5310.9761505127  1.252636E-16
5313.04047250748  1.239319E-16
5315.10479450226  1.192881E-16
5317.16911649704  1.263594E-16
5319.23343849182  1.271215E-16
5321.29776048661  1.227811E-16
5323.36208248139  1.256592E-16
5325.42640447617  1.234091E-16
5327.49072647095  1.244441E-16
5329.55504846573  1.200018E-16
5331.61937046051  1.212825E-16
5333.68369245529  1.254090E-16
5335.74801445008  1.173203E-16
5337.81233644486  1.243042E-16
5339.87665843964  1.187653E-16
5341.94098043442  1.236704E-16
5344.0053024292  1.248494E-16
5346.06962442398  1.211452E-16
5348.13394641877  1.208458E-16
5350.19826841355  1.171469E-16
5352.26259040833  1.163695E-16
5354.32691240311  1.224426E-16
5356.39123439789  1.257953E-16
5358.45555639267  1.224082E-16
5360.51987838745  1.208604E-16
5362.58420038224  1.211834E-16
5364.64852237702  1.177086E-16
5366.7128443718  1.160717E-16
5368.77716636658  1.174391E-16
5370.84148836136  1.145843E-16
5372.90581035614  1.153752E-16
5374.97013235093  1.181267E-16
5377.03445434571  1.168808E-16
5379.09877634049  1.213412E-16
5381.16309833527  1.181517E-16
5383.22742033005  1.155993E-16
5385.29174232483  1.185285E-16
5387.35606431961  1.129897E-16
5389.42038631439  1.104453E-16
5391.48470830918  1.140430E-16
5393.54903030396  1.176022E-16
5395.61335229874  1.101791E-16
5397.67767429352  1.113973E-16
5399.7419962883  1.125126E-16
5401.80631828309  1.151209E-16
5403.87064027787  1.169114E-16
5405.93496227265  1.127401E-16
5407.99928426743  1.159998E-16
5410.06360626221  1.090177E-16
5412.12792825699  1.115873E-16
5414.19225025177  1.119085E-16
5416.25657224656  1.085476E-16
5418.32089424134  1.178740E-16
5420.38521623612  1.147155E-16
5422.4495382309  1.105006E-16
5424.51386022568  1.120271E-16
5426.57818222046  1.119629E-16
5428.64250421524  1.070846E-16
5430.70682621002  1.127902E-16
5432.77114820481  1.128512E-16
5434.83547019959  1.126772E-16
5436.89979219437  1.084350E-16
5438.96411418915  1.105033E-16
5441.02843618393  1.119037E-16
5443.09275817871  1.087225E-16
5445.1570801735  1.095506E-16
5447.22140216828  1.117752E-16
5449.28572416306  1.089205E-16
5451.35004615784  1.039046E-16
5453.41436815262  1.040791E-16
5455.4786901474  1.038729E-16
5457.54301214218  1.060091E-16
5459.60733413697  1.058526E-16
5461.67165613175  1.008206E-16
5463.73597812653  1.045744E-16
5465.80030012131  1.051265E-16
5467.86462211609  1.076768E-16
5469.92894411087  1.053616E-16
5471.99326610566  1.068396E-16
5474.05758810044  1.062113E-16
5476.12191009522  1.084787E-16
5478.18623209  1.020776E-16
5480.25055408478  1.042295E-16
5482.31487607956  1.052469E-16
5484.37919807434  1.071839E-16
5486.44352006913  1.104317E-16
5488.50784206391  1.045121E-16
5490.57216405869  1.084060E-16
5492.63648605347  1.047803E-16
5494.70080804825  1.052772E-16
5496.76513004303  1.053291E-16
5498.82945203782  1.066858E-16
5500.8937740326  1.021930E-16
5502.95809602738  1.042771E-16
5505.02241802216  1.075328E-16
5507.08674001694  1.081694E-16
5509.15106201172  1.111046E-16
5511.2153840065  1.039105E-16
5513.27970600128  1.047313E-16
5515.34402799607  1.085063E-16
5517.40834999085  1.046092E-16
5519.47267198563  1.023601E-16
5521.53699398041  1.065324E-16
5523.60131597519  1.066646E-16
5525.66563796998  1.002615E-16
5527.72995996476  1.045248E-16
5529.79428195954  1.072631E-16
5531.85860395432  1.024978E-16
5533.9229259491  1.043275E-16
5535.98724794388  1.015723E-16
5538.05156993866  1.038557E-16
5540.11589193344  1.076119E-16
5542.18021392823  1.077954E-16
5544.24453592301  1.033845E-16
5546.30885791779  1.091405E-16
5548.37317991257  1.082579E-16
5550.43750190735  1.077661E-16
5552.50182390213  1.081215E-16
5554.56614589691  1.055766E-16
5556.6304678917  1.073143E-16
5558.69478988648  1.051452E-16
5560.75911188126  1.075152E-16
5562.82343387604  1.074205E-16
5564.88775587082  1.044882E-16
5566.9520778656  1.079644E-16
5569.01639986039  1.125892E-16
5571.08072185517  1.122392E-16
5573.14504384995  1.118891E-16
5575.20936584473  1.115407E-16
5577.27368783951  1.114585E-16
5579.33800983429  1.113764E-16
5581.40233182907  1.112943E-16
5583.46665382386  1.112121E-16
5585.53097581864  1.111300E-16
5587.59529781342  1.110478E-16
5589.6596198082  1.109657E-16
5591.72394180298  1.108836E-16
5593.78826379776  1.108015E-16
5595.85258579255  1.158934E-16
5597.91690778733  1.114861E-16
5599.98122978211  1.137636E-16
5602.04555177689  1.135875E-16
5604.10987377167  1.096354E-16
5606.17419576645  1.111883E-16
5608.23851776123  1.114899E-16
5610.30283975602  1.185113E-16
5612.3671617508  1.208748E-16
5614.43148374558  1.105484E-16
5616.49580574036  1.109985E-16
5618.56012773514  1.169917E-16
5620.62444972992  1.149252E-16
5622.68877172471  1.177668E-16
5624.75309371949  1.157700E-16
5626.81741571427  1.150919E-16
5628.88173770905  1.177074E-16
5630.94605970383  1.145381E-16
5633.01038169861  1.158510E-16
5635.07470369339  1.186881E-16
5637.13902568817  1.133673E-16
5639.20334768296  1.150353E-16
5641.26766967774  1.206036E-16
5643.33199167252  1.198251E-16
5645.3963136673  1.152082E-16
5647.46063566208  1.167421E-16
5649.52495765686  1.123322E-16
5651.58927965164  1.127832E-16
5653.65360164643  1.172481E-16
5655.71792364121  1.150399E-16
5657.78224563599  1.156896E-16
5659.84656763077  1.167932E-16
5661.91088962555  1.111507E-16
5663.97521162033  1.134782E-16
5666.03953361512  1.150770E-16
5668.1038556099  1.143556E-16
5670.16817760468  1.209806E-16
5672.23249959946  1.182956E-16
5674.29682159424  1.145346E-16
5676.36114358902  1.157239E-16
5678.4254655838  1.138115E-16
5680.48978757859  1.172472E-16
5682.55410957337  1.125147E-16
5684.61843156815  1.119432E-16
5686.68275356293  1.134349E-16
5688.74707555771  1.123879E-16
5690.81139755249  1.159710E-16
5692.87571954728  1.152984E-16
5694.94004154206  1.127225E-16
5697.00436353684  1.175278E-16
5699.06868553162  1.192788E-16
5701.1330075264  1.188718E-16
5703.19732952118  1.125086E-16
5705.26165151596  1.158011E-16
5707.32597351074  1.130895E-16
5709.39029550553  1.088057E-16
5711.45461750031  1.112351E-16
5713.51893949509  1.170569E-16
5715.58326148987  1.133482E-16
5717.64758348465  1.116612E-16
5719.71190547944  1.109685E-16
5721.77622747422  1.059625E-16
5723.840549469  1.120201E-16
5725.90487146378  1.093571E-16
5727.96919345856  1.086489E-16
5730.03351545334  1.138070E-16
5732.09783744812  1.133947E-16
5734.1621594429  1.137577E-16
5736.22648143769  1.159721E-16
5738.29080343247  1.138992E-16
5740.35512542725  1.122883E-16
5742.41944742203  1.103521E-16
5744.48376941681  1.110814E-16
5746.54809141159  1.104317E-16
5748.61241340637  1.075263E-16
5750.67673540116  1.127976E-16
5752.74105739594  1.152643E-16
5754.80537939072  1.096321E-16
5756.8697013855  1.079087E-16
5758.93402338028  1.114259E-16
5760.99834537506  1.121514E-16
5763.06266736985  1.110485E-16
5765.12698936463  1.102474E-16
5767.19131135941  1.085450E-16
5769.25563335419  1.058291E-16
5771.31995534897  1.065650E-16
5773.38427734375  1.104424E-16
5775.44859933853  1.081233E-16
5777.51292133332  1.109660E-16
5779.5772433281  1.107505E-16
5781.64156532288  1.129369E-16
5783.70588731766  1.065944E-16
5785.77020931244  1.051201E-16
5787.83453130722  1.056213E-16
5789.89885330201  1.067234E-16
5791.96317529679  1.080209E-16
5794.02749729157  1.037940E-16
5796.09181928635  1.031152E-16
5798.15614128113  1.045693E-16
5800.22046327591  1.041041E-16
5802.28478527069  1.060303E-16
5804.34910726548  1.046326E-16
5806.41342926026  1.081321E-16
5808.47775125504  1.058784E-16
5810.54207324982  1.047836E-16
5812.6063952446  1.040261E-16
5814.67071723938  1.027741E-16
5816.73503923417  9.813208E-17
5818.79936122895  1.016099E-16
5820.86368322373  1.050296E-16
5822.92800521851  1.009788E-16
5824.99232721329  1.043069E-16
5827.05664920807  1.058544E-16
5829.12097120285  1.051929E-16
5831.18529319763  1.010112E-16
5833.24961519242  1.003836E-16
5835.3139371872  1.034477E-16
5837.37825918198  1.016454E-16
5839.44258117676  1.053136E-16
5841.50690317154  1.065802E-16
5843.57122516632  1.030030E-16
5845.6355471611  1.042940E-16
5847.69986915589  1.031626E-16
5849.76419115067  1.003985E-16
5851.82851314545  9.911520E-17
5853.89283514023  1.061416E-16
5855.95715713501  1.033726E-16
5858.02147912979  1.039534E-16
5860.08580112458  1.024702E-16
5862.15012311936  1.005820E-16
5864.21444511414  1.031534E-16
5866.27876710892  1.028766E-16
5868.3430891037  9.970175E-17
5870.40741109848  9.947215E-17
5872.47173309326  9.887390E-17
5874.53605508805  1.019894E-16
5876.60037708283  1.020980E-16
5878.66469907761  9.757949E-17
5880.72902107239  9.906984E-17
5882.79334306717  9.351151E-17
5884.85766506195  9.390758E-17
5886.92198705674  9.888316E-17
5888.98630905152  9.144539E-17
5891.0506310463  9.402837E-17
5893.11495304108  9.679455E-17
5895.17927503586  9.476172E-17
5897.24359703064  9.476454E-17
5899.30791902542  9.836179E-17
5901.37224102021  1.054313E-16
5903.43656301499  9.666546E-17
5905.50088500977  9.470133E-17
5907.56520700455  9.973858E-17
5909.62952899933  9.890846E-17
5911.69385099411  9.733567E-17
5913.7581729889  9.812715E-17
5915.82249498368  9.813024E-17
5917.88681697846  9.750221E-17
5919.95113897324  9.556754E-17
5922.01546096802  9.746173E-17
5924.0797829628  9.669014E-17
5926.14410495758  9.650763E-17
5928.20842695237  9.683920E-17
5930.27274894715  9.660135E-17
5932.33707094193  9.681450E-17
5934.40139293671  9.737554E-17
5936.46571493149  9.845023E-17
5938.53003692627  9.607984E-17
5940.59435892105  9.531316E-17
5942.65868091584  9.543177E-17
5944.72300291062  9.722121E-17
5946.7873249054  9.607824E-17
5948.85164690018  9.442923E-17
5950.91596889496  9.559475E-17
5952.98029088974  9.733753E-17
5955.04461288452  9.332569E-17
5957.10893487931  9.379426E-17
5959.17325687409  9.464598E-17
5961.23757886887  9.299147E-17
5963.30190086365  9.540542E-17
5965.36622285843  9.565255E-17
5967.43054485321  9.402250E-17
5969.49486684799  9.546765E-17
5971.55918884278  9.004752E-17
5973.62351083756  9.669256E-17
5975.68783283234  9.714890E-17
5977.75215482712  9.529726E-17
5979.8164768219  9.333307E-17
5981.88079881668  9.076810E-17
5983.94512081147  9.465272E-17
5986.00944280625  9.144478E-17
5988.07376480103  9.284808E-17
5990.13808679581  9.150893E-17
5992.20240879059  9.256827E-17
5994.26673078537  9.416103E-17
5996.33105278015  8.836514E-17
5998.39537477494  9.077709E-17
6000.45969676972  8.890934E-17
6002.5240187645  9.102820E-17
6004.58834075928  9.610296E-17
6006.65266275406  9.228994E-17
6008.71698474884  9.170651E-17
6010.78130674363  8.900600E-17
6012.84562873841  9.302202E-17
6014.90995073319  9.281814E-17
6016.97427272797  9.129769E-17
6019.03859472275  9.202520E-17
6021.10291671753  9.199379E-17
6023.16723871231  9.188265E-17
6025.2315607071  8.960323E-17
6027.29588270188  8.966112E-17
6029.36020469666  9.272357E-17
6031.42452669144  9.049881E-17
6033.48884868622  9.138228E-17
6035.553170681  8.972918E-17
6037.61749267578  9.552811E-17
6039.68181467057  9.306510E-17
6041.74613666535  9.103578E-17
6043.81045866013  9.007124E-17
6045.87478065491  8.907733E-17
6047.93910264969  8.878098E-17
6050.00342464447  8.885857E-17
6052.06774663925  8.771327E-17
6054.13206863404  8.982765E-17
6056.19639062882  9.300438E-17
6058.2607126236  8.810289E-17
6060.32503461838  8.739220E-17
6062.38935661316  8.839648E-17
6064.45367860794  8.854274E-17
6066.51800060273  9.166248E-17
6068.58232259751  8.957917E-17
6070.64664459229  8.655838E-17
6072.71096658707  8.572118E-17
6074.77528858185  8.416504E-17
6076.83961057663  8.544424E-17
6078.90393257141  8.838107E-17
6080.9682545662  8.974697E-17
6083.03257656098  8.822529E-17
6085.09689855576  8.507449E-17
6087.16122055054  8.579099E-17
6089.22554254532  8.788220E-17
6091.2898645401  8.904010E-17
6093.35418653488  8.295875E-17
6095.41850852967  8.577793E-17
6097.48283052445  9.046250E-17
6099.54715251923  9.043835E-17
6101.61147451401  8.811630E-17
6103.67579650879  8.684931E-17
6105.74011850357  8.447210E-17
6107.80444049836  8.697226E-17
6109.86876249314  8.852830E-17
6111.93308448792  8.280587E-17
6113.9974064827  8.395742E-17
6116.06172847748  8.533965E-17
6118.12605047226  8.866532E-17
6120.19037246704  8.558347E-17
6122.25469446183  8.437561E-17
6124.31901645661  8.695104E-17
6126.38333845139  8.605870E-17
6128.44766044617  8.397606E-17
6130.51198244095  8.528448E-17
6132.57630443573  8.476830E-17
6134.64062643051  8.432729E-17
6136.7049484253  8.539300E-17
6138.76927042008  8.482202E-17
6140.83359241486  8.702798E-17
6142.89791440964  8.708278E-17
6144.96223640442  8.574820E-17
6147.0265583992  8.280344E-17
6149.09088039398  8.353428E-17
6151.15520238877  8.283301E-17
6153.21952438355  8.417247E-17
6155.28384637833  8.375629E-17
6157.34816837311  8.176362E-17
6159.41249036789  8.398004E-17
6161.47681236267  8.720121E-17
6163.54113435745  8.684749E-17
6165.60545635224  8.376791E-17
6167.66977834702  8.321870E-17
6169.7341003418  8.240795E-17
6171.79842233658  8.614408E-17
6173.86274433136  8.559072E-17
6175.92706632614  8.710287E-17
6177.99138832093  8.975469E-17
6180.05571031571  8.689732E-17
6182.12003231049  8.494558E-17
6184.18435430527  8.557925E-17
6186.24867630005  8.521609E-17
6188.31299829483  8.486788E-17
6190.37732028961  8.572614E-17
6192.4416422844  8.529703E-17
6194.50596427918  8.527867E-17
6196.57028627396  8.425924E-17
6198.63460826874  8.410643E-17
6200.69893026352  8.520387E-17
6202.7632522583  8.259737E-17
6204.82757425308  8.512713E-17
6206.89189624787  8.309336E-17
6208.95621824265  8.121167E-17
6211.02054023743  8.475708E-17
6213.08486223221  8.380540E-17
6215.14918422699  8.075511E-17
6217.21350622177  8.537500E-17
6219.27782821656  8.975927E-17
6221.34215021134  8.131179E-17
6223.40647220612  8.391349E-17
6225.4707942009  8.494968E-17
6227.53511619568  8.275162E-17
6229.59943819046  8.297479E-17
6231.66376018525  8.266576E-17
6233.72808218003  8.129428E-17
6235.79240417481  8.340367E-17
6237.85672616959  8.377692E-17
6239.92104816437  8.295163E-17
6241.98537015915  8.601039E-17
6244.04969215393  8.534098E-17
6246.11401414871  8.368556E-17
6248.1783361435  8.471096E-17
6250.24265813828  8.367946E-17
6252.30698013306  8.337605E-17
6254.37130212784  8.447565E-17
6256.43562412262  8.453273E-17
6258.4999461174  8.274214E-17
6260.56426811218  8.185165E-17
6262.62859010697  8.348810E-17
6264.69291210175  8.291217E-17
6266.75723409653  8.173456E-17
6268.82155609131  8.211208E-17
6270.88587808609  8.146251E-17
6272.95020008087  8.664029E-17
6275.01452207566  8.138786E-17
6277.07884407044  7.748758E-17
6279.14316606522  7.648422E-17
6281.20748806  7.554267E-17
6283.27181005478  7.663252E-17
6285.33613204956  8.027837E-17
6287.40045404434  8.178740E-17
6289.46477603913  7.993659E-17
6291.52909803391  8.021227E-17
6293.59342002869  8.293266E-17
6295.65774202347  8.109224E-17
6297.72206401825  8.194047E-17
6299.78638601303  8.051814E-17
6301.85070800782  8.118538E-17
6303.9150300026  7.949571E-17
6305.97935199738  7.847132E-17
6308.04367399216  8.053562E-17
6310.10799598694  8.317001E-17
6312.17231798172  8.168925E-17
6314.2366399765  7.720836E-17
6316.30096197129  7.834043E-17
6318.36528396607  8.108333E-17
6320.42960596085  8.230388E-17
6322.49392795563  7.969851E-17
6324.55824995041  7.951423E-17
6326.62257194519  7.961687E-17
6328.68689393997  7.931601E-17
6330.75121593476  8.027245E-17
6332.81553792954  7.864690E-17
6334.87985992432  7.806459E-17
6336.9441819191  8.184431E-17
6339.00850391388  8.105479E-17
6341.07282590866  8.388499E-17
6343.13714790344  8.255233E-17
6345.20146989823  8.073102E-17
6347.26579189301  8.217613E-17
6349.33011388779  8.112676E-17
6351.39443588257  7.968172E-17
6353.45875787735  8.155815E-17
6355.52307987213  8.026445E-17
6357.58740186692  7.825366E-17
6359.6517238617  7.776804E-17
6361.71604585648  7.739036E-17
6363.78036785126  8.020442E-17
6365.84468984604  8.003223E-17
6367.90901184082  7.720566E-17
6369.9733338356  8.124639E-17
6372.03765583039  7.875137E-17
6374.10197782517  7.905344E-17
6376.16629981995  8.015097E-17
6378.23062181473  7.646984E-17
6380.29494380951  7.823213E-17
6382.35926580429  7.889432E-17
6384.42358779907  7.917973E-17
6386.48790979386  7.932789E-17
6388.55223178864  8.068630E-17
6390.61655378342  7.879353E-17
6392.6808757782  7.714423E-17
6394.74519777298  7.806438E-17
6396.80951976776  7.855679E-17
6398.87384176255  7.834048E-17
6400.93816375733  8.013928E-17
6403.00248575211  7.911357E-17
6405.06680774689  7.668328E-17
6407.13112974167  7.835177E-17
6409.19545173645  7.419148E-17
6411.25977373123  7.536600E-17
6413.32409572601  7.630524E-17
6415.3884177208  7.673980E-17
6417.45273971558  7.821738E-17
6419.51706171036  7.788972E-17
6421.58138370514  7.637893E-17
6423.64570569992  7.782726E-17
6425.71002769471  7.778249E-17
6427.77434968949  7.676234E-17
6429.83867168427  7.582235E-17
6431.90299367905  7.456034E-17
6433.96731567383  7.755117E-17
6436.03163766861  7.729139E-17
6438.09595966339  7.698316E-17
6440.16028165817  7.649665E-17
6442.22460365296  7.499216E-17
6444.28892564774  7.614014E-17
6446.35324764252  7.848042E-17
6448.4175696373  7.654982E-17
6450.48189163208  7.759722E-17
6452.54621362686  7.671880E-17
6454.61053562164  7.666448E-17
6456.67485761643  7.410790E-17
6458.73917961121  7.574479E-17
6460.80350160599  7.799814E-17
6462.86782360077  7.673936E-17
6464.93214559555  7.439110E-17
6466.99646759033  7.514777E-17
6469.06078958512  7.641628E-17
6471.1251115799  7.188457E-17
6473.18943357468  7.356942E-17
6475.25375556946  7.670294E-17
6477.31807756424  7.547638E-17
6479.38239955902  7.539628E-17
6481.4467215538  7.495210E-17
6483.51104354859  7.374163E-17
6485.57536554337  7.433221E-17
6487.63968753815  7.473081E-17
6489.70400953293  7.269097E-17
6491.76833152771  7.260021E-17
6493.83265352249  7.226145E-17
6495.89697551728  7.483805E-17
6497.96129751206  7.383076E-17
6500.02561950684  7.246188E-17
6502.08994150162  7.380828E-17
6504.1542634964  7.332792E-17
6506.21858549118  7.295556E-17
6508.28290748596  7.324377E-17
6510.34722948075  7.172134E-17
6512.41155147553  7.117040E-17
6514.47587347031  7.366849E-17
6516.54019546509  7.315027E-17
6518.60451745987  7.353969E-17
6520.66883945465  7.233640E-17
6522.73316144944  7.340911E-17
6524.79748344422  7.234579E-17
6526.861805439  7.031500E-17
6528.92612743378  7.228799E-17
6530.99044942856  7.178303E-17
6533.05477142334  7.238191E-17
6535.11909341812  7.056404E-17
6537.18341541291  7.411242E-17
6539.24773740769  7.504329E-17
6541.31205940247  7.012879E-17
6543.37638139725  6.869328E-17
6545.44070339203  6.987158E-17
6547.50502538681  7.028810E-17
6549.56934738159  7.059376E-17
6551.63366937637  6.903822E-17
6553.69799137116  6.639204E-17
6555.76231336594  6.816986E-17
6557.82663536072  7.051990E-17
6559.8909573555  6.926739E-17
6561.95527935028  6.900875E-17
6564.01960134506  6.846659E-17
6566.08392333985  6.801283E-17
6568.14824533463  6.823422E-17
6570.21256732941  6.932785E-17
6572.27688932419  7.011430E-17
6574.34121131897  6.738244E-17
6576.40553331375  7.079635E-17
6578.46985530854  6.633793E-17
6580.53417730332  6.414044E-17
6582.5984992981  6.871389E-17
6584.66282129288  7.016483E-17
6586.72714328766  6.659928E-17
6588.79146528244  6.569153E-17
6590.85578727722  6.677869E-17
6592.92010927201  6.620363E-17
6594.98443126679  6.797028E-17
6597.04875326157  6.577737E-17
6599.11307525635  6.668158E-17
6601.17739725113  7.175720E-17
6603.24171924591  6.915507E-17
6605.3060412407  6.481531E-17
6607.37036323548  6.797255E-17
6609.43468523026  7.041350E-17
6611.49900722504  6.876583E-17
6613.56332921982  6.719411E-17
6615.6276512146  6.650166E-17
6617.69197320938  6.679539E-17
6619.75629520417  6.717288E-17
6621.82061719895  6.678061E-17
6623.88493919373  6.524748E-17
6625.94926118851  6.688451E-17
6628.01358318329  6.688657E-17
6630.07790517807  6.386861E-17
6632.14222717285  6.719008E-17
6634.20654916764  6.619453E-17
6636.27087116242  6.430234E-17
6638.3351931572  6.214610E-17
6640.39951515198  6.659464E-17
6642.46383714676  6.818012E-17
6644.52815914154  6.580015E-17
6646.59248113632  6.596055E-17
6648.65680313111  6.570377E-17
6650.72112512589  6.398489E-17
6652.78544712067  6.514908E-17
6654.84976911545  6.936053E-17
6656.91409111023  6.706409E-17
6658.97841310501  6.630369E-17
6661.04273509979  6.497809E-17
6663.10705709458  6.606852E-17
6665.17137908936  6.666718E-17
6667.23570108414  6.454054E-17
6669.30002307892  6.443725E-17
6671.3643450737  6.096395E-17
6673.42866706848  6.518388E-17
6675.49298906327  6.552704E-17
6677.55731105805  6.525017E-17
6679.62163305283  6.505736E-17
6681.68595504761  6.379174E-17
6683.75027704239  6.242472E-17
6685.81459903717  6.366372E-17
6687.87892103195  6.531663E-17
6689.94324302674  6.524312E-17
6692.00756502152  6.234792E-17
6694.0718870163  6.047045E-17
6696.13620901108  6.280611E-17
6698.20053100586  6.404343E-17
6700.26485300064  6.329970E-17
6702.32917499542  6.082010E-17
6704.39349699021  6.060264E-17
6706.45781898499  6.281417E-17
6708.52214097977  6.046218E-17
6710.58646297455  6.107844E-17
6712.65078496933  6.315901E-17
6714.71510696411  6.323237E-17
6716.7794289589  6.443231E-17
6718.84375095368  6.517638E-17
6720.90807294846  6.213206E-17
6722.97239494324  5.995140E-17
6725.03671693802  6.341194E-17
6727.1010389328  6.372243E-17
6729.16536092758  6.032571E-17
6731.22968292236  6.035853E-17
6733.29400491715  6.298599E-17
6735.35832691193  6.361772E-17
6737.42264890671  6.265372E-17
6739.48697090149  6.304986E-17
6741.55129289627  6.305754E-17
6743.61561489105  6.200865E-17
6745.67993688584  6.373996E-17
6747.74425888062  6.086570E-17
6749.8085808754  5.963774E-17
6751.87290287018  6.107813E-17
6753.93722486496  6.298385E-17
6756.00154685974  6.238308E-17
6758.06586885452  6.292272E-17
6760.13019084931  6.225523E-17
6762.19451284409  5.996435E-17
6764.25883483887  6.387092E-17
6766.32315683365  6.155077E-17
6768.38747882843  6.396175E-17
6770.45180082321  6.176547E-17
6772.51612281799  6.301809E-17
6774.58044481278  6.104370E-17
6776.64476680756  5.774813E-17
6778.70908880234  6.202375E-17
6780.77341079712  6.132444E-17
6782.8377327919  6.052481E-17
6784.90205478668  6.101104E-17
6786.96637678147  5.999387E-17
6789.03069877625  5.937602E-17
6791.09502077103  5.935272E-17
6793.15934276581  5.857576E-17
6795.22366476059  5.853451E-17
6797.28798675537  6.029302E-17
6799.35230875015  6.185184E-17
6801.41663074494  6.002379E-17
6803.48095273972  6.152283E-17
6805.5452747345  6.036937E-17
6807.60959672928  5.917161E-17
6809.67391872406  5.876705E-17
6811.73824071884  5.920859E-17
6813.80256271363  6.046727E-17
6815.86688470841  6.051920E-17
6817.93120670319  6.150137E-17
6819.99552869797  5.968914E-17
6822.05985069275  5.895029E-17
6824.12417268753  5.964197E-17
6826.18849468231  5.760161E-17
6828.2528166771  5.749822E-17
6830.31713867188  5.699638E-17
6832.38146066666  5.616883E-17
6834.44578266144  5.848590E-17
6836.51010465622  5.791612E-17
6838.574426651  5.729568E-17
6840.63874864579  5.815633E-17
6842.70307064057  5.773785E-17
6844.76739263535  5.688170E-17
6846.83171463013  5.843547E-17
6848.89603662491  5.835741E-17
6850.96035861969  5.809982E-17
6853.02468061447  6.075075E-17
6855.08900260925  5.883413E-17
6857.15332460404  5.837197E-17
6859.21764659882  5.786500E-17
6861.2819685936  5.932014E-17
6863.34629058838  5.943779E-17
6865.41061258316  5.314445E-17
6867.47493457794  4.457224E-17
6869.53925657272  4.076550E-17
6871.60357856751  4.263646E-17
6873.66790056229  4.500505E-17
6875.73222255707  4.874479E-17
6877.79654455185  4.874372E-17
6879.86086654663  5.166313E-17
6881.92518854141  5.557474E-17
6883.9895105362  5.531550E-17
6886.05383253098  5.308853E-17
6888.11815452576  4.924429E-17
6890.18247652054  4.958860E-17
6892.24679851532  5.112523E-17
6894.3111205101  5.151334E-17
6896.37544250489  5.058256E-17
6898.43976449967  5.065454E-17
6900.50408649445  5.180535E-17
6902.56840848923  5.233141E-17
6904.63273048401  5.223994E-17
6906.69705247879  5.323398E-17
6908.76137447357  5.309034E-17
6910.82569646836  5.603253E-17
6912.89001846314  5.484204E-17
6914.95434045792  5.208434E-17
6917.0186624527  5.334286E-17
6919.08298444748  5.592013E-17
6921.14730644226  5.578261E-17
6923.21162843705  5.272103E-17
6925.27595043183  5.538402E-17
6927.34027242661  5.442084E-17
6929.40459442139  5.506129E-17
6931.46891641617  5.524476E-17
6933.53323841095  5.492501E-17
6935.59756040573  5.457353E-17
6937.66188240052  5.038594E-17
6939.7262043953  5.440716E-17
6941.79052639008  5.444483E-17
6943.85484838486  5.237278E-17
6945.91917037964  5.351167E-17
6947.98349237442  5.429769E-17
6950.0478143692  5.381801E-17
6952.11213636398  5.403176E-17
6954.17645835877  5.519499E-17
6956.24078035355  5.366108E-17
6958.30510234833  5.476175E-17
6960.36942434311  5.393133E-17
6962.43374633789  5.628642E-17
6964.49806833267  5.602279E-17
6966.56239032746  5.518237E-17
6968.62671232224  5.580264E-17
6970.69103431702  5.328627E-17
6972.7553563118  5.314251E-17
6974.81967830658  5.370950E-17
6976.88400030136  5.257823E-17
6978.94832229614  5.357573E-17
6981.01264429093  5.178447E-17
6983.07696628571  5.304027E-17
6985.14128828049  5.525301E-17
6987.20561027527  5.133145E-17
6989.26993227005  5.300413E-17
6991.33425426483  5.021927E-17
6993.39857625962  5.170445E-17
6995.4628982544  5.436788E-17
6997.52722024918  5.516561E-17
6999.59154224396  5.292049E-17
7001.65586423874  5.197351E-17
7003.72018623352  5.545291E-17
7005.7845082283  5.530674E-17
7007.84883022309  5.414216E-17
7009.91315221787  5.325914E-17
7011.97747421265  5.332940E-17
7014.04179620743  5.076220E-17
7016.10611820221  4.964013E-17
7018.17044019699  5.192291E-17
7020.23476219177  5.079730E-17
7022.29908418656  4.943409E-17
7024.36340618134  5.451690E-17
7026.42772817612  5.344214E-17
7028.4920501709  5.016432E-17
7030.55637216568  5.040803E-17
7032.62069416046  5.203067E-17
7034.68501615525  5.112695E-17
7036.74933815003  5.002248E-17
7038.81366014481  5.346598E-17
7040.87798213959  5.099015E-17
7042.94230413437  5.092795E-17
7045.00662612915  5.057849E-17
7047.07094812393  5.198190E-17
7049.13527011872  5.394168E-17
7051.1995921135  5.236121E-17
7053.26391410828  5.182263E-17
7055.32823610306  4.934106E-17
7057.39255809784  5.070410E-17
7059.45688009262  4.886681E-17
7061.5212020874  4.971119E-17
7063.58552408219  5.165625E-17
7065.64984607697  5.229579E-17
7067.71416807175  5.129234E-17
7069.77849006653  4.924638E-17
7071.84281206131  5.092807E-17
7073.90713405609  5.045760E-17
7075.97145605087  5.067061E-17
7078.03577804566  5.026613E-17
7080.10010004044  5.010732E-17
7082.16442203522  4.943038E-17
7084.22874403  4.866975E-17
7086.29306602478  4.938012E-17
7088.35738801956  4.962273E-17
7090.42171001435  4.752872E-17
7092.48603200913  4.920156E-17
7094.55035400391  5.006905E-17
7096.61467599869  4.960638E-17
7098.67899799347  5.009596E-17
7100.74331998825  4.804879E-17
7102.80764198303  4.946246E-17
7104.87196397782  5.042733E-17
7106.9362859726  5.153566E-17
7109.00060796738  5.123479E-17
7111.06492996216  4.853303E-17
7113.12925195694  4.858651E-17
7115.19357395172  5.216113E-17
7117.2578959465  4.992215E-17
7119.32221794129  4.806395E-17
7121.38653993607  4.914933E-17
7123.45086193085  4.974494E-17
7125.51518392563  4.716665E-17
7127.57950592041  4.695048E-17
7129.64382791519  4.784346E-17
7131.70814990998  4.777253E-17
7133.77247190476  5.067485E-17
7135.83679389954  4.806582E-17
7137.90111589432  4.669947E-17
7139.9654378891  4.832467E-17
7142.02975988388  4.851021E-17
7144.09408187866  4.647263E-17
7146.15840387345  4.750555E-17
7148.22272586823  4.790037E-17
7150.28704786301  4.487165E-17
7152.35136985779  4.737283E-17
7154.41569185257  4.632410E-17
7156.48001384735  4.702669E-17
7158.54433584213  4.911395E-17
7160.60865783692  4.668678E-17
7162.6729798317  4.465024E-17
7164.73730182648  4.403131E-17
7166.80162382126  4.584089E-17
7168.86594581604  4.599946E-17
7170.93026781082  4.301836E-17
7172.99458980561  4.444623E-17
7175.05891180039  4.526730E-17
7177.12323379517  4.144150E-17
7179.18755578995  4.373360E-17
7181.25187778473  4.413308E-17
7183.31619977951  4.491684E-17
7185.38052177429  4.280207E-17
7187.44484376907  4.143145E-17
7189.50916576386  4.247928E-17
7191.57348775864  4.259188E-17
7193.63780975342  4.288732E-17
7195.7021317482  4.160622E-17
7197.76645374298  4.270845E-17
7199.83077573776  4.405872E-17
7201.89509773255  4.302574E-17
7203.95941972733  4.246747E-17
7206.02374172211  4.261344E-17
7208.08806371689  4.185035E-17
7210.15238571167  4.536931E-17
7212.21670770645  4.575823E-17
7214.28102970124  4.551253E-17
7216.34535169602  4.227376E-17
7218.4096736908  4.264544E-17
7220.47399568558  4.552778E-17
7222.53831768036  4.499863E-17
7224.60263967514  4.388959E-17
7226.66696166992  4.470075E-17
7228.73128366471  4.253391E-17
7230.79560565949  4.241406E-17
7232.85992765427  4.375118E-17
7234.92424964905  4.333260E-17
7236.98857164383  4.201997E-17
7239.05289363861  3.991462E-17
7241.1172156334  4.307763E-17
7243.18153762818  4.052771E-17
7245.24585962296  4.096877E-17
7247.31018161774  4.173345E-17
7249.37450361252  4.135334E-17
7251.4388256073  4.167403E-17
7253.50314760208  3.993943E-17
7255.56746959686  4.151953E-17
7257.63179159165  4.079157E-17
7259.69611358643  4.239987E-17
7261.76043558121  4.211156E-17
7263.82475757599  4.113398E-17
7265.88907957077  3.980294E-17
7267.95340156555  3.812854E-17
7270.01772356033  4.153805E-17
7272.08204555512  4.110270E-17
7274.1463675499  4.204292E-17
7276.21068954468  4.100050E-17
7278.27501153946  3.903954E-17
7280.33933353424  3.893551E-17
7282.40365552902  3.991307E-17
7284.46797752381  4.097661E-17
7286.53229951859  4.055708E-17
7288.59662151337  4.086162E-17
7290.66094350815  4.137573E-17
7292.72526550293  4.001913E-17
7294.78958749771  3.874504E-17
7296.8539094925  3.983746E-17
7298.91823148728  4.186714E-17
7300.98255348206  4.106711E-17
7303.04687547684  4.138434E-17
7305.11119747162  3.878139E-17
7307.1755194664  3.863719E-17
7309.23984146118  3.996544E-17
7311.30416345597  3.783082E-17
7313.36848545075  3.856263E-17
7315.43280744553  3.759242E-17
7317.49712944031  3.947598E-17
7319.56145143509  4.052919E-17
7321.62577342987  4.116519E-17
7323.69009542465  4.173126E-17
7325.75441741944  4.024854E-17
7327.81873941422  4.132983E-17
7329.883061409  4.023607E-17
7331.94738340378  4.036231E-17
7334.01170539856  4.094299E-17
7336.07602739334  3.910074E-17
7338.14034938813  3.874879E-17
7340.20467138291  4.101352E-17
7342.26899337769  3.951755E-17
7344.33331537247  3.909520E-17
7346.39763736725  3.769619E-17
7348.46195936203  3.842242E-17
7350.52628135681  4.036915E-17
7352.5906033516  3.904335E-17
7354.65492534638  3.821695E-17
7356.71924734116  3.847791E-17
7358.78356933594  3.783783E-17
7360.84789133072  3.866341E-17
7362.9122133255  3.971281E-17
7364.97653532028  3.881769E-17
7367.04085731507  3.758691E-17
7369.10517930985  3.899561E-17
7371.16950130463  3.751321E-17
7373.23382329941  3.847148E-17
7375.29814529419  3.802718E-17
7377.36246728897  3.741011E-17
7379.42678928376  3.782916E-17
7381.49111127854  3.899596E-17
7383.55543327332  3.808418E-17
7385.6197552681  3.662114E-17
7387.68407726288  3.726169E-17
7389.74839925766  3.801651E-17
7391.81272125244  3.765942E-17
7393.87704324722  3.731883E-17
7395.94136524201  3.757762E-17
7398.00568723679  3.748684E-17
7400.07000923157  3.731400E-17
7402.13433122635  3.748709E-17
7404.19865322113  3.884845E-17
7406.26297521591  3.835188E-17
7408.3272972107  3.658202E-17
7410.39161920548  3.670923E-17
7412.45594120026  3.707645E-17
7414.52026319504  3.653531E-17
7416.58458518982  3.731779E-17
7418.6489071846  3.759429E-17
7420.71322917938  3.677510E-17
7422.77755117417  3.580315E-17
7424.84187316895  3.613157E-17
7426.90619516373  3.789635E-17
7428.97051715851  3.866159E-17
7431.03483915329  3.582385E-17
7433.09916114807  3.515190E-17
7435.16348314285  3.576960E-17
7437.22780513764  3.580762E-17
7439.29212713242  3.752134E-17
7441.3564491272  3.897559E-17
7443.42077112198  3.744963E-17
7445.48509311676  3.561757E-17
7447.54941511154  3.565699E-17
7449.61373710633  3.640493E-17
7451.67805910111  3.639312E-17
7453.74238109589  3.643952E-17
7455.80670309067  3.629941E-17
7457.87102508545  3.554490E-17
7459.93534708023  3.643953E-17
7461.99966907501  3.629988E-17
7464.0639910698  3.435055E-17
7466.12831306458  3.469260E-17
7468.19263505936  3.643324E-17
7470.25695705414  3.461267E-17
7472.32127904892  3.462180E-17
7474.3856010437  3.452103E-17
7476.44992303848  3.432118E-17
7478.51424503327  3.575182E-17
7480.57856702805  3.536056E-17
7482.64288902283  3.412623E-17
7484.70721101761  3.393748E-17
7486.77153301239  3.355775E-17
7488.83585500717  3.318804E-17
7490.90017700196  3.487840E-17
7492.96449899674  3.535874E-17
7495.02882099152  3.370083E-17
7497.0931429863  3.461955E-17
7499.15746498108  3.507316E-17
7501.22178697586  3.397409E-17
7503.28610897064  3.432771E-17
7505.35043096542  3.542756E-17
7507.41475296021  3.433742E-17
7509.47907495499  3.404986E-17
7511.54339694977  3.498326E-17
7513.60771894455  3.402521E-17
7515.67204093933  3.316930E-17
7517.73636293411  3.346808E-17
7519.8006849289  3.379154E-17
7521.86500692368  3.318785E-17
7523.92932891846  3.279663E-17
7525.99365091324  3.214930E-17
7528.05797290802  3.390467E-17
7530.1222949028  3.374397E-17
7532.18661689759  3.192117E-17
7534.25093889237  3.333808E-17
7536.31526088715  3.276869E-17
7538.37958288193  3.408985E-17
7540.44390487671  3.195474E-17
7542.50822687149  3.203598E-17
7544.57254886628  3.420523E-17
7546.63687086106  3.291365E-17
7548.70119285584  3.217005E-17
7550.76551485062  3.327136E-17
7552.8298368454  3.328445E-17
7554.89415884018  3.205614E-17
7556.95848083496  3.143416E-17
7559.02280282974  3.254067E-17
7561.08712482453  3.343893E-17
7563.15144681931  3.301396E-17
7565.21576881409  3.219827E-17
7567.28009080887  3.235972E-17
7569.34441280365  3.366433E-17
7571.40873479843  3.404903E-17
7573.47305679321  3.166916E-17
7575.537378788  3.160912E-17
7577.60170078278  3.373717E-17
7579.66602277756  3.300168E-17
7581.73034477234  3.217948E-17
7583.79466676712  3.310546E-17
7585.8589887619  3.315844E-17
7587.92331075668  3.221906E-17
7589.98763275147  3.215101E-17
7592.05195474625  3.240529E-17
7594.11627674103  3.206484E-17
7596.18059873581  3.126943E-17
7598.24492073059  2.993997E-17
7600.30924272537  2.700972E-17
7602.37356472016  2.237977E-17
7604.43788671494  1.705993E-17
7606.50220870972  1.463711E-17
7608.5665307045  1.333182E-17
7610.63085269928  1.142675E-17
7612.69517469406  1.150156E-17
7614.75949668885  1.120722E-17
7616.82381868363  1.183767E-17
7618.88814067841  1.401681E-17
7620.95246267319  1.704865E-17
7623.01678466797  2.014193E-17
7625.08110666275  2.260237E-17
7627.14542865753  2.540875E-17
7629.20975065232  2.368063E-17
7631.2740726471  2.151338E-17
7633.33839464188  1.845054E-17
7635.40271663666  1.687949E-17
7637.46703863144  1.865237E-17
7639.53136062622  1.855770E-17
7641.595682621  1.993660E-17
7643.66000461579  1.898700E-17
7645.72432661057  1.842703E-17
7647.78864860535  2.078784E-17
7649.85297060013  2.170770E-17
7651.91729259491  2.071075E-17
7653.98161458969  2.177731E-17
7656.04593658447  2.291449E-17
7658.11025857926  2.333112E-17
7660.17458057404  2.349300E-17
7662.23890256882  2.393609E-17
7664.3032245636  2.609087E-17
7666.36754655838  2.669748E-17
7668.43186855316  2.680421E-17
7670.49619054795  2.645090E-17
7672.56051254273  2.647167E-17
7674.62483453751  2.659811E-17
7676.68915653229  2.920064E-17
7678.75347852707  2.910645E-17
7680.81780052185  2.829614E-17
7682.88212251663  2.987072E-17
7684.94644451142  3.001055E-17
7687.0107665062  2.887477E-17
7689.07508850098  2.955816E-17
7691.13941049576  3.014238E-17
7693.20373249054  2.991105E-17
7695.26805448532  3.068133E-17
7697.33237648011  3.064876E-17
7699.39669847489  3.066119E-17
7701.46102046967  3.212910E-17
7703.52534246445  3.017422E-17
7705.58966445923  2.997653E-17
7707.65398645401  2.977543E-17
7709.71830844879  3.100806E-17
7711.78263044357  3.279118E-17
7713.84695243836  3.238929E-17
7715.91127443314  2.949118E-17
7717.97559642792  3.048821E-17
7720.0399184227  3.038175E-17
7722.10424041748  3.045789E-17
7724.16856241226  3.222624E-17
7726.23288440705  3.247804E-17
7728.29720640183  3.040760E-17
7730.36152839661  3.027717E-17
7732.42585039139  3.042793E-17
7734.49017238617  3.068155E-17
7736.55449438095  3.040034E-17
7738.61881637573  3.035968E-17
7740.68313837052  3.166166E-17
7742.7474603653  3.062765E-17
7744.81178236008  2.944394E-17
7746.87610435486  3.025165E-17
7748.94042634964  2.983304E-17
7751.00474834442  2.834878E-17
7753.0690703392  3.006457E-17
7755.13339233399  3.137823E-17
7757.19771432877  3.052065E-17
7759.26203632355  3.092782E-17
7761.32635831833  3.216156E-17
7763.39068031311  3.082835E-17
7765.45500230789  3.029344E-17
7767.51932430268  3.068806E-17
7769.58364629746  3.002597E-17
7771.64796829224  2.981897E-17
7773.71229028702  3.050348E-17
7775.7766122818  3.081677E-17
7777.84093427658  3.204792E-17
7779.90525627136  3.093107E-17
7781.96957826615  3.020653E-17
7784.03390026093  3.100050E-17
7786.09822225571  3.052303E-17
7788.16254425049  3.101849E-17
7790.22686624527  3.200680E-17
7792.29118824006  3.346136E-17
7794.35551023483  3.173643E-17
7796.41983222962  3.085722E-17
7798.4841542244  3.295381E-17
7800.54847621918  3.153053E-17
7802.61279821396  3.022836E-17
7804.67712020874  3.073187E-17
7806.74144220352  3.106271E-17
7808.80576419831  3.108670E-17
7810.87008619309  3.056578E-17
7812.93440818787  3.266287E-17
7814.99873018265  3.219121E-17
7817.06305217743  3.018364E-17
7819.12737417221  3.142448E-17
7821.19169616699  3.380741E-17
7823.25601816178  3.344267E-17
7825.32034015656  3.183600E-17
7827.38466215134  3.107388E-17
7829.44898414612  3.253745E-17
7831.5133061409  3.298689E-17
7833.57762813568  3.244374E-17
7835.64195013046  3.228109E-17
7837.70627212525  3.073369E-17
7839.77059412003  3.100934E-17
7841.83491611481  3.173894E-17
7843.89923810959  3.144327E-17
7845.96356010437  3.104372E-17
7848.02788209915  3.102325E-17
7850.09220409394  3.060288E-17
7852.15652608872  3.253001E-17
7854.2208480835  3.408280E-17
7856.28517007828  3.331183E-17
7858.34949207306  3.293460E-17
7860.41381406784  3.465623E-17
7862.47813606263  3.406384E-17
7864.54245805741  3.228851E-17
7866.60678005219  3.063032E-17
7868.67110204697  3.149916E-17
7870.73542404175  3.372058E-17
7872.79974603653  3.359918E-17
7874.86406803131  3.270867E-17
7876.92839002609  3.363578E-17
7878.99271202088  3.389715E-17
7881.05703401566  3.324710E-17
7883.12135601044  3.373149E-17
7885.18567800522  3.367693E-17
7887.25  3.327386E-17
7889.31432199478  2.996034E-17
7891.37864398956  2.566961E-17
