      3630.26  1.16755e-17
      3632.33  1.16053e-17
      3634.41  1.14148e-17
      3636.48  9.01315e-18
      3638.55  1.33543e-17
      3640.63  9.04649e-17
      3642.70  3.35998e-17
      3644.77  4.11431e-17
      3646.85  3.14891e-17
      3648.92  4.17971e-17
      3650.99 -1.05090e-19
      3653.07  1.10590e-17
      3655.14  2.45801e-17
      3657.22  5.16328e-17
      3659.29  2.52524e-17
      3661.36  3.86578e-17
      3663.44  1.18612e-17
      3665.51  5.63398e-17
      3667.58  3.04069e-17
      3669.66  2.31643e-17
      3671.73  3.58254e-17
      3673.80  3.87951e-17
      3675.88  4.50507e-17
      3677.95  4.31709e-18
      3680.02  2.96238e-17
      3682.10  3.01648e-17
      3684.17  3.05056e-17
      3686.24  3.06355e-17
      3688.32  3.10491e-17
      3690.39  3.18104e-17
      3692.46  3.24542e-17
      3694.54  3.10063e-17
      3696.61  3.06093e-17
      3698.68  3.07298e-17
      3700.76  3.09884e-17
      3702.83  3.06961e-17
      3704.90  3.15021e-17
      3706.98  3.22061e-17
      3709.05  3.29668e-17
      3711.12  3.25642e-17
      3713.20  3.33634e-17
      3715.27  3.31188e-17
      3717.35  3.36426e-17
      3719.42  3.31711e-17
      3721.49  3.34919e-17
      3723.57  3.38071e-17
      3725.64  3.38618e-17
      3727.71  3.34826e-17
      3729.79  3.32618e-17
      3731.86  3.38654e-17
      3733.93  3.39430e-17
      3736.01  3.38955e-17
      3738.08  3.43504e-17
      3740.15  3.46660e-17
      3742.23  3.46099e-17
      3744.30  3.36909e-17
      3746.37  3.39370e-17
      3748.45  3.37575e-17
      3750.52  3.35249e-17
      3752.59  3.34558e-17
      3754.67  3.32988e-17
      3756.74  3.37525e-17
      3758.81  3.35353e-17
      3760.89  3.32447e-17
      3762.96  3.34925e-17
      3765.04  3.26610e-17
      3767.11  3.29298e-17
      3769.18  3.30533e-17
      3771.26  3.26136e-17
      3773.33  3.26340e-17
      3775.40  3.26528e-17
      3777.48  3.28832e-17
      3779.55  3.20645e-17
      3781.62  3.24077e-17
      3783.70  3.21044e-17
      3785.77  3.21418e-17
      3787.84  3.21502e-17
      3789.92  3.21673e-17
      3791.99  3.24146e-17
      3794.06  3.24000e-17
      3796.14  3.21029e-17
      3798.21  3.18561e-17
      3800.28  3.22072e-17
      3802.36  3.26404e-17
      3804.43  3.24262e-17
      3806.50  3.22812e-17
      3808.58  3.25031e-17
      3810.65  3.24663e-17
      3812.72  3.23862e-17
      3814.80  3.20294e-17
      3816.87  3.21846e-17
      3818.95  3.17120e-17
      3821.02  3.18249e-17
      3823.09  3.16383e-17
      3825.17  3.16368e-17
      3827.24  3.14589e-17
      3829.31  3.13464e-17
      3831.39  3.11571e-17
      3833.46  3.19068e-17
      3835.53  3.18439e-17
      3837.61  3.18880e-17
      3839.68  3.18602e-17
      3841.75  3.20966e-17
      3843.83  3.21114e-17
      3845.90  3.19165e-17
      3847.97  3.17624e-17
      3850.05  3.23679e-17
      3852.12  3.28267e-17
      3854.19  3.30823e-17
      3856.27  3.35056e-17
      3858.34  3.35839e-17
      3860.41  3.40607e-17
      3862.49  3.41703e-17
      3864.56  3.42237e-17
      3866.63  3.44133e-17
      3868.71  3.45260e-17
      3870.78  3.49344e-17
      3872.86  3.54587e-17
      3874.93  3.55591e-17
      3877.00  3.61059e-17
      3879.08  3.61483e-17
      3881.15  3.65867e-17
      3883.22  3.69778e-17
      3885.30  3.76711e-17
      3887.37  3.77289e-17
      3889.44  3.84524e-17
      3891.52  3.87564e-17
      3893.59  3.91206e-17
      3895.66  3.97085e-17
      3897.74  4.03040e-17
      3899.81  4.07486e-17
      3901.88  4.12388e-17
      3903.96  4.14892e-17
      3906.03  4.17094e-17
      3908.10  4.21074e-17
      3910.18  4.22326e-17
      3912.25  4.25999e-17
      3914.32  4.27907e-17
      3916.40  4.30534e-17
      3918.47  4.32073e-17
      3920.54  4.35358e-17
      3922.62  4.40466e-17
      3924.69  4.46806e-17
      3926.77  4.49441e-17
      3928.84  4.59352e-17
      3930.91  4.68443e-17
      3932.99  4.74890e-17
      3935.06  4.83124e-17
      3937.13  4.91540e-17
      3939.21  4.94642e-17
      3941.28  5.01189e-17
      3943.35  5.10623e-17
      3945.43  5.19798e-17
      3947.50  5.28293e-17
      3949.57  5.38744e-17
      3951.65  5.47752e-17
      3953.72  5.61404e-17
      3955.79  5.69011e-17
      3957.87  5.79538e-17
      3959.94  5.88350e-17
      3962.01  5.98412e-17
      3964.09  6.06774e-17
      3966.16  6.16572e-17
      3968.23  6.24254e-17
      3970.31  6.36794e-17
      3972.38  6.49085e-17
      3974.45  6.61783e-17
      3976.53  6.73015e-17
      3978.60  6.84700e-17
      3980.68  6.99843e-17
      3982.75  7.09675e-17
      3984.82  7.24284e-17
      3986.90  7.36413e-17
      3988.97  7.46210e-17
      3991.04  7.59235e-17
      3993.12  7.73114e-17
      3995.19  7.84428e-17
      3997.26  8.00056e-17
      3999.34  8.14900e-17
      4001.41  8.28430e-17
      4003.48  8.42677e-17
      4005.56  8.55895e-17
      4007.63  8.68144e-17
      4009.70  8.81225e-17
      4011.78  8.95714e-17
      4013.85  9.08188e-17
      4015.92  9.20381e-17
      4018.00  9.32728e-17
      4020.07  9.48231e-17
      4022.14  9.63548e-17
      4024.22  9.75038e-17
      4026.29  9.87866e-17
      4028.36  9.98706e-17
      4030.44  1.00791e-16
      4032.51  1.02412e-16
      4034.59  1.03269e-16
      4036.66  1.03922e-16
      4038.73  1.04886e-16
      4040.81  1.05684e-16
      4042.88  1.06678e-16
      4044.95  1.07413e-16
      4047.03  1.08537e-16
      4049.10  1.09277e-16
      4051.17  1.09937e-16
      4053.25  1.10515e-16
      4055.32  1.11255e-16
      4057.39  1.11934e-16
      4059.47  1.12540e-16
      4061.54  1.13061e-16
      4063.61  1.13202e-16
      4065.69  1.13903e-16
      4067.76  1.14476e-16
      4069.83  1.15324e-16
      4071.91  1.15648e-16
      4073.98  1.16268e-16
      4076.05  1.16815e-16
      4078.13  1.17051e-16
      4080.20  1.17143e-16
      4082.28  1.17717e-16
      4084.35  1.17937e-16
      4086.42  1.18025e-16
      4088.50  1.18340e-16
      4090.57  1.18348e-16
      4092.64  1.18236e-16
      4094.72  1.18351e-16
      4096.79  1.18069e-16
      4098.86  1.18022e-16
      4100.94  1.17781e-16
      4103.01  1.17440e-16
      4105.08  1.17017e-16
      4107.16  1.16410e-16
      4109.23  1.15994e-16
      4111.30  1.15692e-16
      4113.38  1.14989e-16
      4115.45  1.14563e-16
      4117.52  1.14115e-16
      4119.60  1.13614e-16
      4121.67  1.13336e-16
      4123.74  1.12723e-16
      4125.82  1.12302e-16
      4127.89  1.11480e-16
      4129.96  1.11202e-16
      4132.04  1.10395e-16
      4134.11  1.09843e-16
      4136.19  1.09296e-16
      4138.26  1.08619e-16
      4140.33  1.07906e-16
      4142.41  1.07503e-16
      4144.48  1.06927e-16
      4146.55  1.06393e-16
      4148.63  1.05700e-16
      4150.70  1.05263e-16
      4152.77  1.04536e-16
      4154.85  1.03847e-16
      4156.92  1.03323e-16
      4158.99  1.02855e-16
      4161.07  1.02135e-16
      4163.14  1.01530e-16
      4165.21  1.00784e-16
      4167.29  1.00007e-16
      4169.36  9.94168e-17
      4171.43  9.84841e-17
      4173.51  9.77734e-17
      4175.58  9.67971e-17
      4177.65  9.60828e-17
      4179.73  9.51439e-17
      4181.80  9.40406e-17
      4183.87  9.35308e-17
      4185.95  9.27137e-17
      4188.02  9.16770e-17
      4190.10  9.10266e-17
      4192.17  8.98355e-17
      4194.24  8.90133e-17
      4196.32  8.80552e-17
      4198.39  8.73427e-17
      4200.46  8.64114e-17
      4202.54  8.57100e-17
      4204.61  8.45766e-17
      4206.68  8.40698e-17
      4208.76  8.36330e-17
      4210.83  8.32006e-17
      4212.90  8.25541e-17
      4214.98  8.19805e-17
      4217.05  8.12803e-17
      4219.12  8.09542e-17
      4221.20  8.05888e-17
      4223.27  8.01247e-17
      4225.34  7.97288e-17
      4227.42  7.94010e-17
      4229.49  7.91413e-17
      4231.56  7.85410e-17
      4233.64  7.82798e-17
      4235.71  7.79019e-17
      4237.78  7.75957e-17
      4239.86  7.71942e-17
      4241.93  7.66564e-17
      4244.01  7.61985e-17
      4246.08  7.58964e-17
      4248.15  7.54733e-17
      4250.23  7.50990e-17
      4252.30  7.48381e-17
      4254.37  7.46223e-17
      4256.45  7.43877e-17
      4258.52  7.42525e-17
      4260.59  7.40523e-17
      4262.67  7.39066e-17
      4264.74  7.37142e-17
      4266.81  7.36120e-17
      4268.89  7.34576e-17
      4270.96  7.32586e-17
      4273.03  7.33680e-17
      4275.11  7.34330e-17
      4277.18  7.35555e-17
      4279.25  7.34584e-17
      4281.33  7.33461e-17
      4283.40  7.34505e-17
      4285.47  7.35593e-17
      4287.55  7.37635e-17
      4289.62  7.36011e-17
      4291.69  7.35891e-17
      4293.77  7.37741e-17
      4295.84  7.37071e-17
      4297.92  7.38719e-17
      4299.99  7.38629e-17
      4302.06  7.38687e-17
      4304.14  7.36429e-17
      4306.21  7.36631e-17
      4308.28  7.36980e-17
      4310.36  7.40955e-17
      4312.43  7.39688e-17
      4314.50  7.37326e-17
      4316.58  7.34873e-17
      4318.65  7.36795e-17
      4320.72  7.34858e-17
      4322.80  7.35764e-17
      4324.87  7.37321e-17
      4326.94  7.36829e-17
      4329.02  7.37430e-17
      4331.09  7.37495e-17
      4333.16  7.37557e-17
      4335.24  7.37616e-17
      4337.31  7.37673e-17
      4339.38  7.37726e-17
      4341.46  7.37765e-17
      4343.53  7.38929e-17
      4345.60  7.39952e-17
      4347.68  7.43947e-17
      4349.75  7.46557e-17
      4351.83  7.48562e-17
      4353.90  7.51204e-17
      4355.97  7.54010e-17
      4358.05  7.56668e-17
      4360.12  7.57656e-17
      4362.19  7.57824e-17
      4364.27  7.58059e-17
      4366.34  7.58177e-17
      4368.41  7.57544e-17
      4370.49  7.58106e-17
      4372.56  7.58870e-17
      4374.63  7.59786e-17
      4376.71  7.61253e-17
      4378.78  7.61671e-17
      4380.85  7.61488e-17
      4382.93  7.60743e-17
      4385.00  7.61864e-17
      4387.07  7.64337e-17
      4389.15  7.64645e-17
      4391.22  7.67709e-17
      4393.29  7.68899e-17
      4395.37  7.69670e-17
      4397.44  7.73439e-17
      4399.52  7.74189e-17
      4401.59  7.75805e-17
      4403.66  7.76390e-17
      4405.74  7.79715e-17
      4407.81  7.82246e-17
      4409.88  7.86748e-17
      4411.96  7.88181e-17
      4414.03  7.88823e-17
      4416.10  7.90104e-17
      4418.18  7.92999e-17
      4420.25  7.94332e-17
      4422.32  7.95523e-17
      4424.40  7.95041e-17
      4426.47  7.95858e-17
      4428.54  7.96834e-17
      4430.62  8.01302e-17
      4432.69  8.08262e-17
      4434.76  8.11734e-17
      4436.84  8.12492e-17
      4438.91  8.11787e-17
      4440.98  8.09504e-17
      4443.06  8.07654e-17
      4445.13  8.07668e-17
      4447.20  8.06110e-17
      4449.28  8.05688e-17
      4451.35  8.04171e-17
      4453.42  8.01010e-17
      4455.50  7.97613e-17
      4457.57  7.94306e-17
      4459.65  7.92292e-17
      4461.72  7.89192e-17
      4463.79  7.84820e-17
      4465.87  7.82163e-17
      4467.94  7.79748e-17
      4470.01  7.77456e-17
      4472.09  7.74758e-17
      4474.16  7.72380e-17
      4476.23  7.68123e-17
      4478.31  7.63428e-17
      4480.38  7.58645e-17
      4482.45  7.54144e-17
      4484.53  7.50177e-17
      4486.60  7.46777e-17
      4488.67  7.44760e-17
      4490.75  7.42116e-17
      4492.82  7.40518e-17
      4494.89  7.36218e-17
      4496.97  7.33151e-17
      4499.04  7.30318e-17
      4501.11  7.26910e-17
      4503.19  7.22718e-17
      4505.26  7.20403e-17
      4507.33  7.15475e-17
      4509.41  7.15730e-17
      4511.48  7.15681e-17
      4513.56  7.12606e-17
      4515.63  7.08853e-17
      4517.70  7.07750e-17
      4519.78  7.04969e-17
      4521.85  7.01398e-17
      4523.92  6.96775e-17
      4526.00  6.93570e-17
      4528.07  6.91665e-17
      4530.14  6.90648e-17
      4532.22  6.89989e-17
      4534.29  6.88552e-17
      4536.36  6.81799e-17
      4538.44  6.75495e-17
      4540.51  6.71891e-17
      4542.58  6.70669e-17
      4544.66  6.71099e-17
      4546.73  6.73489e-17
      4548.80  6.73893e-17
      4550.88  6.73411e-17
      4552.95  6.75749e-17
      4555.02  6.77753e-17
      4557.10  6.79972e-17
      4559.17  6.82122e-17
      4561.25  6.85324e-17
      4563.32  6.88314e-17
      4565.39  6.90189e-17
      4567.47  6.92795e-17
      4569.54  6.94600e-17
      4571.61  6.98478e-17
      4573.69  7.02492e-17
      4575.76  7.06505e-17
      4577.83  7.11004e-17
      4579.91  7.15695e-17
      4581.98  7.20570e-17
      4584.05  7.25903e-17
      4586.13  7.33339e-17
      4588.20  7.39284e-17
      4590.27  7.43649e-17
      4592.35  7.50356e-17
      4594.42  7.55981e-17
      4596.49  7.61818e-17
      4598.57  7.66524e-17
      4600.64  7.75599e-17
      4602.71  7.80803e-17
      4604.79  7.88290e-17
      4606.86  7.95185e-17
      4608.93  8.02286e-17
      4611.01  8.10177e-17
      4613.08  8.20137e-17
      4615.16  8.26925e-17
      4617.23  8.29009e-17
      4619.30  8.37154e-17
      4621.38  8.44857e-17
      4623.45  8.51225e-17
      4625.52  8.60301e-17
      4627.60  8.69268e-17
      4629.67  8.79389e-17
      4631.74  8.89547e-17
      4633.82  8.97858e-17
      4635.89  9.07687e-17
      4637.96  9.15136e-17
      4640.04  9.23704e-17
      4642.11  9.33840e-17
      4644.18  9.41510e-17
      4646.26  9.48484e-17
      4648.33  9.56711e-17
      4650.40  9.65309e-17
      4652.48  9.73976e-17
      4654.55  9.84134e-17
      4656.62  9.92369e-17
      4658.70  1.00005e-16
      4660.77  1.00550e-16
      4662.84  1.01214e-16
      4664.92  1.02002e-16
      4666.99  1.02732e-16
      4669.07  1.03450e-16
      4671.14  1.04167e-16
      4673.21  1.04935e-16
      4675.29  1.05768e-16
      4677.36  1.06487e-16
      4679.43  1.07094e-16
      4681.51  1.07671e-16
      4683.58  1.08320e-16
      4685.65  1.09004e-16
      4687.73  1.09579e-16
      4689.80  1.10211e-16
      4691.87  1.10709e-16
      4693.95  1.11317e-16
      4696.02  1.12067e-16
      4698.09  1.12524e-16
      4700.17  1.13050e-16
      4702.24  1.13414e-16
      4704.31  1.13733e-16
      4706.39  1.14016e-16
      4708.46  1.14401e-16
      4710.53  1.14641e-16
      4712.61  1.14978e-16
      4714.68  1.15336e-16
      4716.75  1.15463e-16
      4718.83  1.15607e-16
      4720.90  1.15833e-16
      4722.98  1.16181e-16
      4725.05  1.16362e-16
      4727.12  1.16451e-16
      4729.20  1.16649e-16
      4731.27  1.16897e-16
      4733.34  1.16907e-16
      4735.42  1.16816e-16
      4737.49  1.16875e-16
      4739.56  1.16903e-16
      4741.64  1.16823e-16
      4743.71  1.16762e-16
      4745.78  1.16618e-16
      4747.86  1.16497e-16
      4749.93  1.16438e-16
      4752.00  1.16413e-16
      4754.08  1.16343e-16
      4756.15  1.16212e-16
      4758.22  1.15916e-16
      4760.30  1.15646e-16
      4762.37  1.15474e-16
      4764.44  1.15254e-16
      4766.52  1.15087e-16
      4768.59  1.14877e-16
      4770.67  1.14571e-16
      4772.74  1.14262e-16
      4774.81  1.14016e-16
      4776.89  1.13732e-16
      4778.96  1.13378e-16
      4781.03  1.13094e-16
      4783.11  1.12557e-16
      4785.18  1.12230e-16
      4787.25  1.11827e-16
      4789.33  1.11309e-16
      4791.40  1.10799e-16
      4793.47  1.10355e-16
      4795.55  1.09701e-16
      4797.62  1.09034e-16
      4799.69  1.08327e-16
      4801.77  1.07535e-16
      4803.84  1.06788e-16
      4805.91  1.05915e-16
      4807.99  1.05227e-16
      4810.06  1.04489e-16
      4812.13  1.03686e-16
      4814.21  1.02922e-16
      4816.28  1.02157e-16
      4818.35  1.01436e-16
      4820.43  1.00558e-16
      4822.50  9.98575e-17
      4824.58  9.91419e-17
      4826.65  9.83621e-17
      4828.72  9.75062e-17
      4830.80  9.66510e-17
      4832.87  9.59222e-17
      4834.94  9.52489e-17
      4837.02  9.42886e-17
      4839.09  9.34616e-17
      4841.16  9.26676e-17
      4843.24  9.17249e-17
      4845.31  9.09104e-17
      4847.38  9.00294e-17
      4849.46  8.91447e-17
      4851.53  8.82386e-17
      4853.60  8.72848e-17
      4855.68  8.63406e-17
      4857.75  8.53550e-17
      4859.82  8.44261e-17
      4861.90  8.33789e-17
      4863.97  8.24431e-17
      4866.04  8.15067e-17
      4868.12  8.05699e-17
      4870.19  7.95733e-17
      4872.26  7.85610e-17
      4874.34  7.76487e-17
      4876.41  7.67392e-17
      4878.48  7.58030e-17
      4880.56  7.48305e-17
      4882.63  7.39096e-17
      4884.71  7.29511e-17
      4886.78  7.20646e-17
      4888.85  7.13343e-17
      4890.93  7.05798e-17
      4893.00  6.99572e-17
      4895.07  6.93636e-17
      4897.15  6.87548e-17
      4899.22  6.82172e-17
      4901.29  6.77973e-17
      4903.37  6.72363e-17
      4905.44  6.67872e-17
      4907.51  6.64563e-17
      4909.59  6.61384e-17
      4911.66  6.58624e-17
      4913.73  6.55566e-17
      4915.81  6.52596e-17
      4917.88  6.50248e-17
      4919.95  6.47640e-17
      4922.03  6.44542e-17
      4924.10  6.41452e-17
      4926.17  6.39105e-17
      4928.25  6.35922e-17
      4930.32  6.32836e-17
      4932.40  6.29948e-17
      4934.47  6.27653e-17
      4936.54  6.25086e-17
      4938.62  6.22616e-17
      4940.69  6.19903e-17
      4942.76  6.17757e-17
      4944.84  6.16386e-17
      4946.91  6.14447e-17
      4948.98  6.12017e-17
      4951.06  6.09936e-17
      4953.13  6.07800e-17
      4955.20  6.05502e-17
      4957.28  6.03369e-17
      4959.35  6.01369e-17
      4961.42  5.98979e-17
      4963.50  5.98227e-17
      4965.57  5.96894e-17
      4967.64  5.96732e-17
      4969.72  5.96576e-17
      4971.79  5.96177e-17
      4973.86  5.95663e-17
      4975.94  5.95482e-17
      4978.01  5.96273e-17
      4980.08  5.96126e-17
      4982.16  5.95594e-17
      4984.23  5.96605e-17
      4986.31  5.97201e-17
      4988.38  5.96629e-17
      4990.45  5.97897e-17
      4992.53  5.98414e-17
      4994.60  5.98543e-17
      4996.67  5.99157e-17
      4998.75  5.99489e-17
      5000.82  5.99792e-17
      5002.89  6.00100e-17
      5004.97  6.01058e-17
      5007.04  6.02037e-17
      5009.11  6.04769e-17
      5011.19  6.06255e-17
      5013.26  6.07645e-17
      5015.33  6.09648e-17
      5017.41  6.12251e-17
      5019.48  6.14711e-17
      5021.55  6.16966e-17
      5023.63  6.18894e-17
      5025.70  6.20953e-17
      5027.77  6.23197e-17
      5029.85  6.25701e-17
      5031.92  6.27969e-17
      5033.99  6.30224e-17
      5036.07  6.33460e-17
      5038.14  6.37863e-17
      5040.22  6.41693e-17
      5042.29  6.45748e-17
      5044.36  6.49916e-17
      5046.44  6.53674e-17
      5048.51  6.57980e-17
      5050.58  6.61889e-17
      5052.66  6.65752e-17
      5054.73  6.70217e-17
      5056.80  6.74169e-17
      5058.88  6.77807e-17
      5060.95  6.84212e-17
      5063.02  6.90032e-17
      5065.10  6.95757e-17
      5067.17  7.00997e-17
      5069.24  7.06073e-17
      5071.32  7.13297e-17
      5073.39  7.20801e-17
      5075.46  7.27438e-17
      5077.54  7.31211e-17
      5079.61  7.33363e-17
      5081.68  7.36074e-17
      5083.76  7.38082e-17
      5085.83  7.40045e-17
      5087.90  7.42417e-17
      5089.98  7.43094e-17
      5092.05  7.44989e-17
      5094.12  7.47088e-17
      5096.20  7.47444e-17
      5098.27  7.47495e-17
      5100.35  7.47436e-17
      5102.42  7.46136e-17
      5104.49  7.45498e-17
      5106.57  7.43721e-17
      5108.64  7.43074e-17
      5110.71  7.40989e-17
      5112.79  7.39109e-17
      5114.86  7.36443e-17
      5116.93  7.34370e-17
      5119.01  7.31727e-17
      5121.08  7.28716e-17
      5123.15  7.25543e-17
      5125.23  7.22084e-17
      5127.30  7.19227e-17
      5129.37  7.16103e-17
      5131.45  7.12915e-17
      5133.52  7.09609e-17
      5135.59  7.05951e-17
      5137.67  7.03609e-17
      5139.74  6.99540e-17
      5141.81  6.96060e-17
      5143.89  6.91821e-17
      5145.96  6.87572e-17
      5148.04  6.82961e-17
      5150.11  6.78433e-17
      5152.18  6.74500e-17
      5154.26  6.70703e-17
      5156.33  6.66613e-17
      5158.40  6.63604e-17
      5160.48  6.60200e-17
      5162.55  6.58485e-17
      5164.62  6.55659e-17
      5166.70  6.51198e-17
      5168.77  6.47029e-17
      5170.84  6.44314e-17
      5172.92  6.42243e-17
      5174.99  6.39563e-17
      5177.06  6.34472e-17
      5179.14  6.30076e-17
      5181.21  6.25425e-17
      5183.28  6.24100e-17
      5185.36  6.25039e-17
      5187.43  6.24022e-17
      5189.50  6.23478e-17
      5191.58  6.24616e-17
      5193.65  6.24910e-17
      5195.73  6.27055e-17
      5197.80  6.28081e-17
      5199.87  6.27953e-17
      5201.95  6.29877e-17
      5204.02  6.31716e-17
      5206.09  6.34744e-17
      5208.17  6.37153e-17
      5210.24  6.38880e-17
      5212.31  6.41871e-17
      5214.39  6.43132e-17
      5216.46  6.46385e-17
      5218.53  6.49255e-17
      5220.61  6.51631e-17
      5222.68  6.53857e-17
      5224.75  6.56230e-17
      5226.83  6.58225e-17
      5228.90  6.61381e-17
      5230.97  6.64534e-17
      5233.05  6.67664e-17
      5235.12  6.70440e-17
      5237.19  6.72959e-17
      5239.27  6.75379e-17
      5241.34  6.78690e-17
      5243.41  6.80174e-17
      5245.49  6.83930e-17
      5247.56  6.87145e-17
      5249.63  6.88152e-17
      5251.71  6.90389e-17
      5253.78  6.93620e-17
      5255.86  6.95861e-17
      5257.93  6.97275e-17
      5260.00  6.99042e-17
      5262.08  7.01485e-17
      5264.15  7.02933e-17
      5266.22  7.04735e-17
      5268.30  7.06064e-17
      5270.37  7.07130e-17
      5272.44  7.09847e-17
      5274.52  7.11937e-17
      5276.59  7.14110e-17
      5278.66  7.16020e-17
      5280.74  7.17321e-17
      5282.81  7.18992e-17
      5284.88  7.20017e-17
      5286.96  7.21958e-17
      5289.03  7.23431e-17
      5291.10  7.24499e-17
      5293.18  7.26846e-17
      5295.25  7.29363e-17
      5297.32  7.30593e-17
      5299.40  7.32104e-17
      5301.47  7.32786e-17
      5303.54  7.33833e-17
      5305.62  7.37139e-17
      5307.69  7.38895e-17
      5309.77  7.40706e-17
      5311.84  7.41653e-17
      5313.91  7.43846e-17
      5315.99  7.46316e-17
      5318.06  7.48294e-17
      5320.13  7.51479e-17
      5322.21  7.54227e-17
      5324.28  7.56679e-17
      5326.35  7.59494e-17
      5328.43  7.61632e-17
      5330.50  7.63508e-17
      5332.57  7.66672e-17
      5334.65  7.68483e-17
      5336.72  7.70510e-17
      5338.79  7.72685e-17
      5340.87  7.75139e-17
      5342.94  7.77951e-17
      5345.01  7.82489e-17
      5347.09  7.85630e-17
      5349.16  7.89662e-17
      5351.23  7.93087e-17
      5353.31  7.95130e-17
      5355.38  7.99302e-17
      5357.46  8.02930e-17
      5359.53  8.06725e-17
      5361.60  8.11098e-17
      5363.68  8.15331e-17
      5365.75  8.18626e-17
      5367.82  8.22546e-17
      5369.90  8.27669e-17
      5371.97  8.31155e-17
      5374.04  8.35441e-17
      5376.12  8.40383e-17
      5378.19  8.43605e-17
      5380.26  8.48292e-17
      5382.34  8.52273e-17
      5384.41  8.56956e-17
      5386.48  8.60485e-17
      5388.56  8.64603e-17
      5390.63  8.67476e-17
      5392.70  8.70894e-17
      5394.78  8.74058e-17
      5396.85  8.77729e-17
      5398.92  8.82626e-17
      5401.00  8.86479e-17
      5403.07  8.89620e-17
      5405.14  8.93641e-17
      5407.22  8.97435e-17
      5409.29  9.01816e-17
      5411.37  9.05303e-17
      5413.44  9.08956e-17
      5415.51  9.13060e-17
      5417.59  9.17008e-17
      5419.66  9.20365e-17
      5421.73  9.23206e-17
      5423.81  9.26642e-17
      5425.88  9.28730e-17
      5427.95  9.30291e-17
      5430.03  9.32778e-17
      5432.10  9.35203e-17
      5434.17  9.38365e-17
      5436.25  9.41553e-17
      5438.32  9.44742e-17
      5440.39  9.47376e-17
      5442.47  9.49174e-17
      5444.54  9.51334e-17
      5446.61  9.54012e-17
      5448.69  9.56617e-17
      5450.76  9.57113e-17
      5452.83  9.58207e-17
      5454.91  9.59594e-17
      5456.98  9.60935e-17
      5459.05  9.62418e-17
      5461.13  9.64458e-17
      5463.20  9.65227e-17
      5465.28  9.65324e-17
      5467.35  9.66027e-17
      5469.42  9.67003e-17
      5471.50  9.67507e-17
      5473.57  9.67559e-17
      5475.64  9.66974e-17
      5477.72  9.68110e-17
      5479.79  9.67314e-17
      5481.86  9.66896e-17
      5483.94  9.66504e-17
      5486.01  9.65201e-17
      5488.08  9.63173e-17
      5490.16  9.61715e-17
      5492.23  9.60837e-17
      5494.30  9.58180e-17
      5496.38  9.56972e-17
      5498.45  9.55886e-17
      5500.52  9.54602e-17
      5502.60  9.52152e-17
      5504.67  9.48904e-17
      5506.74  9.47573e-17
      5508.82  9.46358e-17
      5510.89  9.44245e-17
      5512.96  9.42425e-17
      5515.04  9.39626e-17
      5517.11  9.36549e-17
      5519.19  9.33089e-17
      5521.26  9.30289e-17
      5523.33  9.25892e-17
      5525.41  9.22644e-17
      5527.48  9.19843e-17
      5529.55  9.18832e-17
      5531.63  9.15019e-17
      5533.70  9.13643e-17
      5535.77  9.10416e-17
      5537.85  9.07739e-17
      5539.92  9.04418e-17
      5541.99  9.01435e-17
      5544.07  8.97550e-17
      5546.14  8.95025e-17
      5548.21  8.92976e-17
      5550.29  8.90353e-17
      5552.36  8.87867e-17
      5554.43  8.84239e-17
      5556.51  8.81340e-17
      5558.58  8.78659e-17
      5560.65  8.74621e-17
      5562.73  8.71705e-17
      5564.80  8.69507e-17
      5566.88  8.65954e-17
      5568.95  8.63046e-17
      5571.02  8.60582e-17
      5573.10  8.58133e-17
      5575.17  8.54924e-17
      5577.24  8.52893e-17
      5579.32  8.50284e-17
      5581.39  8.48493e-17
      5583.46  8.45219e-17
      5585.54  8.43100e-17
      5587.61  8.41353e-17
      5589.68  8.38925e-17
      5591.76  8.37716e-17
      5593.83  8.37315e-17
      5595.90  8.35109e-17
      5597.98  8.33801e-17
      5600.05  8.33257e-17
      5602.12  8.32560e-17
      5604.20  8.31028e-17
      5606.27  8.29883e-17
      5608.34  8.29345e-17
      5610.42  8.28504e-17
      5612.49  8.27180e-17
      5614.56  8.25846e-17
      5616.64  8.24738e-17
      5618.71  8.22815e-17
      5620.79  8.21553e-17
      5622.86  8.21519e-17
      5624.93  8.21181e-17
      5627.01  8.19899e-17
      5629.08  8.19890e-17
      5631.15  8.19338e-17
      5633.23  8.18286e-17
      5635.30  8.15126e-17
      5637.37  8.14800e-17
      5639.45  8.11820e-17
      5641.52  8.10950e-17
      5643.59  8.08968e-17
      5645.67  8.08320e-17
      5647.74  8.07139e-17
      5649.81  8.05943e-17
      5651.89  8.04101e-17
      5653.96  8.02916e-17
      5656.03  8.01588e-17
      5658.11  7.99129e-17
      5660.18  7.98711e-17
      5662.25  7.97279e-17
      5664.33  7.95932e-17
      5666.40  7.95524e-17
      5668.47  7.93622e-17
      5670.55  7.91384e-17
      5672.62  7.90047e-17
      5674.69  7.89113e-17
      5676.77  7.87741e-17
      5678.84  7.86101e-17
      5680.92  7.85465e-17
      5682.99  7.84140e-17
      5685.06  7.83285e-17
      5687.14  7.80520e-17
      5689.21  7.79448e-17
      5691.28  7.77616e-17
      5693.36  7.76179e-17
      5695.43  7.74963e-17
      5697.50  7.72528e-17
      5699.58  7.70838e-17
      5701.65  7.69712e-17
      5703.72  7.68012e-17
      5705.80  7.66730e-17
      5707.87  7.64317e-17
      5709.94  7.62718e-17
      5712.02  7.61323e-17
      5714.09  7.59759e-17
      5716.16  7.58174e-17
      5718.24  7.55904e-17
      5720.31  7.53488e-17
      5722.38  7.51211e-17
      5724.46  7.48446e-17
      5726.53  7.46720e-17
      5728.60  7.43944e-17
      5730.68  7.41725e-17
      5732.75  7.39753e-17
      5734.83  7.38013e-17
      5736.90  7.36242e-17
      5738.97  7.34750e-17
      5741.05  7.33314e-17
      5743.12  7.32126e-17
      5745.19  7.30927e-17
      5747.27  7.28566e-17
      5749.34  7.26914e-17
      5751.41  7.24982e-17
      5753.49  7.23472e-17
      5755.56  7.22389e-17
      5757.63  7.21193e-17
      5759.71  7.19210e-17
      5761.78  7.17702e-17
      5763.85  7.16628e-17
      5765.93  7.14872e-17
      5768.00  7.13542e-17
      5770.07  7.12020e-17
      5772.15  7.10784e-17
      5774.22  7.09785e-17
      5776.29  7.09268e-17
      5778.37  7.08358e-17
      5780.44  7.07207e-17
      5782.52  7.05930e-17
      5784.59  7.04417e-17
      5786.66  7.03370e-17
      5788.74  7.02266e-17
      5790.81  7.00175e-17
      5792.88  6.99558e-17
      5794.96  6.98525e-17
      5797.03  6.97459e-17
      5799.10  6.95310e-17
      5801.18  6.93853e-17
      5803.25  6.92825e-17
      5805.32  6.90696e-17
      5807.40  6.89053e-17
      5809.47  6.87502e-17
      5811.54  6.86403e-17
      5813.62  6.85975e-17
      5815.69  6.84795e-17
      5817.76  6.83157e-17
      5819.84  6.81534e-17
      5821.91  6.79962e-17
      5823.98  6.78396e-17
      5826.06  6.77163e-17
      5828.13  6.75763e-17
      5830.20  6.75724e-17
      5832.28  6.74477e-17
      5834.35  6.72227e-17
      5836.43  6.70625e-17
      5838.50  6.68448e-17
      5840.57  6.67225e-17
      5842.65  6.65934e-17
      5844.72  6.63581e-17
      5846.79  6.61355e-17
      5848.87  6.59383e-17
      5850.94  6.57946e-17
      5853.01  6.57255e-17
      5855.09  6.57139e-17
      5857.16  6.55675e-17
      5859.23  6.53916e-17
      5861.31  6.53040e-17
      5863.38  6.51723e-17
      5865.45  6.50733e-17
      5867.53  6.49315e-17
      5869.60  6.47676e-17
      5871.67  6.46361e-17
      5873.75  6.45201e-17
      5875.82  6.44403e-17
      5877.89  6.43218e-17
      5879.97  6.42818e-17
      5882.04  6.41586e-17
      5884.11  6.40342e-17
      5886.19  6.39611e-17
      5888.26  6.38848e-17
      5890.33  6.37929e-17
      5892.41  6.36443e-17
      5894.48  6.35081e-17
      5896.56  6.33916e-17
      5898.63  6.32207e-17
      5900.70  6.31303e-17
      5902.78  6.30289e-17
      5904.85  6.29824e-17
      5906.92  6.29720e-17
      5909.00  6.29516e-17
      5911.07  6.28727e-17
      5913.14  6.27552e-17
      5915.22  6.26772e-17
      5917.29  6.25567e-17
      5919.36  6.24457e-17
      5921.44  6.23468e-17
      5923.51  6.22869e-17
      5925.58  6.22418e-17
      5927.66  6.22176e-17
      5929.73  6.22257e-17
      5931.80  6.21871e-17
      5933.88  6.22039e-17
      5935.95  6.21121e-17
      5938.02  6.20882e-17
      5940.10  6.21883e-17
      5942.17  6.22162e-17
      5944.25  6.23092e-17
      5946.32  6.23454e-17
      5948.39  6.23738e-17
      5950.47  6.24934e-17
      5952.54  6.26235e-17
      5954.61  6.27245e-17
      5956.69  6.27830e-17
      5958.76  6.28554e-17
      5960.83  6.28460e-17
      5962.91  6.30245e-17
      5964.98  6.31712e-17
      5967.05  6.32241e-17
      5969.13  6.33240e-17
      5971.20  6.34515e-17
      5973.27  6.35345e-17
      5975.35  6.36697e-17
      5977.42  6.38235e-17
      5979.49  6.39820e-17
      5981.57  6.40533e-17
      5983.64  6.41502e-17
      5985.71  6.42796e-17
      5987.79  6.44497e-17
      5989.86  6.44915e-17
      5991.94  6.46362e-17
      5994.01  6.47744e-17
      5996.08  6.49382e-17
      5998.16  6.50377e-17
      6000.23  6.51522e-17
      6002.30  6.53460e-17
      6004.38  6.55218e-17
      6006.45  6.56487e-17
      6008.52  6.58518e-17
      6010.60  6.60214e-17
      6012.67  6.61065e-17
      6014.74  6.61881e-17
      6016.82  6.63556e-17
      6018.89  6.66358e-17
      6020.96  6.69132e-17
      6023.04  6.71357e-17
      6025.11  6.72740e-17
      6027.18  6.74096e-17
      6029.26  6.74852e-17
      6031.33  6.75002e-17
      6033.40  6.75982e-17
      6035.48  6.76481e-17
      6037.55  6.76977e-17
      6039.62  6.76904e-17
      6041.70  6.77428e-17
      6043.77  6.77864e-17
      6045.84  6.78466e-17
      6047.92  6.78960e-17
      6049.99  6.78804e-17
      6052.07  6.78445e-17
      6054.14  6.78732e-17
      6056.21  6.78598e-17
      6058.29  6.78716e-17
      6060.36  6.78556e-17
      6062.43  6.78582e-17
      6064.51  6.77937e-17
      6066.58  6.77346e-17
      6068.65  6.76255e-17
      6070.73  6.75904e-17
      6072.80  6.74966e-17
      6074.87  6.73384e-17
      6076.95  6.71583e-17
      6079.02  6.71271e-17
      6081.09  6.69682e-17
      6083.17  6.67482e-17
      6085.24  6.65591e-17
      6087.31  6.63518e-17
      6089.39  6.62107e-17
      6091.46  6.60025e-17
      6093.53  6.57649e-17
      6095.61  6.56243e-17
      6097.68  6.53615e-17
      6099.75  6.51945e-17
      6101.83  6.49219e-17
      6103.90  6.47261e-17
      6105.98  6.45194e-17
      6108.05  6.43102e-17
      6110.12  6.41847e-17
      6112.20  6.39710e-17
      6114.27  6.37088e-17
      6116.34  6.35043e-17
      6118.42  6.32412e-17
      6120.49  6.30721e-17
      6122.56  6.28607e-17
      6124.64  6.24997e-17
      6126.71  6.21946e-17
      6128.78  6.19043e-17
      6130.86  6.16288e-17
      6132.93  6.13938e-17
      6135.00  6.12326e-17
      6137.08  6.11419e-17
      6139.15  6.08888e-17
      6141.22  6.06852e-17
      6143.30  6.05014e-17
      6145.37  6.03795e-17
      6147.44  6.02603e-17
      6149.52  6.00209e-17
      6151.59  5.98391e-17
      6153.67  5.96723e-17
      6155.74  5.95531e-17
      6157.81  5.94692e-17
      6159.89  5.92452e-17
      6161.96  5.90610e-17
      6164.03  5.88591e-17
      6166.11  5.86861e-17
      6168.18  5.84824e-17
      6170.25  5.83118e-17
      6172.33  5.81468e-17
      6174.40  5.79613e-17
      6176.47  5.77432e-17
      6178.55  5.75131e-17
      6180.62  5.73874e-17
      6182.69  5.72803e-17
      6184.77  5.70400e-17
      6186.84  5.69796e-17
      6188.91  5.69092e-17
      6190.99  5.68082e-17
      6193.06  5.67434e-17
      6195.13  5.66062e-17
      6197.21  5.64010e-17
      6199.28  5.62322e-17
      6201.35  5.61631e-17
      6203.43  5.60330e-17
      6205.50  5.58722e-17
      6207.58  5.57833e-17
      6209.65  5.56890e-17
      6211.72  5.56298e-17
      6213.80  5.55529e-17
      6215.87  5.53648e-17
      6217.94  5.52736e-17
      6220.02  5.51584e-17
      6222.09  5.50524e-17
      6224.16  5.50023e-17
      6226.24  5.48006e-17
      6228.31  5.46427e-17
      6230.38  5.45599e-17
      6232.46  5.43802e-17
      6234.53  5.43065e-17
      6236.60  5.42676e-17
      6238.68  5.42571e-17
      6240.75  5.41882e-17
      6242.82  5.40721e-17
      6244.90  5.40583e-17
      6246.97  5.40409e-17
      6249.04  5.39488e-17
      6251.12  5.37985e-17
      6253.19  5.37799e-17
      6255.26  5.38328e-17
      6257.34  5.37628e-17
      6259.41  5.36939e-17
      6261.49  5.36325e-17
      6263.56  5.35273e-17
      6265.63  5.34845e-17
      6267.71  5.34653e-17
      6269.78  5.34351e-17
      6271.85  5.34490e-17
      6273.93  5.34436e-17
      6276.00  5.33812e-17
      6278.07  5.33790e-17
      6280.15  5.33139e-17
      6282.22  5.32656e-17
      6284.29  5.32959e-17
      6286.37  5.32190e-17
      6288.44  5.31249e-17
      6290.51  5.31597e-17
      6292.59  5.31114e-17
      6294.66  5.29832e-17
      6296.73  5.28106e-17
      6298.81  5.26843e-17
      6300.88  5.25931e-17
      6302.95  5.25625e-17
      6305.03  5.25120e-17
      6307.10  5.23652e-17
      6309.17  5.22425e-17
      6311.25  5.21345e-17
      6313.32  5.20146e-17
      6315.40  5.18388e-17
      6317.47  5.16892e-17
      6319.54  5.15161e-17
      6321.62  5.12965e-17
      6323.69  5.10697e-17
      6325.76  5.08679e-17
      6327.84  5.06152e-17
      6329.91  5.04348e-17
      6331.98  5.03374e-17
      6334.06  5.01592e-17
      6336.13  4.99811e-17
      6338.20  4.97988e-17
      6340.28  4.95173e-17
      6342.35  4.93047e-17
      6344.42  4.90253e-17
      6346.50  4.87324e-17
      6348.57  4.84703e-17
      6350.64  4.81191e-17
      6352.72  4.77729e-17
      6354.79  4.76207e-17
      6356.86  4.74584e-17
      6358.94  4.72023e-17
      6361.01  4.68914e-17
      6363.08  4.66454e-17
      6365.16  4.64271e-17
      6367.23  4.61315e-17
      6369.31  4.58417e-17
      6371.38  4.55866e-17
      6373.45  4.52744e-17
      6375.53  4.49538e-17
      6377.60  4.46384e-17
      6379.67  4.43683e-17
      6381.75  4.41081e-17
      6383.82  4.38127e-17
      6385.89  4.35942e-17
      6387.97  4.33837e-17
      6390.04  4.31417e-17
      6392.11  4.29584e-17
      6394.19  4.27796e-17
      6396.26  4.24581e-17
      6398.33  4.22101e-17
      6400.41  4.20853e-17
      6402.48  4.19439e-17
      6404.55  4.18145e-17
      6406.63  4.16617e-17
      6408.70  4.14931e-17
      6410.77  4.13420e-17
      6412.85  4.12092e-17
      6414.92  4.10837e-17
      6417.00  4.09048e-17
      6419.07  4.07811e-17
      6421.14  4.07432e-17
      6423.22  4.06593e-17
      6425.29  4.06105e-17
      6427.36  4.07282e-17
      6429.44  4.07744e-17
      6431.51  4.07417e-17
      6433.58  4.08432e-17
      6435.66  4.08424e-17
      6437.73  4.08497e-17
      6439.80  4.09181e-17
      6441.88  4.08981e-17
      6443.95  4.09500e-17
      6446.02  4.10858e-17
      6448.10  4.11218e-17
      6450.17  4.12354e-17
      6452.24  4.14614e-17
      6454.32  4.16140e-17
      6456.39  4.18013e-17
      6458.46  4.20663e-17
      6460.54  4.22477e-17
      6462.61  4.23664e-17
      6464.68  4.24874e-17
      6466.76  4.25775e-17
      6468.83  4.26422e-17
      6470.90  4.27025e-17
      6472.98  4.28085e-17
      6475.05  4.29011e-17
      6477.13  4.29857e-17
      6479.20  4.30578e-17
      6481.27  4.31318e-17
      6483.35  4.32025e-17
      6485.42  4.32354e-17
      6487.49  4.33165e-17
      6489.57  4.32918e-17
      6491.64  4.32574e-17
      6493.71  4.32669e-17
      6495.79  4.32612e-17
      6497.86  4.32531e-17
      6499.93  4.31982e-17
      6502.01  4.32429e-17
      6504.08  4.32249e-17
      6506.15  4.31645e-17
      6508.23  4.32596e-17
      6510.30  4.33300e-17
      6512.37  4.34076e-17
      6514.45  4.35102e-17
      6516.52  4.35808e-17
      6518.59  4.36903e-17
      6520.67  4.38483e-17
      6522.74  4.40753e-17
      6524.81  4.42842e-17
      6526.89  4.44678e-17
      6528.96  4.46290e-17
      6531.04  4.48482e-17
      6533.11  4.49734e-17
      6535.18  4.50921e-17
      6537.26  4.53105e-17
      6539.33  4.54685e-17
      6541.40  4.57150e-17
      6543.48  4.60059e-17
      6545.55  4.62143e-17
      6547.62  4.64953e-17
      6549.70  4.67468e-17
      6551.77  4.69363e-17
      6553.84  4.72305e-17
      6555.92  4.74697e-17
      6557.99  4.76191e-17
      6560.06  4.78159e-17
      6562.14  4.80618e-17
      6564.21  4.82976e-17
      6566.28  4.85040e-17
      6568.36  4.87879e-17
      6570.43  4.90065e-17
      6572.50  4.93350e-17
      6574.58  4.96650e-17
      6576.65  4.99335e-17
      6578.73  5.02165e-17
      6580.80  5.05409e-17
      6582.87  5.08972e-17
      6584.95  5.12844e-17
      6587.02  5.17069e-17
      6589.09  5.20905e-17
      6591.17  5.24843e-17
      6593.24  5.28491e-17
      6595.31  5.33105e-17
      6597.39  5.37715e-17
      6599.46  5.41812e-17
      6601.53  5.45918e-17
      6603.61  5.50149e-17
      6605.68  5.55095e-17
      6607.75  5.59962e-17
      6609.83  5.64671e-17
      6611.90  5.69558e-17
      6613.97  5.73472e-17
      6616.05  5.76632e-17
      6618.12  5.79445e-17
      6620.19  5.82531e-17
      6622.27  5.85933e-17
      6624.34  5.89082e-17
      6626.41  5.91987e-17
      6628.49  5.95172e-17
      6630.56  5.97296e-17
      6632.64  5.99511e-17
      6634.71  6.01862e-17
      6636.78  6.03211e-17
      6638.86  6.05279e-17
      6640.93  6.07678e-17
      6643.00  6.09939e-17
      6645.08  6.12056e-17
      6647.15  6.13750e-17
      6649.22  6.14303e-17
      6651.30  6.15329e-17
      6653.37  6.16453e-17
      6655.44  6.17839e-17
      6657.52  6.19162e-17
      6659.59  6.19498e-17
      6661.66  6.19592e-17
      6663.74  6.19835e-17
      6665.81  6.20673e-17
      6667.88  6.21156e-17
      6669.96  6.21027e-17
      6672.03  6.21245e-17
      6674.10  6.21466e-17
      6676.18  6.21584e-17
      6678.25  6.21259e-17
      6680.32  6.21591e-17
      6682.40  6.22074e-17
      6684.47  6.21850e-17
      6686.54  6.21804e-17
      6688.62  6.21564e-17
      6690.69  6.21553e-17
      6692.77  6.21221e-17
      6694.84  6.21299e-17
      6696.91  6.21362e-17
      6698.99  6.21351e-17
      6701.06  6.21385e-17
      6703.13  6.20781e-17
      6705.21  6.20535e-17
      6707.28  6.19853e-17
      6709.35  6.19763e-17
      6711.43  6.19342e-17
      6713.50  6.18696e-17
      6715.57  6.18302e-17
      6717.65  6.17758e-17
      6719.72  6.17456e-17
      6721.79  6.17940e-17
      6723.87  6.18639e-17
      6725.94  6.18844e-17
      6728.01  6.18760e-17
      6730.09  6.18460e-17
      6732.16  6.18123e-17
      6734.23  6.16965e-17
      6736.31  6.16395e-17
      6738.38  6.15561e-17
      6740.46  6.14812e-17
      6742.53  6.14160e-17
      6744.60  6.13095e-17
      6746.68  6.12028e-17
      6748.75  6.10636e-17
      6750.82  6.09204e-17
      6752.90  6.07740e-17
      6754.97  6.06694e-17
      6757.04  6.05723e-17
      6759.12  6.04628e-17
      6761.19  6.03185e-17
      6763.26  6.01740e-17
      6765.34  6.00737e-17
      6767.41  5.98802e-17
      6769.48  5.98332e-17
      6771.56  5.97761e-17
      6773.63  5.96525e-17
      6775.70  5.95949e-17
      6777.78  5.95274e-17
      6779.85  5.94024e-17
      6781.92  5.93576e-17
      6784.00  5.93184e-17
      6786.07  5.91910e-17
      6788.15  5.91188e-17
      6790.22  5.91611e-17
      6792.29  5.91253e-17
      6794.37  5.90423e-17
      6796.44  5.89156e-17
      6798.51  5.87556e-17
      6800.59  5.86674e-17
      6802.66  5.85665e-17
      6804.73  5.84576e-17
      6806.81  5.83628e-17
      6808.88  5.83327e-17
      6810.95  5.82576e-17
      6813.03  5.82299e-17
      6815.10  5.80784e-17
      6817.17  5.77717e-17
      6819.25  5.74011e-17
      6821.32  5.70475e-17
      6823.39  5.66650e-17
      6825.47  5.63053e-17
      6827.54  5.59811e-17
      6829.61  5.57122e-17
      6831.69  5.55160e-17
      6833.76  5.53001e-17
      6835.83  5.50827e-17
      6837.91  5.48371e-17
      6839.98  5.45748e-17
      6842.05  5.43238e-17
      6844.13  5.41224e-17
      6846.20  5.39722e-17
      6848.28  5.38166e-17
      6850.35  5.36578e-17
      6852.42  5.35551e-17
      6854.50  5.34482e-17
      6856.57  5.33161e-17
      6858.64  5.31748e-17
      6860.72  5.30684e-17
      6862.79  5.29658e-17
      6864.86  5.28248e-17
      6866.94  5.26564e-17
      6869.01  5.25226e-17
      6871.08  5.24030e-17
      6873.16  5.24739e-17
      6875.23  5.23968e-17
      6877.30  5.22342e-17
      6879.38  5.21372e-17
      6881.45  5.19626e-17
      6883.52  5.17917e-17
      6885.60  5.16685e-17
      6887.67  5.15078e-17
      6889.74  5.13697e-17
      6891.82  5.12652e-17
      6893.89  5.11152e-17
      6895.96  5.09406e-17
      6898.04  5.08114e-17
      6900.11  5.06845e-17
      6902.19  5.05772e-17
      6904.26  5.04914e-17
      6906.33  5.03102e-17
      6908.41  5.01489e-17
      6910.48  5.00114e-17
      6912.55  4.98459e-17
      6914.63  4.96507e-17
      6916.70  4.94760e-17
      6918.77  4.92889e-17
      6920.85  4.91150e-17
      6922.92  4.91378e-17
      6924.99  4.92330e-17
      6927.07  4.93042e-17
      6929.14  4.93593e-17
      6931.21  4.93832e-17
      6933.29  4.93453e-17
      6935.36  4.91813e-17
      6937.43  4.89883e-17
      6939.51  4.88666e-17
      6941.58  4.87637e-17
      6943.65  4.87314e-17
      6945.73  4.87356e-17
      6947.80  4.87348e-17
      6949.88  4.86405e-17
      6951.95  4.84752e-17
      6954.02  4.83996e-17
      6956.10  4.83291e-17
      6958.17  4.81261e-17
      6960.24  4.79305e-17
      6962.32  4.78340e-17
      6964.39  4.77581e-17
      6966.46  4.76084e-17
      6968.54  4.74267e-17
      6970.61  4.72893e-17
      6972.68  4.72228e-17
      6974.76  4.71066e-17
      6976.83  4.69563e-17
      6978.90  4.67740e-17
      6980.98  4.65709e-17
      6983.05  4.63965e-17
      6985.12  4.62641e-17
      6987.20  4.61560e-17
      6989.27  4.60188e-17
      6991.34  4.58461e-17
      6993.42  4.57521e-17
      6995.49  4.55762e-17
      6997.56  4.53697e-17
      6999.64  4.51789e-17
      7001.71  4.49962e-17
      7003.79  4.48052e-17
      7005.86  4.45968e-17
      7007.93  4.44493e-17
      7010.01  4.43047e-17
      7012.08  4.41490e-17
      7014.15  4.40154e-17
      7016.23  4.38771e-17
      7018.30  4.37294e-17
      7020.37  4.36173e-17
      7022.45  4.35007e-17
      7024.52  4.33580e-17
      7026.59  4.32900e-17
      7028.67  4.31521e-17
      7030.74  4.30368e-17
      7032.81  4.29220e-17
      7034.89  4.28310e-17
      7036.96  4.27151e-17
      7039.03  4.25989e-17
      7041.11  4.26073e-17
      7043.18  4.25595e-17
      7045.25  4.24879e-17
      7047.33  4.23592e-17
      7049.40  4.22364e-17
      7051.47  4.20982e-17
      7053.55  4.19281e-17
      7055.62  4.18598e-17
      7057.70  4.18378e-17
      7059.77  4.17571e-17
      7061.84  4.16397e-17
      7063.92  4.16139e-17
      7065.99  4.15785e-17
      7068.06  4.14364e-17
      7070.14  4.13027e-17
      7072.21  4.12318e-17
      7074.28  4.11559e-17
      7076.36  4.10931e-17
      7078.43  4.10296e-17
      7080.50  4.09354e-17
      7082.58  4.09004e-17
      7084.65  4.08474e-17
      7086.72  4.07618e-17
      7088.80  4.06330e-17
      7090.87  4.04724e-17
      7092.94  4.03433e-17
      7095.02  4.02791e-17
      7097.09  4.02747e-17
      7099.16  4.01157e-17
      7101.24  4.00243e-17
      7103.31  3.99660e-17
      7105.38  3.98730e-17
      7107.46  3.98204e-17
      7109.53  3.97468e-17
      7111.60  3.97060e-17
      7113.68  3.96321e-17
      7115.75  3.95152e-17
      7117.83  3.94055e-17
      7119.90  3.92919e-17
      7121.97  3.92060e-17
      7124.05  3.91750e-17
      7126.12  3.90559e-17
      7128.19  3.89142e-17
      7130.27  3.88138e-17
      7132.34  3.86912e-17
      7134.41  3.85695e-17
      7136.49  3.84046e-17
      7138.56  3.82687e-17
      7140.63  3.81781e-17
      7142.71  3.81187e-17
      7144.78  3.80771e-17
      7146.85  3.79232e-17
      7148.93  3.78410e-17
      7151.00  3.77558e-17
      7153.07  3.76827e-17
      7155.15  3.76029e-17
      7157.22  3.75592e-17
      7159.29  3.75164e-17
      7161.37  3.74061e-17
      7163.44  3.73128e-17
      7165.52  3.72377e-17
      7167.59  3.72296e-17
      7169.66  3.71866e-17
      7171.74  3.71294e-17
      7173.81  3.71647e-17
      7175.88  3.71619e-17
      7177.96  3.71030e-17
      7180.03  3.70788e-17
      7182.10  3.70544e-17
      7184.18  3.69646e-17
      7186.25  3.69050e-17
      7188.32  3.68914e-17
      7190.40  3.69069e-17
      7192.47  3.69038e-17
      7194.54  3.70719e-17
      7196.62  3.71253e-17
      7198.69  3.70916e-17
      7200.76  3.70861e-17
      7202.84  3.70282e-17
      7204.91  3.70331e-17
      7206.98  3.71054e-17
      7209.06  3.70817e-17
      7211.13  3.71110e-17
      7213.21  3.71293e-17
      7215.28  3.71266e-17
      7217.35  3.71533e-17
      7219.43  3.72084e-17
      7221.50  3.72306e-17
      7223.57  3.72663e-17
      7225.65  3.73110e-17
      7227.72  3.72534e-17
      7229.79  3.72079e-17
      7231.87  3.72815e-17
      7233.94  3.73519e-17
      7236.01  3.74126e-17
      7238.09  3.74620e-17
      7240.16  3.74991e-17
      7242.23  3.75579e-17
      7244.31  3.75985e-17
      7246.38  3.76000e-17
      7248.45  3.75450e-17
      7250.53  3.75121e-17
      7252.60  3.76051e-17
      7254.67  3.76050e-17
      7256.75  3.75514e-17
      7258.82  3.75384e-17
      7260.89  3.75234e-17
      7262.97  3.74544e-17
      7265.04  3.73947e-17
      7267.11  3.73873e-17
      7269.19  3.73751e-17
      7271.26  3.73273e-17
      7273.34  3.72666e-17
      7275.41  3.71997e-17
      7277.48  3.71985e-17
      7279.56  3.71422e-17
      7281.63  3.70614e-17
      7283.70  3.70209e-17
      7285.78  3.69760e-17
      7287.85  3.68602e-17
      7289.92  3.68601e-17
      7292.00  3.68663e-17
      7294.07  3.68058e-17
      7296.14  3.67275e-17
      7298.22  3.67616e-17
      7300.29  3.66807e-17
      7302.36  3.66605e-17
      7304.44  3.66579e-17
      7306.51  3.65346e-17
      7308.58  3.64294e-17
      7310.66  3.63287e-17
      7312.73  3.62052e-17
      7314.80  3.61992e-17
      7316.88  3.61319e-17
      7318.95  3.60450e-17
      7321.02  3.59660e-17
      7323.10  3.59331e-17
      7325.17  3.58464e-17
      7327.25  3.58195e-17
      7329.32  3.57624e-17
      7331.39  3.56358e-17
      7333.47  3.56186e-17
      7335.54  3.55804e-17
      7337.61  3.54600e-17
      7339.69  3.53606e-17
      7341.76  3.52822e-17
      7343.83  3.52218e-17
      7345.91  3.52037e-17
      7347.98  3.51779e-17
      7350.05  3.51081e-17
      7352.13  3.50655e-17
      7354.20  3.50675e-17
      7356.27  3.50664e-17
      7358.35  3.49969e-17
      7360.42  3.49472e-17
      7362.49  3.49172e-17
      7364.57  3.49240e-17
      7366.64  3.48993e-17
      7368.71  3.48751e-17
      7370.79  3.48634e-17
      7372.86  3.48648e-17
      7374.94  3.48370e-17
      7377.01  3.47759e-17
      7379.08  3.47122e-17
      7381.16  3.46836e-17
      7383.23  3.45981e-17
      7385.30  3.45118e-17
      7387.38  3.44373e-17
      7389.45  3.43765e-17
      7391.52  3.43555e-17
      7393.60  3.43894e-17
      7395.67  3.43489e-17
      7397.74  3.43143e-17
      7399.82  3.42613e-17
      7401.89  3.41606e-17
      7403.96  3.40267e-17
      7406.04  3.39034e-17
      7408.11  3.38243e-17
      7410.18  3.37760e-17
      7412.26  3.38054e-17
      7414.33  3.38326e-17
      7416.40  3.38911e-17
      7418.48  3.39171e-17
      7420.55  3.38640e-17
      7422.62  3.38222e-17
      7424.70  3.37801e-17
      7426.77  3.37708e-17
      7428.85  3.37113e-17
      7430.92  3.36041e-17
      7432.99  3.35290e-17
      7435.07  3.35287e-17
      7437.14  3.35979e-17
      7439.21  3.36300e-17
      7441.29  3.36056e-17
      7443.36  3.35725e-17
      7445.43  3.34944e-17
      7447.51  3.34883e-17
      7449.58  3.34925e-17
      7451.65  3.34804e-17
      7453.73  3.34691e-17
      7455.80  3.34598e-17
      7457.87  3.34160e-17
      7459.95  3.34109e-17
      7462.02  3.34122e-17
      7464.09  3.33908e-17
      7466.17  3.33907e-17
      7468.24  3.34150e-17
      7470.31  3.34022e-17
      7472.39  3.33548e-17
      7474.46  3.33527e-17
      7476.53  3.38236e-17
      7478.61  3.44251e-17
      7480.68  3.46580e-17
      7482.75  3.46770e-17
      7484.83  3.46666e-17
      7486.90  3.45991e-17
      7488.98  3.45994e-17
      7491.05  3.46036e-17
      7493.12  3.46310e-17
      7495.20  3.46495e-17
      7497.27  3.46148e-17
      7499.34  3.45876e-17
      7501.42  3.45777e-17
      7503.49  3.45536e-17
      7505.56  3.45428e-17
      7507.64  3.45506e-17
      7509.71  3.45998e-17
      7511.78  3.46183e-17
      7513.86  3.46347e-17
      7515.93  3.46428e-17
      7518.00  3.45609e-17
      7520.08  3.45377e-17
      7522.15  3.45162e-17
      7524.22  3.44340e-17
      7526.30  3.44267e-17
      7528.37  3.44372e-17
      7530.44  3.44026e-17
      7532.52  3.43980e-17
      7534.59  3.43426e-17
      7536.67  3.43320e-17
      7538.74  3.43518e-17
      7540.81  3.43319e-17
      7542.89  3.42359e-17
      7544.96  3.39953e-17
      7547.03  3.39877e-17
      7549.11  3.44004e-17
      7551.18  3.41066e-17
      7553.25  3.36439e-17
      7555.33  3.32044e-17
      7557.40  3.27315e-17
      7559.47  3.22646e-17
      7561.55  3.18732e-17
      7563.62  3.15749e-17
      7565.69  3.13248e-17
      7567.77  3.11527e-17
      7569.84  3.09941e-17
      7571.91  3.08101e-17
      7573.99  3.05986e-17
      7576.06  3.03453e-17
      7578.13  3.01145e-17
      7580.21  2.98922e-17
      7582.28  2.91858e-17
      7584.35  2.83034e-17
      7586.43  2.77987e-17
      7588.50  2.75400e-17
      7590.58  2.72933e-17
      7592.65  2.71060e-17
      7594.72  2.68992e-17
      7596.80  2.67095e-17
      7598.87  2.65381e-17
      7600.94  2.64059e-17
      7603.02  2.63005e-17
      7605.09  2.61675e-17
      7607.16  2.60217e-17
      7609.24  2.59252e-17
      7611.31  2.58554e-17
      7613.38  2.57884e-17
      7615.46  2.56967e-17
      7617.53  2.56627e-17
      7619.60  2.56072e-17
      7621.68  2.55232e-17
      7623.75  2.55458e-17
      7625.82  2.55021e-17
      7627.90  2.54826e-17
      7629.97  2.54919e-17
      7632.04  2.54609e-17
      7634.12  2.54254e-17
      7636.19  2.54099e-17
      7638.26  2.54220e-17
      7640.34  2.54773e-17
      7642.41  2.54924e-17
      7644.49  2.54405e-17
      7646.56  2.54120e-17
      7648.63  2.54533e-17
      7650.71  2.56182e-17
      7652.78  2.55713e-17
      7654.85  2.52011e-17
      7656.93  2.55829e-17
      7659.00  2.60066e-17
      7661.07  2.64377e-17
      7663.15  2.69014e-17
      7665.22  2.73050e-17
      7667.29  2.77248e-17
      7669.37  2.80962e-17
      7671.44  2.83131e-17
      7673.51  2.84149e-17
      7675.59  2.85410e-17
      7677.66  2.86835e-17
      7679.73  2.88540e-17
      7681.81  2.90921e-17
      7683.88  2.93256e-17
      7685.95  2.95500e-17
      7688.03  2.98014e-17
      7690.10  3.00444e-17
      7692.17  3.02814e-17
      7694.25  3.05372e-17
      7696.32  3.07956e-17
      7698.40  3.09982e-17
      7700.47  3.11668e-17
      7702.54  3.13187e-17
      7704.62  3.15227e-17
      7706.69  3.16606e-17
      7708.76  3.17583e-17
      7710.84  3.18934e-17
      7712.91  3.19735e-17
      7714.98  3.20719e-17
      7717.06  3.21285e-17
      7719.13  3.21730e-17
      7721.20  3.21988e-17
      7723.28  3.22142e-17
      7725.35  3.22931e-17
      7727.42  3.23736e-17
      7729.50  3.23921e-17
      7731.57  3.23871e-17
      7733.64  3.23432e-17
      7735.72  3.23601e-17
      7737.79  3.23793e-17
      7739.86  3.23724e-17
      7741.94  3.23793e-17
      7744.01  3.23329e-17
      7746.08  3.22738e-17
      7748.16  3.22944e-17
      7750.23  3.23471e-17
      7752.31  3.23422e-17
      7754.38  3.23126e-17
      7756.45  3.23450e-17
      7758.53  3.24178e-17
      7760.60  3.24000e-17
      7762.67  3.23370e-17
      7764.75  3.23190e-17
      7766.82  3.22893e-17
      7768.89  3.22365e-17
      7770.97  3.22980e-17
      7773.04  3.22687e-17
      7775.11  3.22237e-17
      7777.19  3.22696e-17
      7779.26  3.23372e-17
      7781.33  3.23469e-17
      7783.41  3.23912e-17
      7785.48  3.23956e-17
      7787.55  3.23744e-17
      7789.63  3.24118e-17
      7791.70  3.23873e-17
      7793.77  3.23898e-17
      7795.85  3.23703e-17
      7797.92  3.24168e-17
      7800.00  3.23802e-17
      7800.83  3.23765e-17
      7803.37  3.24142e-17
      7805.92  3.24591e-17
      7808.46  3.25064e-17
      7811.01  3.24602e-17
      7813.55  3.24700e-17
      7816.10  3.25122e-17
      7818.64  3.25296e-17
      7821.19  3.25875e-17
      7823.73  3.26048e-17
      7826.28  3.25907e-17
      7828.82  3.25966e-17
      7831.37  3.26003e-17
      7833.91  3.25962e-17
      7836.46  3.25282e-17
      7839.00  3.25310e-17
      7841.55  3.25176e-17
      7844.09  3.25664e-17
      7846.64  3.25263e-17
      7849.18  3.25225e-17
      7851.73  3.25145e-17
      7854.27  3.25682e-17
      7856.82  3.26092e-17
      7859.36  3.26524e-17
      7861.91  3.26653e-17
      7864.45  3.26114e-17
      7867.00  3.25531e-17
      7869.54  3.25220e-17
      7872.09  3.25596e-17
      7874.63  3.25955e-17
      7877.18  3.25494e-17
      7879.72  3.25358e-17
      7882.27  3.25771e-17
      7884.81  3.25913e-17
      7887.36  3.26057e-17
      7889.90  3.26284e-17
      7892.45  3.25416e-17
      7894.99  3.25385e-17
      7897.54  3.25010e-17
      7900.08  3.24556e-17
      7902.63  3.23924e-17
      7905.17  3.24023e-17
      7907.72  3.23695e-17
      7910.26  3.23816e-17
      7912.81  3.23976e-17
      7915.35  3.23699e-17
      7917.90  3.23906e-17
      7920.44  3.23443e-17
      7922.99  3.23494e-17
      7925.53  3.22884e-17
      7928.08  3.22636e-17
      7930.62  3.22368e-17
      7933.17  3.21834e-17
      7935.71  3.22019e-17
      7938.25  3.21826e-17
      7940.80  3.22046e-17
      7943.35  3.21834e-17
      7945.89  3.21708e-17
      7948.44  3.21648e-17
      7950.98  3.21294e-17
      7953.52  3.21594e-17
      7956.07  3.21966e-17
      7958.61  3.21226e-17
      7961.16  3.21557e-17
      7963.71  3.21909e-17
      7966.25  3.22176e-17
      7968.79  3.22162e-17
      7971.34  3.22359e-17
      7973.88  3.22585e-17
      7976.43  3.23332e-17
      7978.97  3.23243e-17
      7981.52  3.23759e-17
      7984.06  3.23681e-17
      7986.61  3.23404e-17
      7989.15  3.23615e-17
      7991.70  3.23820e-17
      7994.24  3.24384e-17
      7996.79  3.24898e-17
      7999.33  3.25389e-17
      8001.88  3.25413e-17
      8004.42  3.25135e-17
      8006.97  3.25540e-17
      8009.51  3.25867e-17
      8012.06  3.25910e-17
      8014.60  3.26249e-17
      8017.15  3.26303e-17
      8019.69  3.26706e-17
      8022.24  3.27573e-17
      8024.78  3.27692e-17
      8027.33  3.27961e-17
      8029.87  3.27971e-17
      8032.42  3.28205e-17
      8034.96  3.28209e-17
      8037.51  3.28260e-17
      8040.05  3.28493e-17
      8042.60  3.28718e-17
      8045.14  3.29275e-17
      8047.69  3.28965e-17
      8050.23  3.29123e-17
      8052.78  3.29084e-17
      8055.32  3.29463e-17
      8057.87  3.30202e-17
      8060.41  3.30017e-17
      8062.96  3.30169e-17
      8065.50  3.29622e-17
      8068.05  3.29354e-17
      8070.59  3.28810e-17
      8073.14  3.28462e-17
      8075.68  3.28108e-17
      8078.23  3.27488e-17
      8080.77  3.27188e-17
      8083.32  3.26235e-17
      8085.86  3.25416e-17
      8088.41  3.25581e-17
      8090.95  3.24332e-17
      8093.50  3.22595e-17
      8096.04  3.21310e-17
      8098.59  3.20033e-17
      8101.13  3.18978e-17
      8103.68  3.17449e-17
      8106.22  3.16233e-17
      8108.77  3.15206e-17
      8111.31  3.13702e-17
      8113.86  3.11102e-17
      8116.40  3.09670e-17
      8118.95  3.08116e-17
      8121.49  3.06551e-17
      8124.04  3.04979e-17
      8126.58  3.03798e-17
      8129.13  3.02243e-17
      8131.67  3.00249e-17
      8134.22  2.98634e-17
      8136.76  2.97001e-17
      8139.31  2.95257e-17
      8141.85  2.93434e-17
      8144.40  2.91749e-17
      8146.94  2.89986e-17
      8149.49  2.88003e-17
      8152.03  2.86033e-17
      8154.58  2.84177e-17
      8157.12  2.82602e-17
      8159.67  2.80513e-17
      8162.21  2.78151e-17
      8164.76  2.75897e-17
      8167.30  2.73782e-17
      8169.85  2.71308e-17
      8172.39  2.68639e-17
      8174.94  2.65963e-17
      8177.48  2.63967e-17
      8180.03  2.62037e-17
      8182.57  2.60199e-17
      8185.12  2.57881e-17
      8187.66  2.55111e-17
      8190.21  2.53263e-17
      8192.75  2.51040e-17
      8195.30  2.48563e-17
      8197.84  2.46393e-17
      8200.39  2.44475e-17
      8202.93  2.42272e-17
      8205.48  2.39802e-17
      8208.02  2.37523e-17
      8210.57  2.35276e-17
      8213.11  2.32520e-17
      8215.66  2.30360e-17
      8218.20  2.27701e-17
      8220.75  2.25917e-17
      8223.29  2.23784e-17
      8225.84  2.22323e-17
      8228.38  2.19872e-17
      8230.93  2.16764e-17
      8233.47  2.14160e-17
      8236.02  2.11559e-17
      8238.56  2.08783e-17
      8241.11  2.06651e-17
      8243.65  2.05548e-17
      8246.20  2.03509e-17
      8248.74  2.00829e-17
      8251.29  1.98414e-17
      8253.83  1.95779e-17
      8256.38  1.92773e-17
      8258.92  1.90210e-17
      8261.47  1.88062e-17
      8264.01  1.85810e-17
      8266.56  1.83211e-17
      8269.10  1.80935e-17
      8271.65  1.78308e-17
      8274.19  1.75750e-17
      8276.74  1.72932e-17
      8279.28  1.71185e-17
      8281.83  1.69138e-17
      8284.37  1.67347e-17
      8286.92  1.63682e-17
      8289.46  1.61835e-17
      8292.01  1.59987e-17
      8294.55  1.57839e-17
      8297.10  1.56117e-17
      8299.64  1.54268e-17
      8302.19  1.52395e-17
      8304.73  1.50332e-17
      8307.28  1.48289e-17
      8309.82  1.45885e-17
      8312.37  1.43479e-17
      8314.91  1.41280e-17
      8317.46  1.39098e-17
      8320.00  1.36780e-17
      8322.55  1.35223e-17
      8325.09  1.33729e-17
      8327.64  1.31512e-17
      8330.18  1.30466e-17
      8332.73  1.28279e-17
      8335.27  1.26535e-17
      8337.82  1.24949e-17
      8340.36  1.23530e-17
      8342.91  1.21915e-17
      8345.45  1.20512e-17
      8348.00  1.19114e-17
      8350.54  1.17957e-17
      8353.09  1.17226e-17
      8355.63  1.15524e-17
      8358.18  1.14765e-17
      8360.72  1.14246e-17
      8363.27  1.12415e-17
      8365.81  1.11339e-17
      8368.36  1.10711e-17
      8370.90  1.09811e-17
      8373.45  1.09221e-17
      8375.99  1.09075e-17
      8378.54  1.08865e-17
      8381.08  1.08712e-17
      8383.63  1.08717e-17
      8386.17  1.08389e-17
      8388.72  1.08184e-17
      8391.26  1.08279e-17
      8393.81  1.07879e-17
      8396.35  1.07943e-17
      8398.90  1.07599e-17
      8401.44  1.08078e-17
      8403.99  1.07562e-17
      8406.53  1.08128e-17
      8409.08  1.07488e-17
      8411.62  1.07306e-17
      8414.17  1.07042e-17
      8416.71  1.08309e-17
      8419.25  1.08373e-17
      8421.80  1.08475e-17
      8424.34  1.08954e-17
      8426.89  1.08770e-17
      8429.44  1.09006e-17
      8431.98  1.09228e-17
      8434.53  1.09810e-17
      8437.07  1.10482e-17
      8439.62  1.10881e-17
      8442.16  1.11005e-17
      8444.71  1.11457e-17
      8447.25  1.12050e-17
      8449.79  1.12759e-17
      8452.34  1.12870e-17
      8454.88  1.13091e-17
      8457.43  1.13825e-17
      8459.97  1.13543e-17
      8462.52  1.14571e-17
      8465.06  1.15100e-17
      8467.61  1.15631e-17
      8470.15  1.15906e-17
      8472.70  1.16563e-17
      8475.25  1.17081e-17
      8477.79  1.17604e-17
      8480.33  1.17756e-17
      8482.88  1.18300e-17
      8485.42  1.19069e-17
      8487.97  1.19493e-17
      8490.51  1.20483e-17
      8493.06  1.22546e-17
      8495.60  1.23606e-17
      8498.15  1.24472e-17
      8500.69  1.25045e-17
      8503.24  1.25350e-17
      8505.78  1.25116e-17
      8508.33  1.25222e-17
      8510.87  1.25520e-17
      8513.42  1.26099e-17
      8515.96  1.26951e-17
      8518.51  1.27641e-17
      8521.05  1.27867e-17
      8523.60  1.28241e-17
      8526.14  1.28371e-17
      8528.69  1.28854e-17
      8531.23  1.28948e-17
      8533.78  1.29901e-17
      8536.32  1.30519e-17
      8538.87  1.31095e-17
      8541.41  1.31420e-17
      8543.96  1.31984e-17
      8546.50  1.32391e-17
      8549.05  1.33099e-17
      8551.59  1.34070e-17
      8554.14  1.34585e-17
      8556.68  1.35217e-17
      8559.23  1.35189e-17
      8561.77  1.35928e-17
      8564.32  1.35962e-17
      8566.86  1.36243e-17
      8569.41  1.37381e-17
      8571.95  1.38629e-17
      8574.50  1.39376e-17
      8577.04  1.40342e-17
      8579.59  1.40934e-17
      8582.13  1.41705e-17
      8584.68  1.42948e-17
      8587.22  1.44176e-17
      8589.77  1.44822e-17
      8592.31  1.45477e-17
      8594.86  1.46197e-17
      8597.40  1.46866e-17
      8599.95  1.47743e-17
      8602.49  1.49415e-17
      8605.04  1.50879e-17
      8607.58  1.52538e-17
      8610.13  1.53857e-17
      8612.67  1.55279e-17
      8615.22  1.56077e-17
      8617.76  1.57247e-17
      8620.31  1.58861e-17
      8622.85  1.60067e-17
      8625.40  1.61785e-17
      8627.94  1.63173e-17
      8630.49  1.64718e-17
      8633.03  1.66686e-17
      8635.58  1.68771e-17
      8638.12  1.71095e-17
      8640.67  1.73113e-17
      8643.21  1.74780e-17
      8645.76  1.76944e-17
      8648.30  1.78614e-17
      8650.85  1.80258e-17
      8653.39  1.82657e-17
      8655.94  1.84864e-17
      8658.48  1.87230e-17
      8661.03  1.89407e-17
      8663.57  1.91545e-17
      8666.12  1.93472e-17
      8668.66  1.95768e-17
      8671.21  1.98420e-17
      8673.75  2.00574e-17
      8676.30  2.02876e-17
      8678.84  2.05086e-17
      8681.39  2.07048e-17
      8683.93  2.08994e-17
      8686.48  2.11243e-17
      8689.02  2.13955e-17
      8691.57  2.16376e-17
      8694.11  2.18601e-17
      8696.66  2.20821e-17
      8699.20  2.22503e-17
      8701.75  2.24568e-17
      8704.29  2.26050e-17
      8706.84  2.27159e-17
      8709.38  2.29684e-17
      8711.93  2.32008e-17
      8714.47  2.33712e-17
      8717.02  2.35086e-17
      8719.56  2.36796e-17
      8722.11  2.39017e-17
      8724.65  2.41719e-17
      8727.20  2.44241e-17
      8729.74  2.46260e-17
      8732.29  2.48241e-17
      8734.83  2.49845e-17
      8737.38  2.51476e-17
      8739.92  2.53081e-17
      8742.47  2.54875e-17
      8745.01  2.56867e-17
      8747.56  2.58519e-17
      8750.10  2.59460e-17
      8752.65  2.60581e-17
      8755.19  2.62146e-17
      8757.74  2.62959e-17
      8760.28  2.64594e-17
      8762.83  2.64735e-17
      8765.37  2.65288e-17
      8767.92  2.65354e-17
      8770.46  2.66728e-17
      8773.01  2.68299e-17
      8775.55  2.69476e-17
      8778.10  2.71219e-17
      8780.64  2.72296e-17
      8783.19  2.73007e-17
      8785.73  2.73706e-17
      8788.28  2.74499e-17
      8790.82  2.76066e-17
      8793.37  2.77545e-17
      8795.91  2.78228e-17
      8798.46  2.78434e-17
      8801.00  2.78853e-17
      8803.55  2.79927e-17
      8806.09  2.80408e-17
      8808.64  2.81375e-17
      8811.18  2.82141e-17
      8813.73  2.83035e-17
      8816.27  2.83294e-17
      8818.82  2.83277e-17
      8821.36  2.84413e-17
      8823.91  2.87072e-17
      8826.45  2.88348e-17
      8829.00  2.89658e-17
      8831.54  2.90537e-17
      8834.09  2.91541e-17
      8836.63  2.93095e-17
      8839.18  2.94204e-17
      8841.72  2.95716e-17
      8844.27  2.96557e-17
      8846.81  2.98143e-17
      8849.36  2.98597e-17
      8851.90  2.97424e-17
      8854.45  2.97210e-17
      8856.99  2.98295e-17
      8859.54  2.99283e-17
      8862.08  2.99463e-17
      8864.63  3.00244e-17
      8867.17  3.00506e-17
      8869.72  3.01149e-17
      8872.26  3.01750e-17
      8874.81  3.03102e-17
      8877.35  3.03913e-17
      8879.90  3.04665e-17
      8882.44  3.05556e-17
      8884.99  3.05556e-17
      8887.53  3.06729e-17
      8890.08  3.06855e-17
      8892.62  3.08762e-17
      8895.17  3.10808e-17
      8897.71  3.12582e-17
      8900.26  3.12407e-17
      8902.80  3.11957e-17
      8905.35  3.11688e-17
      8907.89  3.11149e-17
      8910.44  3.11301e-17
      8912.98  3.11398e-17
      8915.53  3.11878e-17
      8918.07  3.12743e-17
      8920.62  3.12422e-17
      8923.16  3.10862e-17
      8925.71  3.09914e-17
      8928.25  3.09882e-17
      8930.79  3.09726e-17
      8933.34  3.08854e-17
      8935.88  3.09140e-17
      8938.43  3.08836e-17
      8940.97  3.08618e-17
      8943.52  3.07881e-17
      8946.06  3.07865e-17
      8948.61  3.08629e-17
      8951.16  3.08143e-17
      8953.70  3.06368e-17
      8956.25  3.05187e-17
      8958.79  3.04026e-17
      8961.33  3.03468e-17
      8963.88  3.03349e-17
      8966.42  3.03040e-17
      8968.97  3.02048e-17
      8971.51  3.00897e-17
      8974.06  3.00595e-17
      8976.60  2.99766e-17
      8979.15  2.99900e-17
      8981.69  3.00746e-17
      8984.24  3.00654e-17
      8986.78  2.99346e-17
      8989.33  2.97863e-17
      8991.87  2.97417e-17
      8994.42  2.96005e-17
      8996.96  2.95620e-17
      8999.51  2.94460e-17
      9002.05  2.92928e-17
      9004.60  2.91222e-17
      9007.14  2.90294e-17
      9009.69  2.89415e-17
      9012.23  2.88285e-17
      9014.78  2.87109e-17
      9017.32  2.85952e-17
      9019.87  2.84969e-17
      9022.41  2.83421e-17
      9024.96  2.81468e-17
      9027.50  2.80250e-17
      9030.05  2.79579e-17
      9032.59  2.78578e-17
      9035.14  2.77206e-17
      9037.68  2.76225e-17
      9040.23  2.74905e-17
      9042.77  2.74574e-17
      9045.32  2.73656e-17
      9047.86  2.71578e-17
      9050.41  2.70400e-17
      9052.95  2.70145e-17
      9055.50  2.69650e-17
      9058.04  2.68892e-17
      9060.59  2.67888e-17
      9063.13  2.67086e-17
      9065.68  2.65564e-17
      9068.22  2.63798e-17
      9070.77  2.62123e-17
      9073.31  2.61498e-17
      9075.86  2.60762e-17
      9078.40  2.59377e-17
      9080.95  2.57777e-17
      9083.49  2.56202e-17
      9086.04  2.54818e-17
      9088.58  2.53471e-17
      9091.13  2.51772e-17
      9093.67  2.50265e-17
      9096.22  2.49328e-17
      9098.76  2.48000e-17
      9101.31  2.46434e-17
      9103.85  2.44896e-17
      9106.40  2.43154e-17
      9108.94  2.41359e-17
      9111.49  2.40017e-17
      9114.03  2.38394e-17
      9116.58  2.37133e-17
      9119.12  2.36283e-17
      9121.67  2.34422e-17
      9124.21  2.32968e-17
      9126.76  2.31070e-17
      9129.30  2.29796e-17
      9131.85  2.29083e-17
      9134.39  2.28233e-17
      9136.94  2.26854e-17
      9139.48  2.25416e-17
      9142.03  2.24113e-17
      9144.57  2.23001e-17
      9147.12  2.21672e-17
      9149.66  2.20474e-17
      9152.21  2.19527e-17
      9154.75  2.18204e-17
      9157.30  2.16452e-17
      9159.84  2.14536e-17
      9162.39  2.13031e-17
      9164.93  2.11959e-17
      9167.48  2.11092e-17
      9170.02  2.10974e-17
      9172.57  2.09114e-17
      9175.11  2.07293e-17
      9177.66  2.06016e-17
      9180.20  2.04411e-17
      9182.75  2.03112e-17
      9185.29  2.02444e-17
      9187.84  2.01591e-17
      9190.38  2.00536e-17
      9192.93  1.99230e-17
      9195.47  1.98151e-17
      9198.02  1.97173e-17
      9200.56  1.96241e-17
      9203.11  1.95151e-17
      9205.65  1.94016e-17
      9208.20  1.90847e-17
      9210.74  1.89531e-17
      9213.29  1.88317e-17
      9215.83  1.87442e-17
      9218.38  1.86707e-17
      9220.92  1.86073e-17
      9223.47  1.84782e-17
      9226.01  1.83066e-17
      9228.56  1.82006e-17
      9231.10  1.80962e-17
      9233.65  1.79260e-17
      9236.19  1.77876e-17
      9238.74  1.76287e-17
      9241.28  1.74873e-17
      9243.83  1.73633e-17
      9246.37  1.72305e-17
      9248.92  1.71317e-17
      9251.46  1.70133e-17
      9254.01  1.69172e-17
      9256.55  1.67884e-17
      9259.10  1.66609e-17
      9261.64  1.64550e-17
      9264.19  1.62352e-17
      9266.73  1.60744e-17
      9269.28  1.59478e-17
      9271.82  1.58505e-17
      9274.37  1.56986e-17
      9276.91  1.55003e-17
      9279.46  1.52977e-17
      9282.00  1.51071e-17
      9284.55  1.49691e-17
      9287.09  1.48807e-17
      9289.64  1.48245e-17
      9292.18  1.47338e-17
      9294.73  1.46143e-17
      9297.27  1.44786e-17
      9299.82  1.42789e-17
      9302.36  1.41894e-17
      9304.91  1.41557e-17
      9307.45  1.41871e-17
      9310.00  1.41500e-17
      9312.54  1.41151e-17
      9315.09  1.39899e-17
      9317.63  1.39008e-17
      9320.18  1.37879e-17
      9322.72  1.37096e-17
      9325.27  1.36383e-17
      9327.81  1.35846e-17
      9330.36  1.35740e-17
      9332.90  1.35314e-17
      9335.45  1.34619e-17
      9337.99  1.36069e-17
      9340.54  1.35686e-17
      9343.08  1.35366e-17
      9345.63  1.35126e-17
      9348.17  1.34832e-17
      9350.72  1.33643e-17
      9353.26  1.33544e-17
      9355.81  1.33296e-17
      9358.35  1.32707e-17
      9360.90  1.32282e-17
      9363.44  1.32046e-17
      9365.99  1.31900e-17
      9368.53  1.32548e-17
      9371.08  1.31985e-17
      9373.62  1.30977e-17
      9376.17  1.29055e-17
      9378.71  1.28002e-17
      9381.26  1.28176e-17
      9383.80  1.28227e-17
      9386.35  1.28538e-17
      9388.89  1.28456e-17
      9391.44  1.28587e-17
      9393.98  1.28771e-17
      9396.53  1.28405e-17
      9399.07  1.28078e-17
      9401.62  1.27825e-17
      9404.16  1.28641e-17
      9406.71  1.30021e-17
      9409.25  1.31084e-17
      9411.79  1.31784e-17
      9414.34  1.31400e-17
      9416.88  1.31598e-17
      9419.43  1.31018e-17
      9421.98  1.30848e-17
      9424.52  1.31282e-17
      9427.07  1.31379e-17
      9429.61  1.31857e-17
      9432.16  1.31680e-17
      9434.70  1.30482e-17
      9437.25  1.28851e-17
      9439.79  1.28810e-17
      9442.33  1.27957e-17
      9444.88  1.27678e-17
      9447.42  1.27370e-17
      9449.97  1.27411e-17
      9452.51  1.27105e-17
      9455.06  1.26468e-17
      9457.60  1.25835e-17
      9460.15  1.25312e-17
      9462.69  1.24291e-17
      9465.24  1.23534e-17
      9467.79  1.22919e-17
      9470.33  1.22368e-17
      9472.88  1.22068e-17
      9475.42  1.21701e-17
      9477.96  1.21189e-17
      9480.51  1.21473e-17
      9483.05  1.21176e-17
      9485.60  1.20707e-17
      9488.14  1.19913e-17
      9490.69  1.19259e-17
      9493.23  1.19042e-17
      9495.78  1.18342e-17
      9498.32  1.17600e-17
      9500.87  1.18101e-17
      9503.41  1.18449e-17
      9505.96  1.19927e-17
      9508.50  1.20076e-17
      9511.05  1.19832e-17
      9513.59  1.19377e-17
      9516.14  1.19032e-17
      9518.68  1.18953e-17
      9521.23  1.18837e-17
      9523.77  1.18689e-17
      9526.32  1.19025e-17
      9528.86  1.19166e-17
      9531.41  1.18983e-17
      9533.95  1.18428e-17
      9536.50  1.17408e-17
      9539.04  1.16507e-17
      9541.59  1.15740e-17
      9544.13  1.15499e-17
      9546.68  1.14540e-17
      9549.22  1.14604e-17
      9551.77  1.14604e-17
      9554.31  1.14118e-17
      9556.86  1.13959e-17
      9559.40  1.13511e-17
      9561.95  1.12985e-17
      9564.49  1.13259e-17
      9567.04  1.13246e-17
      9569.58  1.12483e-17
      9572.13  1.12301e-17
      9574.67  1.12026e-17
      9577.22  1.11320e-17
      9579.76  1.11108e-17
      9582.31  1.10909e-17
      9584.85  1.11008e-17
      9587.40  1.11241e-17
      9589.94  1.10518e-17
      9592.49  1.10242e-17
      9595.03  1.09945e-17
      9597.58  1.09507e-17
      9600.12  1.09189e-17
      9602.67  1.08704e-17
      9605.21  1.08407e-17
      9607.76  1.08085e-17
      9610.30  1.07400e-17
      9612.85  1.06827e-17
      9615.39  1.06226e-17
      9617.94  1.05957e-17
      9620.48  1.05835e-17
      9623.03  1.06021e-17
      9625.57  1.06894e-17
      9628.12  1.07774e-17
      9630.66  1.08464e-17
      9633.21  1.09104e-17
      9635.75  1.08467e-17
      9638.30  1.08251e-17
      9640.84  1.07540e-17
      9643.39  1.07300e-17
      9645.93  1.06965e-17
      9648.48  1.06308e-17
      9651.02  1.05624e-17
      9653.57  1.04944e-17
      9656.11  1.04182e-17
      9658.66  1.03340e-17
      9661.20  1.02676e-17
      9663.75  1.02031e-17
      9666.29  1.02221e-17
      9668.84  1.02401e-17
      9671.38  1.00793e-17
      9673.93  1.00609e-17
      9676.47  1.00508e-17
      9679.02  1.00008e-17
      9681.56  9.97830e-18
      9684.11  9.94366e-18
      9686.65  9.87289e-18
      9689.20  9.84024e-18
      9691.74  9.83519e-18
      9694.29  9.82593e-18
      9696.83  9.81019e-18
      9699.38  9.77192e-18
      9701.92  9.74845e-18
      9704.47  9.77484e-18
      9707.01  9.77944e-18
      9709.56  9.73215e-18
      9712.10  9.70923e-18
      9714.65  9.67860e-18
      9717.19  9.66181e-18
      9719.74  9.69999e-18
      9722.28  9.65753e-18
      9724.83  9.54439e-18
      9727.37  9.42412e-18
      9729.92  9.39960e-18
      9732.46  9.41439e-18
      9735.01  9.40879e-18
      9737.55  9.44800e-18
      9740.10  9.50712e-18
      9742.64  9.50711e-18
      9745.19  9.55077e-18
      9747.73  9.57350e-18
      9750.28  9.57439e-18
      9752.82  9.53455e-18
      9755.37  9.47001e-18
      9757.91  9.38547e-18
      9760.46  9.27527e-18
      9763.00  9.20612e-18
      9765.55  9.22530e-18
      9768.09  9.24369e-18
      9770.64  9.28254e-18
      9773.18  9.28095e-18
      9775.73  9.26253e-18
      9778.27  9.30712e-18
      9780.82  9.40631e-18
      9783.36  9.48129e-18
      9785.91  9.56512e-18
      9788.45  9.63048e-18
      9791.00  9.65188e-18
      9793.54  9.66845e-18
      9796.09  9.64901e-18
      9798.63  9.61099e-18
      9801.18  9.72454e-18
      9803.72  9.73882e-18
      9806.27  9.79139e-18
      9808.81  9.80783e-18
      9811.36  9.84389e-18
      9813.90  9.86409e-18
      9816.45  9.89463e-18
      9818.99  9.89452e-18
      9821.54  9.86905e-18
      9824.08  9.84043e-18
      9826.63  9.77721e-18
      9829.17  9.77762e-18
      9831.72  9.76674e-18
      9834.26  9.72168e-18
      9836.81  9.72618e-18
      9839.35  9.73935e-18
      9841.90  9.73431e-18
      9844.44  9.69246e-18
      9846.99  9.58273e-18
      9849.53  9.42875e-18
      9852.08  9.41087e-18
      9854.62  9.53028e-18
      9857.17  9.64976e-18
      9859.71  9.64113e-18
      9862.26  9.60284e-18
      9864.80  9.55555e-18
      9867.35  9.45698e-18
      9869.89  9.36661e-18
      9872.44  9.30065e-18
      9874.98  9.17745e-18
      9877.53  9.06636e-18
      9880.07  9.03506e-18
      9882.62  9.10066e-18
      9885.16  9.12745e-18
      9887.71  9.06039e-18
      9890.25  8.99671e-18
      9892.79  8.88793e-18
      9895.34  8.73393e-18
      9897.89  8.60146e-18
      9900.43  8.52131e-18
      9902.98  8.45847e-18
      9905.52  8.43820e-18
      9908.07  8.41082e-18
      9910.61  8.28264e-18
      9913.16  8.15911e-18
      9915.70  8.05577e-18
      9918.25  7.97895e-18
      9920.79  7.92052e-18
      9923.33  7.83712e-18
      9925.88  7.76978e-18
      9928.42  7.73890e-18
      9930.97  7.69993e-18
      9933.51  7.65690e-18
      9936.06  7.59465e-18
      9938.60  7.54517e-18
      9941.15  7.45090e-18
      9943.70  7.47716e-18
      9946.24  7.61125e-18
      9948.79  7.73970e-18
      9951.33  7.78330e-18
      9953.88  7.76229e-18
      9956.42  7.75207e-18
      9958.96  7.68477e-18
      9961.51  7.63877e-18
      9964.05  7.58521e-18
      9966.60  7.50438e-18
      9969.14  7.40673e-18
      9971.69  7.32962e-18
      9974.23  7.30134e-18
      9976.78  7.32659e-18
      9979.32  7.39636e-18
      9981.87  7.39854e-18
      9984.41  7.33429e-18
      9986.96  7.28695e-18
      9989.50  7.24037e-18
      9992.05  7.18405e-18
      9994.59  7.14544e-18
      9997.14  7.11688e-18
      9999.68  7.09120e-18
      10002.2  7.07828e-18
      10004.8  7.10657e-18
      10007.3  7.14591e-18
      10009.9  7.11739e-18
      10012.4  7.03345e-18
      10015.0  6.93069e-18
      10017.5  6.88616e-18
      10020.0  6.82381e-18
      10022.6  6.83330e-18
      10025.1  6.92970e-18
      10027.7  7.00542e-18
      10030.2  7.02151e-18
      10032.8  7.01544e-18
      10035.3  6.99361e-18
      10037.9  6.94566e-18
      10040.4  6.94785e-18
      10042.9  6.97603e-18
      10045.5  6.98826e-18
      10048.0  6.99123e-18
      10050.6  7.00717e-18
      10053.1  7.04326e-18
      10055.7  7.05275e-18
      10058.2  6.99530e-18
      10060.8  6.99671e-18
      10063.3  6.99102e-18
      10065.9  6.94517e-18
      10068.4  6.94040e-18
      10070.9  6.93107e-18
      10073.5  6.83258e-18
      10076.0  6.62415e-18
      10078.6  6.42963e-18
      10081.1  6.33328e-18
      10083.7  6.31998e-18
      10086.2  6.32495e-18
      10088.8  6.32808e-18
      10091.3  6.35059e-18
      10093.8  6.39517e-18
      10096.4  6.42035e-18
      10098.9  6.44047e-18
      10101.5  6.42348e-18
      10104.0  6.40851e-18
      10106.6  6.40371e-18
      10109.1  6.40328e-18
      10111.7  6.43007e-18
      10114.2  6.43815e-18
      10116.8  6.44491e-18
      10119.3  6.46409e-18
      10121.8  6.46692e-18
      10124.4  6.49542e-18
      10126.9  6.52773e-18
      10129.5  6.51340e-18
      10132.0  6.53499e-18
      10134.6  6.55689e-18
      10137.1  6.57323e-18
      10139.7  6.54657e-18
      10142.2  6.48982e-18
      10144.7  6.49991e-18
      10147.3  6.53054e-18
      10149.8  6.57583e-18
      10152.4  6.60103e-18
      10154.9  6.59659e-18
      10157.5  6.58337e-18
      10160.0  6.57221e-18
      10162.6  6.56535e-18
      10165.1  6.56019e-18
      10167.7  6.56191e-18
      10170.2  6.56506e-18
      10172.7  6.55394e-18
      10175.3  6.52366e-18
      10177.8  6.52176e-18
      10180.4  6.51647e-18
      10182.9  6.47907e-18
      10185.5  6.46515e-18
      10188.0  6.51172e-18
      10190.6  6.51816e-18
      10193.1  6.54230e-18
      10195.6  6.55647e-18
      10198.2  6.55932e-18
      10200.7  6.56876e-18
      10203.3  6.56753e-18
      10205.8  6.57868e-18
      10208.4  6.58744e-18
      10210.9  6.59394e-18
      10213.5  6.59385e-18
      10216.0  6.58298e-18
      10218.6  6.64302e-18
      10221.1  6.66207e-18
      10223.6  6.63996e-18
      10226.2  6.64879e-18
      10228.7  6.63502e-18
      10231.3  6.65261e-18
      10233.8  6.71450e-18
      10236.4  6.72158e-18
      10238.9  6.72096e-18
      10241.5  6.69176e-18
      10244.0  6.68984e-18
      10246.5  6.70481e-18
      10249.1  6.71549e-18
      10251.6  6.73489e-18
      10254.2  6.69158e-18
      10256.7  6.68756e-18
      10259.3  6.71920e-18
      10261.8  6.71647e-18
      10264.4  6.72525e-18
      10266.9  6.73209e-18
      10269.5  6.76247e-18
      10272.0  6.79909e-18
      10274.5  6.81418e-18
      10277.1  6.80594e-18
      10279.6  6.83761e-18
      10282.2  6.89183e-18
      10284.7  6.91252e-18
      10287.3  6.91191e-18
      10289.8  6.92931e-18
      10292.4  6.96778e-18
      10294.9  6.99792e-18
      10297.4  7.02199e-18
      10300.0  7.04602e-18
      10302.5  7.09677e-18
      10305.1  7.09089e-18
      10307.6  6.97597e-18
      10310.2  6.90037e-18
      10312.7  6.86119e-18
      10315.3  6.87075e-18
      10317.8  6.83455e-18
      10320.4  6.79697e-18
      10322.9  6.75045e-18
      10325.4  6.73618e-18
      10328.0  6.73642e-18
      10330.5  6.67951e-18
      10333.1  6.62044e-18
      10335.6  7.98405e-18
      10338.2  7.86131e-18
      10340.7  6.33154e-18
      10343.3  7.62498e-18
      10345.8  8.95357e-18
      10348.3  7.94597e-18
      10350.9  7.23825e-18
      10353.4  8.20389e-18
      10356.0  8.40109e-18
      10358.5  7.69952e-18
      10361.1  7.82490e-18
      10363.6  7.71219e-18
      10366.2  8.84434e-18
      10368.7  5.71644e-18
      10371.3  1.37536e-18
      10373.8  2.80210e-18
      10376.3  3.52125e-18
      10378.9  7.10092e-18
      10381.4  5.28014e-18
      10384.0  4.45326e-18
      10386.5  5.22948e-18
      10389.1  6.33834e-18
      10391.6  6.95813e-18
      10394.2  3.56637e-18
      10396.7  3.56655e-18
