1.110000000000000000e+03 0.000000000000000000e+00
1.130000000000000000e+03 0.000000000000000000e+00
1.150000000000000000e+03 0.000000000000000000e+00
1.170000000000000000e+03 0.000000000000000000e+00
1.190000000000000000e+03 4.602309150152945373e-03
1.210000000000000000e+03 2.790945604468678815e-02
1.230000000000000000e+03 4.093312608059581498e-02
1.250000000000000000e+03 5.370537637983773677e-02
1.270000000000000000e+03 6.107348051602606853e-02
1.290000000000000000e+03 4.843237797579464515e-02
1.310000000000000000e+03 3.891223566963691871e-02
1.330000000000000000e+03 3.324217648623487009e-02
1.350000000000000000e+03 3.574723034978054270e-02
1.370000000000000000e+03 3.449783880835217281e-02
1.390000000000000000e+03 3.286452985769383606e-02
1.410000000000000000e+03 3.569278494480648822e-02
1.430000000000000000e+03 3.643713592233008974e-02
1.450000000000000000e+03 3.396018420002659688e-02
1.470000000000000000e+03 3.897208737864077399e-02
1.490000000000000000e+03 3.846478920069156676e-02
1.510000000000000000e+03 3.522463425987498037e-02
1.530000000000000000e+03 3.307290198164648809e-02
1.550000000000000000e+03 3.144437092698497416e-02
1.570000000000000000e+03 3.264628275036573352e-02
1.590000000000000000e+03 3.244268519749966134e-02
1.610000000000000000e+03 3.064160127676552464e-02
1.630000000000000000e+03 3.655831560047877876e-02
1.650000000000000000e+03 3.193961630535974844e-02
1.670000000000000000e+03 3.023534712062773966e-02
1.690000000000000000e+03 3.466600279292458148e-02
1.710000000000000000e+03 3.478830296581991721e-02
1.730000000000000000e+03 3.822079731347252651e-02
1.750000000000000000e+03 3.790999135523340224e-02
1.770000000000000000e+03 3.559625282617368686e-02
1.790000000000000000e+03 3.476558052932569864e-02
1.810000000000000000e+03 3.120602806224231571e-02
1.830000000000000000e+03 3.075313871525468465e-02
1.850000000000000000e+03 3.524768918739194096e-02
1.870000000000000000e+03 3.352560845857161659e-02
1.890000000000000000e+03 3.138266724298442722e-02
1.910000000000000000e+03 3.065556257481047084e-02
1.930000000000000000e+03 3.197922263598882570e-02
1.950000000000000000e+03 3.528870195504720669e-02
1.970000000000000000e+03 3.928137385290596251e-02
1.990000000000000000e+03 4.595509043755818118e-02
2.010000000000000000e+03 5.166586314669503743e-02
2.030000000000000000e+03 5.043035310546614691e-02
2.050000000000000000e+03 5.115523008378773662e-02
2.070000000000000000e+03 5.119635257348051360e-02
2.090000000000000000e+03 4.923107461098549797e-02
2.110000000000000000e+03 4.817483042957838857e-02
2.130000000000000000e+03 4.495065168240457154e-02
2.150000000000000000e+03 5.406074610985502765e-02
2.170000000000000000e+03 6.411488229817793871e-02
2.190000000000000000e+03 6.659960101077269656e-02
2.210000000000000000e+03 7.706848982577468865e-02
2.230000000000000000e+03 7.523747173826304813e-02
2.250000000000000000e+03 6.162823181274105361e-02
2.270000000000000000e+03 5.869674823779758022e-02
2.290000000000000000e+03 5.163789400186195172e-02
2.310000000000000000e+03 4.724560779358956408e-02
2.330000000000000000e+03 4.670852174491288422e-02
2.350000000000000000e+03 4.480331826040696158e-02
2.370000000000000000e+03 4.477447466418406352e-02
2.390000000000000000e+03 4.535748104801169689e-02
2.410000000000000000e+03 4.951899853703949084e-02
2.430000000000000000e+03 5.167844793190583264e-02
2.450000000000000000e+03 5.055336813406036828e-02
2.470000000000000000e+03 4.901741255486100762e-02
2.490000000000000000e+03 4.408957640643701437e-02
2.510000000000000000e+03 4.067181806091235696e-02
2.530000000000000000e+03 3.969039765926318797e-02
2.550000000000000000e+03 4.215922662588109798e-02
2.570000000000000000e+03 4.758484505918339491e-02
2.590000000000000000e+03 5.359669836414416438e-02
2.610000000000000000e+03 6.279282816863943073e-02
2.630000000000000000e+03 7.198984904907565485e-02
2.650000000000000000e+03 7.922183801037370465e-02
2.670000000000000000e+03 8.577128607527595427e-02
2.690000000000000000e+03 8.827035510041225663e-02
2.710000000000000000e+03 8.387608724564436791e-02
2.730000000000000000e+03 8.132159196701688186e-02
2.750000000000000000e+03 7.960895730815266413e-02
2.770000000000000000e+03 7.293760805958236781e-02
2.790000000000000000e+03 7.686892206410425588e-02
2.810000000000000000e+03 8.059662189120893327e-02
2.830000000000000000e+03 8.011197300172893943e-02
2.850000000000000000e+03 9.218678015693575201e-02
2.870000000000000000e+03 1.078718080861816725e-01
2.890000000000000000e+03 1.233802999069024825e-01
2.910000000000000000e+03 1.404204681473600058e-01
2.930000000000000000e+03 1.531748204548476766e-01
2.950000000000000000e+03 1.587323081526798296e-01
2.970000000000000000e+03 1.536562840803298025e-01
2.990000000000000000e+03 1.550896429046415281e-01
3.010000000000000000e+03 1.589524039100944364e-01
3.030000000000000000e+03 1.611417907966484764e-01
3.050000000000000000e+03 1.748804362282218028e-01
3.070000000000000000e+03 1.829810812608059500e-01
3.090000000000000000e+03 1.939654541827370293e-01
3.110000000000000000e+03 2.067878707274903027e-01
3.130000000000000000e+03 2.185732477723101030e-01
3.150000000000000000e+03 2.405256350578533486e-01
3.170000000000000000e+03 2.461905838542358949e-01
3.190000000000000000e+03 2.436312009575741233e-01
3.210000000000000000e+03 2.321389147493017335e-01
3.230000000000000000e+03 2.194013166644500357e-01
3.250000000000000000e+03 2.129235935629738008e-01
3.270000000000000000e+03 2.366269118233807200e-01
3.290000000000000000e+03 2.604671498869530200e-01
3.310000000000000000e+03 2.671565700226093409e-01
3.330000000000000000e+03 2.677620361750232547e-01
3.350000000000000000e+03 2.428915081792791253e-01
3.370000000000000000e+03 2.250021944407500918e-01
3.390000000000000000e+03 2.195842199760605906e-01
3.410000000000000000e+03 2.154834751961696993e-01
3.430000000000000000e+03 2.183045950259343004e-01
3.450000000000000000e+03 2.156869597020879825e-01
3.470000000000000000e+03 2.217715121691714031e-01
3.490000000000000000e+03 2.315214124218645808e-01
3.510000000000000000e+03 2.546516824045750860e-01
3.530000000000000000e+03 2.601251828700624213e-01
3.550000000000000000e+03 2.554243582923260703e-01
3.570000000000000000e+03 2.549651549408165629e-01
3.590000000000000000e+03 2.588062907301502680e-01
3.610000000000000000e+03 2.636004455379704070e-01
3.630000000000000000e+03 2.913048942678547193e-01
3.650000000000000000e+03 3.175526333289000469e-01
3.670000000000000000e+03 3.253013033648090579e-01
3.690000000000000000e+03 3.363985569889612615e-01
3.710000000000000000e+03 3.252110320521345299e-01
3.730000000000000000e+03 3.033283348849580285e-01
3.750000000000000000e+03 3.051000797978454249e-01
3.770000000000000000e+03 3.001364543157334364e-01
3.790000000000000000e+03 2.952804894267854752e-01
3.810000000000000000e+03 2.833915746774836597e-01
3.830000000000000000e+03 2.629259874983375100e-01
3.850000000000000000e+03 2.550791661125150211e-01
3.870000000000000000e+03 2.742396595291927142e-01
3.890000000000000000e+03 3.165439220641041995e-01
3.910000000000000000e+03 3.499404176087245188e-01
3.930000000000000000e+03 3.801080928314935492e-01
3.950000000000000000e+03 4.060445537970473473e-01
3.970000000000000000e+03 4.430472469743317321e-01
3.990000000000000000e+03 4.920346455645696615e-01
4.010000000000000000e+03 5.321666445005984736e-01
4.030000000000000000e+03 5.566408431972336146e-01
4.050000000000000000e+03 5.691327969144832633e-01
4.070000000000000000e+03 5.656906503524404828e-01
4.090000000000000000e+03 5.710596488894797984e-01
4.110000000000000000e+03 5.750906703019017518e-01
4.130000000000000000e+03 5.702236667109986668e-01
4.150000000000000000e+03 5.620697566165712145e-01
4.170000000000000000e+03 5.577030522675887614e-01
4.190000000000000000e+03 5.656052001595955891e-01
4.210000000000000000e+03 5.823643436627210512e-01
4.230000000000000000e+03 6.029692445803963574e-01
4.250000000000000000e+03 6.139844394201355859e-01
4.270000000000000000e+03 6.189926851974995037e-01
4.290000000000000000e+03 6.360336480915014246e-01
4.310000000000000000e+03 6.555682936560711660e-01
4.330000000000000000e+03 6.886796116504854126e-01
4.350000000000000000e+03 7.115116704348982690e-01
4.370000000000000000e+03 7.230502393935364092e-01
4.390000000000000000e+03 7.372608392073413119e-01
4.410000000000000000e+03 7.544854701423060472e-01
4.430000000000000000e+03 7.740818260406967521e-01
4.450000000000000000e+03 8.088176286740256238e-01
4.470000000000000000e+03 8.406671764862347906e-01
4.490000000000000000e+03 8.648455911690382525e-01
4.510000000000000000e+03 8.750640377709800743e-01
4.530000000000000000e+03 8.917520614443409377e-01
4.550000000000000000e+03 9.031088908099480506e-01
4.570000000000000000e+03 9.008147692512300519e-01
4.590000000000000000e+03 9.252797579465353861e-01
4.610000000000000000e+03 9.267933235802632286e-01
4.630000000000000000e+03 9.155314536507512813e-01
4.650000000000000000e+03 9.024629605000663579e-01
4.670000000000000000e+03 8.801655472802232261e-01
4.690000000000000000e+03 8.693468878840270309e-01
4.710000000000000000e+03 8.758938023673358275e-01
4.730000000000000000e+03 8.883052267588773532e-01
4.750000000000000000e+03 9.097207740391007880e-01
4.770000000000000000e+03 9.304445404974064360e-01
4.790000000000000000e+03 9.438580263332888576e-01
4.810000000000000000e+03 9.488469543822314334e-01
4.830000000000000000e+03 9.342110985503391252e-01
4.850000000000000000e+03 9.206106197632663024e-01
4.870000000000000000e+03 9.129081327304160443e-01
4.890000000000000000e+03 9.116571685064502883e-01
4.910000000000000000e+03 9.277179478654073996e-01
4.930000000000000000e+03 9.485541627876047377e-01
4.950000000000000000e+03 9.522353371458969207e-01
4.970000000000000000e+03 9.479682471073280770e-01
4.990000000000000000e+03 9.348157999734005852e-01
5.010000000000000000e+03 9.158102141242184802e-01
5.030000000000000000e+03 9.115131333953983006e-01
5.050000000000000000e+03 9.078144367602073439e-01
5.070000000000000000e+03 9.083607527596754272e-01
5.090000000000000000e+03 9.105773374118898422e-01
5.110000000000000000e+03 9.029655206809416024e-01
5.130000000000000000e+03 8.953036640510706468e-01
5.150000000000000000e+03 8.898145697566165468e-01
5.170000000000000000e+03 8.888872855432903286e-01
5.190000000000000000e+03 8.992847120627741608e-01
5.210000000000000000e+03 9.222352373985900353e-01
5.230000000000000000e+03 9.416249833754486431e-01
5.250000000000000000e+03 9.609402181141107890e-01
5.270000000000000000e+03 9.904986700359088569e-01
5.290000000000000000e+03 1.012899122223699822e+00
5.310000000000000000e+03 1.022386088575608420e+00
5.330000000000000000e+03 1.053266691049341564e+00
5.350000000000000000e+03 1.058744846389147343e+00
5.370000000000000000e+03 1.047120295252027988e+00
5.390000000000000000e+03 1.055168173959302846e+00
5.410000000000000000e+03 1.049845192179811093e+00
5.430000000000000000e+03 1.042884791860619664e+00
5.450000000000000000e+03 1.044928381433701148e+00
5.470000000000000000e+03 1.041675322516292024e+00
5.490000000000000000e+03 1.033506084585716023e+00
5.510000000000000000e+03 1.036869031786141537e+00
5.530000000000000000e+03 1.049656969011836471e+00
5.550000000000000000e+03 1.060501728953318068e+00
5.570000000000000000e+03 1.069014130868466417e+00
5.590000000000000000e+03 1.071951024072349767e+00
5.610000000000000000e+03 1.064585549940151310e+00
5.630000000000000000e+03 1.062137917276233301e+00
5.650000000000000000e+03 1.068486800106397183e+00
5.670000000000000000e+03 1.069167675222768787e+00
5.690000000000000000e+03 1.067956410426918357e+00
5.710000000000000000e+03 1.066510972203750462e+00
5.730000000000000000e+03 1.065421565367735246e+00
5.750000000000000000e+03 1.064813572283548337e+00
5.770000000000000000e+03 1.076070654342332622e+00
5.790000000000000000e+03 1.090895198829631152e+00
5.810000000000000000e+03 1.094389413485835849e+00
5.830000000000000000e+03 1.095505353105466151e+00
5.850000000000000000e+03 1.087082557520946624e+00
5.870000000000000000e+03 1.067500465487431827e+00
5.890000000000000000e+03 1.056527829498603355e+00
5.910000000000000000e+03 1.050620793988562340e+00
5.930000000000000000e+03 1.058346488894799542e+00
5.950000000000000000e+03 1.065537039499933503e+00
5.970000000000000000e+03 1.071103969942811540e+00
5.990000000000000000e+03 1.073433003058917201e+00
6.010000000000000000e+03 1.085285410293922004e+00
6.030000000000000000e+03 1.100570621093230450e+00
6.050000000000000000e+03 1.114356264130868190e+00
6.070000000000000000e+03 1.124315101742252798e+00
6.090000000000000000e+03 1.124644500598483976e+00
6.110000000000000000e+03 1.109622256949062358e+00
6.130000000000000000e+03 1.091072350046548456e+00
6.150000000000000000e+03 1.079489094294453944e+00
6.170000000000000000e+03 1.068030855166910209e+00
6.190000000000000000e+03 1.065722037504987174e+00
6.210000000000000000e+03 1.066708139380236897e+00
6.230000000000000000e+03 1.071881267455778719e+00
6.250000000000000000e+03 1.073107826838675116e+00
6.270000000000000000e+03 1.069648856230881684e+00
6.290000000000000000e+03 1.069837079398856083e+00
6.310000000000000000e+03 1.073585948929378642e+00
6.330000000000000000e+03 1.075450093097486182e+00
6.350000000000000000e+03 1.087069889612980456e+00
6.370000000000000000e+03 1.096887850778029083e+00
6.390000000000000000e+03 1.097989759276499333e+00
6.410000000000000000e+03 1.101965487431839197e+00
6.430000000000000000e+03 1.106519018486500805e+00
6.450000000000000000e+03 1.112598849581061256e+00
6.470000000000000000e+03 1.110122655938289515e+00
6.490000000000000000e+03 1.113810114376911686e+00
6.510000000000000000e+03 1.114851974996674988e+00
6.530000000000000000e+03 1.102309083654741340e+00
6.550000000000000000e+03 1.109254854368932008e+00
6.570000000000000000e+03 1.109595358425322198e+00
6.590000000000000000e+03 1.106036241521478614e+00
6.610000000000000000e+03 1.105049773906104482e+00
6.630000000000000000e+03 1.103054960766059134e+00
6.650000000000000000e+03 1.097563904774571109e+00
6.670000000000000000e+03 1.088293689320388280e+00
6.690000000000000000e+03 1.088695870461497517e+00
6.710000000000000000e+03 1.084376745577869228e+00
6.730000000000000000e+03 1.078683169304428535e+00
6.750000000000000000e+03 1.078233574943476603e+00
6.770000000000000000e+03 1.073543755818592738e+00
6.790000000000000000e+03 1.073306357228354768e+00
6.810000000000000000e+03 1.076897526266790805e+00
6.830000000000000000e+03 1.077395764064370098e+00
6.850000000000000000e+03 1.074855898390743025e+00
6.870000000000000000e+03 1.073547845458172389e+00
6.890000000000000000e+03 1.081198364144168034e+00
6.910000000000000000e+03 1.090285643037637753e+00
6.930000000000000000e+03 1.106678281686394483e+00
6.950000000000000000e+03 1.114619264529857379e+00
6.970000000000000000e+03 1.127866637850778009e+00
6.990000000000000000e+03 1.139750764729352106e+00
7.010000000000000000e+03 1.147478720574544253e+00
7.030000000000000000e+03 1.151391075940949360e+00
7.050000000000000000e+03 1.137489726027397063e+00
7.070000000000000000e+03 1.116842166511504031e+00
7.090000000000000000e+03 1.092886853304960715e+00
7.110000000000000000e+03 1.077149221971006821e+00
7.130000000000000000e+03 1.068081693044287794e+00
7.150000000000000000e+03 1.066246209602340400e+00
7.170000000000000000e+03 1.067765394334352802e+00
7.190000000000000000e+03 1.063385889080994628e+00
7.210000000000000000e+03 1.058249667508977199e+00
7.230000000000000000e+03 1.059315367735070845e+00
7.250000000000000000e+03 1.075678082191780627e+00
7.270000000000000000e+03 1.076645531320654214e+00
7.290000000000000000e+03 1.085937857427849096e+00
7.310000000000000000e+03 1.089201090570554475e+00
7.330000000000000000e+03 1.070431107860087661e+00
7.350000000000000000e+03 1.080226958372123791e+00
7.370000000000000000e+03 1.088068991887219061e+00
7.390000000000000000e+03 1.097904275834552301e+00
7.410000000000000000e+03 1.115493084186726769e+00
7.430000000000000000e+03 1.129237697832158327e+00
7.450000000000000000e+03 1.136968845591168842e+00
7.470000000000000000e+03 1.147907766990291067e+00
7.490000000000000000e+03 1.164180808618167084e+00
7.510000000000000000e+03 1.163780190184865004e+00
7.530000000000000000e+03 1.150819523872855354e+00
7.550000000000000000e+03 1.130303331560047919e+00
7.570000000000000000e+03 1.095212761005452728e+00
7.590000000000000000e+03 1.061468014363612156e+00
7.610000000000000000e+03 1.045038369464024175e+00
7.630000000000000000e+03 1.025362581460300460e+00
7.650000000000000000e+03 1.011578600877776291e+00
7.670000000000000000e+03 1.000424258545019374e+00
7.690000000000000000e+03 9.908802367336081440e-01
7.710000000000000000e+03 9.925933967282881687e-01
7.730000000000000000e+03 9.971279092964486779e-01
7.750000000000000000e+03 1.002441581327303988e+00
7.770000000000000000e+03 1.010365839872323424e+00
7.790000000000000000e+03 1.015836015427583394e+00
7.810000000000000000e+03 1.017248370793988332e+00
7.830000000000000000e+03 1.017501695704215781e+00
7.850000000000000000e+03 1.016116272110652696e+00
7.870000000000000000e+03 1.008035244048410606e+00
7.890000000000000000e+03 9.980604136188321318e-01
7.910000000000000000e+03 9.837981779491953294e-01
7.930000000000000000e+03 9.779749301768850822e-01
7.950000000000000000e+03 9.787490025269317551e-01
7.970000000000000000e+03 9.857503989892272278e-01
7.990000000000000000e+03 1.003483175954249074e+00
8.010000000000000000e+03 1.018098650086447510e+00
8.030000000000000000e+03 1.027786806756217475e+00
8.050000000000000000e+03 1.034843496475595037e+00
8.070000000000000000e+03 1.027774005851842087e+00
8.090000000000000000e+03 1.018861783481845862e+00
8.110000000000000000e+03 1.014374650884426021e+00
8.130000000000000000e+03 1.019882896661789884e+00
8.150000000000000000e+03 1.033233375448862734e+00
8.170000000000000000e+03 1.036220907035509953e+00
8.190000000000000000e+03 1.041724431440350873e+00
8.210000000000000000e+03 1.040850512036174846e+00
8.230000000000000000e+03 1.033994779890942795e+00
8.250000000000000000e+03 1.037079099614310218e+00
8.270000000000000000e+03 1.030205944939486695e+00
8.290000000000000000e+03 1.018343995212129149e+00
8.310000000000000000e+03 1.005381666445006150e+00
8.330000000000000000e+03 9.974445072483042463e-01
8.350000000000000000e+03 9.916069623620160645e-01
8.370000000000000000e+03 9.909372589440083035e-01
8.390000000000000000e+03 9.934103271711661742e-01
8.410000000000000000e+03 9.853435629737996582e-01
8.430000000000000000e+03 9.781205612448464759e-01
8.450000000000000000e+03 9.692461098550336773e-01
8.470000000000000000e+03 9.514578733874184957e-01
8.490000000000000000e+03 9.452012235669636775e-01
8.510000000000000000e+03 9.432242651948397061e-01
8.530000000000000000e+03 9.483402713126742878e-01
8.550000000000000000e+03 9.637782617369329285e-01
8.570000000000000000e+03 9.786004122888680712e-01
8.590000000000000000e+03 9.953104136188322126e-01
8.610000000000000000e+03 1.008860520015959272e+00
8.630000000000000000e+03 1.018080994813139739e+00
8.650000000000000000e+03 1.024254023141375036e+00
8.670000000000000000e+03 1.027289998670035676e+00
8.690000000000000000e+03 1.029782517622024107e+00
8.710000000000000000e+03 1.030884858358824374e+00
8.730000000000000000e+03 1.035557986434366251e+00
8.750000000000000000e+03 1.042834685463492450e+00
8.770000000000000000e+03 1.043086048676685751e+00
8.790000000000000000e+03 1.048129006516824058e+00
8.810000000000000000e+03 1.054257846788136499e+00
8.830000000000000000e+03 1.050172961830030394e+00
8.850000000000000000e+03 1.039200724830429579e+00
8.870000000000000000e+03 1.032105964888948124e+00
8.890000000000000000e+03 1.025087312142572094e+00
8.910000000000000000e+03 1.022644201356563531e+00
8.930000000000000000e+03 1.029713625482111761e+00
8.950000000000000000e+03 1.037288070222103675e+00
8.970000000000000000e+03 1.040567030190184816e+00
8.990000000000000000e+03 1.037550804628274870e+00
9.010000000000000000e+03 1.048651216917142914e+00
9.030000000000000000e+03 1.060435729485303735e+00
9.050000000000000000e+03 1.063502693177283964e+00
9.070000000000000000e+03 1.070241188987897107e+00
9.090000000000000000e+03 1.067690450857826656e+00
9.110000000000000000e+03 1.056437990424258455e+00
9.130000000000000000e+03 1.043866637850777934e+00
9.150000000000000000e+03 1.038010041228886626e+00
9.170000000000000000e+03 1.030928082191780781e+00
9.190000000000000000e+03 1.018030456177683174e+00
9.210000000000000000e+03 1.009444374251895260e+00
9.230000000000000000e+03 1.000257946535443310e+00
9.250000000000000000e+03 9.965389679478653395e-01
9.270000000000000000e+03 1.000910460167575344e+00
9.290000000000000000e+03 1.003133262401915138e+00
9.310000000000000000e+03 1.005340404309083446e+00
9.330000000000000000e+03 9.913884825109720023e-01
9.350000000000000000e+03 9.852753358159328512e-01
9.370000000000000000e+03 9.761255486101872991e-01
9.390000000000000000e+03 9.623873520414946148e-01
9.410000000000000000e+03 9.566241853969942310e-01
9.430000000000000000e+03 9.511649820454847193e-01
9.450000000000000000e+03 9.563803032318127784e-01
9.470000000000000000e+03 9.731980649022475838e-01
9.490000000000000000e+03 9.915800638382762378e-01
9.510000000000000000e+03 1.000394234605665345e+00
9.530000000000000000e+03 9.987506982311474824e-01
9.550000000000000000e+03 9.967875714855695124e-01
9.570000000000000000e+03 9.911984971405769507e-01
9.590000000000000000e+03 9.899318060912353223e-01
9.610000000000000000e+03 9.894410160925652953e-01
9.630000000000000000e+03 9.883532717116636501e-01
9.650000000000000000e+03 9.915927317462427393e-01
9.670000000000000000e+03 9.884752294188056121e-01
9.690000000000000000e+03 9.916022742385954825e-01
9.710000000000000000e+03 9.958437624684132183e-01
9.730000000000000000e+03 9.914978055592497119e-01
9.750000000000000000e+03 9.931792126612580818e-01
9.770000000000000000e+03 9.923765793323577888e-01
9.790000000000000000e+03 9.892733076206942089e-01
9.810000000000000000e+03 9.911461963026996225e-01
9.830000000000000000e+03 9.917621359223299793e-01
9.850000000000000000e+03 9.995091102540227812e-01
9.870000000000000000e+03 1.005565267987764244e+00
9.890000000000000000e+03 1.006024404841069364e+00
9.910000000000000000e+03 1.000000000000000000e+00
9.930000000000000000e+03 9.995812940550605763e-01
9.950000000000000000e+03 9.996119497273571186e-01
9.970000000000000000e+03 9.996425389014493845e-01
9.990000000000000000e+03 9.996732278228488422e-01
1.001000000000000000e+04 9.997039167442479668e-01
1.003000000000000000e+04 9.997345059183398996e-01
1.005000000000000000e+04 9.997651615906369971e-01
1.007000000000000000e+04 9.997958172629339835e-01
1.009000000000000000e+04 9.998264396861282766e-01
1.011000000000000000e+04 9.998570953584252630e-01
1.013000000000000000e+04 9.998877510307222494e-01
1.015000000000000000e+04 9.999184067030187917e-01
1.017000000000000000e+04 9.999490291262135289e-01
1.019000000000000000e+04 9.999796847985105153e-01
1.021000000000000000e+04 1.000010307221704808e+00
1.023000000000000000e+04 1.000040962894001906e+00
1.025000000000000000e+04 1.000071618566298559e+00
1.027000000000000000e+04 1.000102240989493074e+00
1.029000000000000000e+04 1.000132863412687589e+00
1.031000000000000000e+04 1.000163585583189185e+00
1.033000000000000000e+04 1.000194174757281340e+00
1.035000000000000000e+04 1.000224830429577993e+00
1.037000000000000000e+04 1.000255486101875313e+00
1.039000000000000000e+04 1.000286108525069828e+00
1.041000000000000000e+04 1.000316730948264343e+00
1.043000000000000000e+04 1.000347419869663579e+00
1.045000000000000000e+04 1.000378042292858094e+00
1.047000000000000000e+04 1.000408697965154969e+00
1.049000000000000000e+04 1.000439320388349262e+00
1.051000000000000000e+04 1.000470009309748498e+00
1.053000000000000000e+04 1.000500631732943013e+00
1.055000000000000000e+04 1.000531254156137528e+00
1.057000000000000000e+04 1.000561943077536764e+00
1.059000000000000000e+04 1.000592532251629141e+00
1.061000000000000000e+04 1.000623187923925794e+00
1.063000000000000000e+04 1.000653843596222670e+00
1.065000000000000000e+04 1.000684499268519545e+00
1.067000000000000000e+04 1.000715154940816420e+00
1.069000000000000000e+04 1.000745744114908797e+00
1.071000000000000000e+04 1.000776433036307811e+00
1.073000000000000000e+04 1.000807088708604464e+00
1.075000000000000000e+04 1.000837677882697063e+00
1.077000000000000000e+04 1.000868366804096077e+00
1.079000000000000000e+04 1.000899022476392952e+00
1.081000000000000000e+04 1.000929644899587467e+00
1.083000000000000000e+04 1.000960267322782205e+00
1.085000000000000000e+04 1.000990956244181218e+00
1.087000000000000000e+04 1.001021578667375955e+00
1.089000000000000000e+04 1.001052201090570692e+00
1.091000000000000000e+04 1.001082856762867346e+00
1.093000000000000000e+04 1.001113512435164221e+00
1.095000000000000000e+04 1.001144168107460874e+00
1.097000000000000000e+04 1.001174823779757750e+00
1.099000000000000000e+04 1.001205446202952487e+00
1.101000000000000000e+04 1.001236068626147002e+00
1.103000000000000000e+04 1.001266757547546016e+00
1.105000000000000000e+04 1.001297379970740753e+00
1.107000000000000000e+04 1.001328002393935268e+00
1.109000000000000000e+04 1.001358658066232366e+00
1.111000000000000000e+04 1.001389313738529019e+00
1.113000000000000000e+04 1.001419936161723534e+00
1.115000000000000000e+04 1.001450625083122548e+00
1.117000000000000000e+04 1.001481247506317285e+00
1.119000000000000000e+04 1.001511869929511578e+00
1.121000000000000000e+04 1.001542525601808675e+00
1.123000000000000000e+04 1.001573181274105551e+00
1.125000000000000000e+04 1.001603803697299844e+00
1.127000000000000000e+04 1.001634459369596941e+00
1.129000000000000000e+04 1.001665148290995955e+00
1.131000000000000000e+04 1.001695737465088332e+00
1.133000000000000000e+04 1.001726393137385207e+00
1.135000000000000000e+04 1.001757048809682304e+00
1.137000000000000000e+04 1.001787671232876598e+00
1.139000000000000000e+04 1.001818326905173473e+00
1.141000000000000000e+04 1.001848949328367988e+00
1.143000000000000000e+04 1.001879638249767002e+00
1.145000000000000000e+04 1.001910293922064099e+00
1.147000000000000000e+04 1.001940883096156254e+00
1.149000000000000000e+04 1.001971572017555490e+00
1.151000000000000000e+04 1.002002194440750005e+00
1.153000000000000000e+04 1.002032816863944520e+00
1.155000000000000000e+04 1.002063472536241395e+00
1.157000000000000000e+04 1.002094161457640631e+00
1.159000000000000000e+04 1.002124783880835146e+00
1.161000000000000000e+04 1.002155406304029661e+00
1.163000000000000000e+04 1.002186061976326537e+00
1.165000000000000000e+04 1.002216717648623190e+00
1.167000000000000000e+04 1.002247340071817927e+00
1.169000000000000000e+04 1.002277995744114802e+00
1.171000000000000000e+04 1.002308651416411678e+00
1.173000000000000000e+04 1.002339240590503833e+00
1.175000000000000000e+04 1.002369929511902846e+00
1.177000000000000000e+04 1.002400585184199944e+00
1.179000000000000000e+04 1.002431207607394681e+00
1.181000000000000000e+04 1.002461863279691112e+00
1.183000000000000000e+04 1.002492485702885849e+00
1.185000000000000000e+04 1.002523141375182947e+00
1.187000000000000000e+04 1.002553797047479378e+00
1.189000000000000000e+04 1.002584452719776253e+00
1.191000000000000000e+04 1.002615075142971213e+00
1.193000000000000000e+04 1.002645730815267644e+00
1.195000000000000000e+04 1.002676386487564519e+00
1.197000000000000000e+04 1.002707008910759479e+00
1.199000000000000000e+04 1.002564974287360799e+00
