1.110000000000000000e+03 0.000000000000000000e+00
1.130000000000000000e+03 0.000000000000000000e+00
1.150000000000000000e+03 0.000000000000000000e+00
1.170000000000000000e+03 0.000000000000000000e+00
1.190000000000000000e+03 2.789670143256811098e-03
1.210000000000000000e+03 1.725489947156384068e-02
1.230000000000000000e+03 3.933289416242768261e-02
1.250000000000000000e+03 6.979255868448155931e-02
1.270000000000000000e+03 1.129203957339178499e-01
1.290000000000000000e+03 1.364079451464151882e-01
1.310000000000000000e+03 1.685043907088424886e-01
1.330000000000000000e+03 1.984643559875659824e-01
1.350000000000000000e+03 2.281800228325785163e-01
1.370000000000000000e+03 2.558268007815210909e-01
1.390000000000000000e+03 2.709844906810057741e-01
1.410000000000000000e+03 2.823122225079244263e-01
1.430000000000000000e+03 2.811351475369575081e-01
1.450000000000000000e+03 2.942853001311512284e-01
1.470000000000000000e+03 3.030698261735703669e-01
1.490000000000000000e+03 3.067884911986549779e-01
1.510000000000000000e+03 3.040628617601089934e-01
1.530000000000000000e+03 2.756083263356819968e-01
1.550000000000000000e+03 2.531464964271584739e-01
1.570000000000000000e+03 2.349809166854014419e-01
1.590000000000000000e+03 1.988452528841172517e-01
1.610000000000000000e+03 1.734410240714590046e-01
1.630000000000000000e+03 1.668246466282245766e-01
1.650000000000000000e+03 1.522306081193683380e-01
1.670000000000000000e+03 1.555074786004204956e-01
1.690000000000000000e+03 1.785287666945341856e-01
1.710000000000000000e+03 1.955780537034925437e-01
1.730000000000000000e+03 2.107758060224888541e-01
1.750000000000000000e+03 2.091025402513061182e-01
1.770000000000000000e+03 2.075932865017729168e-01
1.790000000000000000e+03 1.956832762211113408e-01
1.810000000000000000e+03 1.863673595380180570e-01
1.830000000000000000e+03 1.918527872657056765e-01
1.850000000000000000e+03 2.063324166756301259e-01
1.870000000000000000e+03 2.027059944674314274e-01
1.890000000000000000e+03 1.875045798262366670e-01
1.910000000000000000e+03 1.988703813385295505e-01
1.930000000000000000e+03 1.787587620673900812e-01
1.950000000000000000e+03 1.589069060779006726e-01
1.970000000000000000e+03 1.645476670469019076e-01
1.990000000000000000e+03 1.563032565892177872e-01
2.010000000000000000e+03 1.633868109313854899e-01
2.030000000000000000e+03 1.930643542333444207e-01
2.050000000000000000e+03 1.942283648700822152e-01
2.070000000000000000e+03 1.957789120717987608e-01
2.090000000000000000e+03 1.905238721086312537e-01
2.110000000000000000e+03 1.822061382674354246e-01
2.130000000000000000e+03 1.881819863296899376e-01
2.150000000000000000e+03 1.869472297840968911e-01
2.170000000000000000e+03 1.876836566102069170e-01
2.190000000000000000e+03 1.813158169694468469e-01
2.210000000000000000e+03 1.961548540618461567e-01
2.230000000000000000e+03 2.094892076135062287e-01
2.250000000000000000e+03 2.096405630804992481e-01
2.270000000000000000e+03 2.128574284127572602e-01
2.290000000000000000e+03 1.890027158119530204e-01
2.310000000000000000e+03 1.661467707935652127e-01
2.330000000000000000e+03 1.609475350801994886e-01
2.350000000000000000e+03 1.632105886044228904e-01
2.370000000000000000e+03 1.731200169143889411e-01
2.390000000000000000e+03 1.740457380956447753e-01
2.410000000000000000e+03 1.761164350709513438e-01
2.430000000000000000e+03 1.763648574641127065e-01
2.450000000000000000e+03 1.714769960771605484e-01
2.470000000000000000e+03 1.658187390563119201e-01
2.490000000000000000e+03 1.552347279240834377e-01
2.510000000000000000e+03 1.506652500558196550e-01
2.530000000000000000e+03 1.427551342141064328e-01
2.550000000000000000e+03 1.473618123509200517e-01
2.570000000000000000e+03 1.564415400280275148e-01
2.590000000000000000e+03 1.631990092033541451e-01
2.610000000000000000e+03 1.774229531273538718e-01
2.630000000000000000e+03 1.917307688460715698e-01
2.650000000000000000e+03 2.050493882613956265e-01
2.670000000000000000e+03 2.143949882197867529e-01
2.690000000000000000e+03 2.192022477425554228e-01
2.710000000000000000e+03 2.134057380587137676e-01
2.730000000000000000e+03 2.070443151757553057e-01
2.750000000000000000e+03 1.946313895789083814e-01
2.770000000000000000e+03 1.761431792557453802e-01
2.790000000000000000e+03 1.803085629555494229e-01
2.810000000000000000e+03 1.938729888196074336e-01
2.830000000000000000e+03 2.121823916471971272e-01
2.850000000000000000e+03 2.465703506704280956e-01
2.870000000000000000e+03 2.754043365280170463e-01
2.890000000000000000e+03 2.883657333438586767e-01
2.910000000000000000e+03 3.014216349991206134e-01
2.930000000000000000e+03 3.141078729309610962e-01
2.950000000000000000e+03 3.221359447844915902e-01
2.970000000000000000e+03 3.224016016350575442e-01
2.990000000000000000e+03 3.300739435162202140e-01
3.010000000000000000e+03 3.463872961121373106e-01
3.030000000000000000e+03 3.491648058838438540e-01
3.050000000000000000e+03 3.569573196356328193e-01
3.070000000000000000e+03 3.760299396378517511e-01
3.090000000000000000e+03 3.797476352247072806e-01
3.110000000000000000e+03 4.000576892685804298e-01
3.130000000000000000e+03 4.235299431001311454e-01
3.150000000000000000e+03 4.341287497062832901e-01
3.170000000000000000e+03 4.502218090055888355e-01
3.190000000000000000e+03 4.431679148568563043e-01
3.210000000000000000e+03 4.188524805846913224e-01
3.230000000000000000e+03 4.055170883492144607e-01
3.250000000000000000e+03 3.789349305366733756e-01
3.270000000000000000e+03 3.717755061121541527e-01
3.290000000000000000e+03 3.776035225384386518e-01
3.310000000000000000e+03 3.757532958206902252e-01
3.330000000000000000e+03 3.777397824672941717e-01
3.350000000000000000e+03 3.710530284250060373e-01
3.370000000000000000e+03 3.641779571597552612e-01
3.390000000000000000e+03 3.613601387620027916e-01
3.410000000000000000e+03 3.572145516063514603e-01
3.430000000000000000e+03 3.566360585780741776e-01
3.450000000000000000e+03 3.587815330942359937e-01
3.470000000000000000e+03 3.659417115262666442e-01
3.490000000000000000e+03 3.721214185989648593e-01
3.510000000000000000e+03 3.760229996911647610e-01
3.530000000000000000e+03 3.753272123311312547e-01
3.550000000000000000e+03 3.661146100650155000e-01
3.570000000000000000e+03 3.691566533699750519e-01
3.590000000000000000e+03 3.766377389376711071e-01
3.610000000000000000e+03 3.901662648114389564e-01
3.630000000000000000e+03 4.162806225147566153e-01
3.650000000000000000e+03 4.290518170888569793e-01
3.670000000000000000e+03 4.396226946412686853e-01
3.690000000000000000e+03 4.481621374666486801e-01
3.710000000000000000e+03 4.473539645176376478e-01
3.730000000000000000e+03 4.367784705927069133e-01
3.750000000000000000e+03 4.425115436241817690e-01
3.770000000000000000e+03 4.393431732852369764e-01
3.790000000000000000e+03 4.356705411881219847e-01
3.810000000000000000e+03 4.325944213600171895e-01
3.830000000000000000e+03 4.342211540962073735e-01
3.850000000000000000e+03 4.334589909933033725e-01
3.870000000000000000e+03 4.385979368815696167e-01
3.890000000000000000e+03 4.710288771027769661e-01
3.910000000000000000e+03 4.844979133226818835e-01
3.930000000000000000e+03 5.048920468980362397e-01
3.950000000000000000e+03 5.306031644618103282e-01
3.970000000000000000e+03 5.696090501828929842e-01
3.990000000000000000e+03 6.242085806362561717e-01
4.010000000000000000e+03 6.709475058431736416e-01
4.030000000000000000e+03 7.086278771349376893e-01
4.050000000000000000e+03 7.201578060781931301e-01
4.070000000000000000e+03 7.071695650561528046e-01
4.090000000000000000e+03 6.999849506255878540e-01
4.110000000000000000e+03 7.031211602359828117e-01
4.130000000000000000e+03 7.067556303202733314e-01
4.150000000000000000e+03 7.191135056748297893e-01
4.170000000000000000e+03 7.333767118471044011e-01
4.190000000000000000e+03 7.406640405662198168e-01
4.210000000000000000e+03 7.484642482722071444e-01
4.230000000000000000e+03 7.554949836188021850e-01
4.250000000000000000e+03 7.569935350780453431e-01
4.270000000000000000e+03 7.364726820770413074e-01
4.290000000000000000e+03 7.311015326510643675e-01
4.310000000000000000e+03 7.292036649689187522e-01
4.330000000000000000e+03 7.405540170211810658e-01
4.350000000000000000e+03 7.569422164035412015e-01
4.370000000000000000e+03 7.688348383477140446e-01
4.390000000000000000e+03 7.830283372949502496e-01
4.410000000000000000e+03 7.891945799478012891e-01
4.430000000000000000e+03 7.995227132452499275e-01
4.450000000000000000e+03 8.335850025751665449e-01
4.470000000000000000e+03 8.584730209187844130e-01
4.490000000000000000e+03 8.809833765964379948e-01
4.510000000000000000e+03 8.918355451143469281e-01
4.530000000000000000e+03 9.011562320490431599e-01
4.550000000000000000e+03 9.105611677822130767e-01
4.570000000000000000e+03 9.180939336402604845e-01
4.590000000000000000e+03 9.471734643521405594e-01
4.610000000000000000e+03 9.603262790544869754e-01
4.630000000000000000e+03 9.685258029833769822e-01
4.650000000000000000e+03 9.633490028404541050e-01
4.670000000000000000e+03 9.531382023445326146e-01
4.690000000000000000e+03 9.529036906205620161e-01
4.710000000000000000e+03 9.557246789274443932e-01
4.730000000000000000e+03 9.582270605909666283e-01
4.750000000000000000e+03 9.673021565076467265e-01
4.770000000000000000e+03 9.773483063837200557e-01
4.790000000000000000e+03 9.833495906585549839e-01
4.810000000000000000e+03 9.877791539697187151e-01
4.830000000000000000e+03 9.780811555211277319e-01
4.850000000000000000e+03 9.501300201320005412e-01
4.870000000000000000e+03 9.377832240714898404e-01
4.890000000000000000e+03 9.342328489065891972e-01
4.910000000000000000e+03 9.373984494220225505e-01
4.930000000000000000e+03 9.595643467702089646e-01
4.950000000000000000e+03 9.579961650254692485e-01
4.970000000000000000e+03 9.491775086022253838e-01
4.990000000000000000e+03 9.454367850104536952e-01
5.010000000000000000e+03 9.376951282959169465e-01
5.030000000000000000e+03 9.462024873322890661e-01
5.050000000000000000e+03 9.519510252117029392e-01
5.070000000000000000e+03 9.580878000199736233e-01
5.090000000000000000e+03 9.629936960355670594e-01
5.110000000000000000e+03 9.578679837485222226e-01
5.130000000000000000e+03 9.493288486813100668e-01
5.150000000000000000e+03 9.412631226159323683e-01
5.170000000000000000e+03 9.367546193346916183e-01
5.190000000000000000e+03 9.380480499750022405e-01
5.210000000000000000e+03 9.494066345582571342e-01
5.230000000000000000e+03 9.544981087491184457e-01
5.250000000000000000e+03 9.584126387662346147e-01
5.270000000000000000e+03 9.763481692774562681e-01
5.290000000000000000e+03 9.878157771917037699e-01
5.310000000000000000e+03 9.959897571926547011e-01
5.330000000000000000e+03 1.019243733543593544e+00
5.350000000000000000e+03 1.018807717159164516e+00
5.370000000000000000e+03 1.018650375795804752e+00
5.390000000000000000e+03 1.027512964697522291e+00
5.410000000000000000e+03 1.029491234201042271e+00
5.430000000000000000e+03 1.034285644820299499e+00
5.450000000000000000e+03 1.032836026909758953e+00
5.470000000000000000e+03 1.032785708449300621e+00
5.490000000000000000e+03 1.028963890580276486e+00
5.510000000000000000e+03 1.025743047473697933e+00
5.530000000000000000e+03 1.027706006008362705e+00
5.550000000000000000e+03 1.026698251887442570e+00
5.570000000000000000e+03 1.021162221022991146e+00
5.590000000000000000e+03 1.029982493176616609e+00
5.610000000000000000e+03 1.029293576517682718e+00
5.630000000000000000e+03 1.027589673420881367e+00
5.650000000000000000e+03 1.042006835616668292e+00
5.670000000000000000e+03 1.043193858870413715e+00
5.690000000000000000e+03 1.049814429518686199e+00
5.710000000000000000e+03 1.068759945397546041e+00
5.730000000000000000e+03 1.075321657296199884e+00
5.750000000000000000e+03 1.080993178694086732e+00
5.770000000000000000e+03 1.090028189109392587e+00
5.790000000000000000e+03 1.084953872436393629e+00
5.810000000000000000e+03 1.093849314522538974e+00
5.830000000000000000e+03 1.099803204039510485e+00
5.850000000000000000e+03 1.101290676204707886e+00
5.870000000000000000e+03 1.094757585815672396e+00
5.890000000000000000e+03 1.080633717153932638e+00
5.910000000000000000e+03 1.070394218208850834e+00
5.930000000000000000e+03 1.059696159593537690e+00
5.950000000000000000e+03 1.056231956715660170e+00
5.970000000000000000e+03 1.049410419983722864e+00
5.990000000000000000e+03 1.034350043216940795e+00
6.010000000000000000e+03 1.027992836620883033e+00
6.030000000000000000e+03 1.031982844328686477e+00
6.050000000000000000e+03 1.031000941893873035e+00
6.070000000000000000e+03 1.038233258840468798e+00
6.090000000000000000e+03 1.047370675786156724e+00
6.110000000000000000e+03 1.036602756066721476e+00
6.130000000000000000e+03 1.025347655167436756e+00
6.150000000000000000e+03 1.012938307259291904e+00
6.170000000000000000e+03 1.006981109342014902e+00
6.190000000000000000e+03 9.954584896552478579e-01
6.210000000000000000e+03 9.937767451465383539e-01
6.230000000000000000e+03 1.007123986071480903e+00
6.250000000000000000e+03 1.012381495793946096e+00
6.270000000000000000e+03 1.031609148973264833e+00
6.290000000000000000e+03 1.050426252756551548e+00
6.310000000000000000e+03 1.061659348946828674e+00
6.330000000000000000e+03 1.065081235076614119e+00
6.350000000000000000e+03 1.070599031269614754e+00
6.370000000000000000e+03 1.078076862294684801e+00
6.390000000000000000e+03 1.082220672146916529e+00
6.410000000000000000e+03 1.088097391303277428e+00
6.430000000000000000e+03 1.087653988722817600e+00
6.450000000000000000e+03 1.085554616380213222e+00
6.470000000000000000e+03 1.080527925283703006e+00
6.490000000000000000e+03 1.082436872259894489e+00
6.510000000000000000e+03 1.088746376339921440e+00
6.530000000000000000e+03 1.095876132877051434e+00
6.550000000000000000e+03 1.100189055842565766e+00
6.570000000000000000e+03 1.094263633956128023e+00
6.590000000000000000e+03 1.083897877222648853e+00
6.610000000000000000e+03 1.067148523630210732e+00
6.630000000000000000e+03 1.060444165820716655e+00
6.650000000000000000e+03 1.058391341901013138e+00
6.670000000000000000e+03 1.054844813713211593e+00
6.690000000000000000e+03 1.065781077150510292e+00
6.710000000000000000e+03 1.071973094549926175e+00
6.730000000000000000e+03 1.070155782568238845e+00
6.750000000000000000e+03 1.071716578116947760e+00
6.770000000000000000e+03 1.063406953703477376e+00
6.790000000000000000e+03 1.055339458028633715e+00
6.810000000000000000e+03 1.054657927565729958e+00
6.830000000000000000e+03 1.050693694604491579e+00
6.850000000000000000e+03 1.050261371318077508e+00
6.870000000000000000e+03 1.055643523098558578e+00
6.890000000000000000e+03 1.064638217193863978e+00
6.910000000000000000e+03 1.074706064020777285e+00
6.930000000000000000e+03 1.083162181322187667e+00
6.950000000000000000e+03 1.084715590674866004e+00
6.970000000000000000e+03 1.083700758116083129e+00
6.990000000000000000e+03 1.083638514026617150e+00
7.010000000000000000e+03 1.085866144585710513e+00
7.030000000000000000e+03 1.078901115607971084e+00
7.050000000000000000e+03 1.065619965749593501e+00
7.070000000000000000e+03 1.049088966577309323e+00
7.090000000000000000e+03 1.027058482823016483e+00
7.110000000000000000e+03 1.007072590457434691e+00
7.130000000000000000e+03 9.996131479828992417e-01
7.150000000000000000e+03 9.953411568537205989e-01
7.170000000000000000e+03 9.933004124421088710e-01
7.190000000000000000e+03 9.973928266802942755e-01
7.210000000000000000e+03 1.001914178865046523e+00
7.230000000000000000e+03 1.010498323564319900e+00
7.250000000000000000e+03 1.019562494066037717e+00
7.270000000000000000e+03 1.030502681419977806e+00
7.290000000000000000e+03 1.041226514781855794e+00
7.310000000000000000e+03 1.049836434227694015e+00
7.330000000000000000e+03 1.054789725001150202e+00
7.350000000000000000e+03 1.065139939947148617e+00
7.370000000000000000e+03 1.069668601388389373e+00
7.390000000000000000e+03 1.072101121947789171e+00
7.410000000000000000e+03 1.080659722719123472e+00
7.430000000000000000e+03 1.086243456099605487e+00
7.450000000000000000e+03 1.090237003026339968e+00
7.470000000000000000e+03 1.091852733408026355e+00
7.490000000000000000e+03 1.088503939843126656e+00
7.510000000000000000e+03 1.081956923396991677e+00
7.530000000000000000e+03 1.073739087857109364e+00
7.550000000000000000e+03 1.066392900388375420e+00
7.570000000000000000e+03 1.061278421274460593e+00
7.590000000000000000e+03 1.057226400295817381e+00
7.610000000000000000e+03 1.053687027485420646e+00
7.630000000000000000e+03 1.044175838244769006e+00
7.650000000000000000e+03 1.034408209510681464e+00
7.670000000000000000e+03 1.024424303724074115e+00
7.690000000000000000e+03 1.016470216934116211e+00
7.710000000000000000e+03 1.019408538042525736e+00
7.730000000000000000e+03 1.024486624753081720e+00
7.750000000000000000e+03 1.032037702222121878e+00
7.770000000000000000e+03 1.039148993269175092e+00
7.790000000000000000e+03 1.044190533697288314e+00
7.810000000000000000e+03 1.047729752628601130e+00
7.830000000000000000e+03 1.048103140225854490e+00
7.850000000000000000e+03 1.046773471061268612e+00
7.870000000000000000e+03 1.038017058727490838e+00
7.890000000000000000e+03 1.027219825042559265e+00
7.910000000000000000e+03 1.016323647106635031e+00
7.930000000000000000e+03 1.009160960445535382e+00
7.950000000000000000e+03 1.011938093213486267e+00
7.970000000000000000e+03 1.021885375778108784e+00
7.990000000000000000e+03 1.042157098542165095e+00
8.010000000000000000e+03 1.055053704569701045e+00
8.030000000000000000e+03 1.057863536642995594e+00
8.050000000000000000e+03 1.054002017970307348e+00
8.070000000000000000e+03 1.040156670450553600e+00
8.090000000000000000e+03 1.037027770096647039e+00
8.110000000000000000e+03 1.043626259096369635e+00
8.130000000000000000e+03 1.059061793069871138e+00
8.150000000000000000e+03 1.073196741025656653e+00
8.170000000000000000e+03 1.071093598645494804e+00
8.190000000000000000e+03 1.059208439836894389e+00
8.210000000000000000e+03 1.052184936807246007e+00
8.230000000000000000e+03 1.045274996541567525e+00
8.250000000000000000e+03 1.047652736147073993e+00
8.270000000000000000e+03 1.050642529809071579e+00
8.290000000000000000e+03 1.045776950113478376e+00
8.310000000000000000e+03 1.030975321026391889e+00
8.330000000000000000e+03 1.021606854636122996e+00
8.350000000000000000e+03 1.017074961734118821e+00
8.370000000000000000e+03 1.015935333238236149e+00
8.390000000000000000e+03 1.020284186969857787e+00
8.410000000000000000e+03 1.018294761232749979e+00
8.430000000000000000e+03 1.013616144624180260e+00
8.450000000000000000e+03 1.006750136836975562e+00
8.470000000000000000e+03 9.900874171688127667e-01
8.490000000000000000e+03 9.845433076524530147e-01
8.510000000000000000e+03 9.739022612377511434e-01
8.530000000000000000e+03 9.743257364768368456e-01
8.550000000000000000e+03 9.894091951062143897e-01
8.570000000000000000e+03 1.010992583182031890e+00
8.590000000000000000e+03 1.030224237217533867e+00
8.610000000000000000e+03 1.044728571914389725e+00
8.630000000000000000e+03 1.046055548195006013e+00
8.650000000000000000e+03 1.031912752405938161e+00
8.670000000000000000e+03 1.028443240699663752e+00
8.690000000000000000e+03 1.030993247939674617e+00
8.710000000000000000e+03 1.035980699869772259e+00
8.730000000000000000e+03 1.044096590516524481e+00
8.750000000000000000e+03 1.051429929081746817e+00
8.770000000000000000e+03 1.050126188542809924e+00
8.790000000000000000e+03 1.048078134874709466e+00
8.810000000000000000e+03 1.055036008475044529e+00
8.830000000000000000e+03 1.059932671745599686e+00
8.850000000000000000e+03 1.056237111664973138e+00
8.870000000000000000e+03 1.055599513680543167e+00
8.890000000000000000e+03 1.050624064318995021e+00
8.910000000000000000e+03 1.045311542824010731e+00
8.930000000000000000e+03 1.048348808183412917e+00
8.950000000000000000e+03 1.051785543644801590e+00
8.970000000000000000e+03 1.061227025660414602e+00
8.990000000000000000e+03 1.053635708810916505e+00
9.010000000000000000e+03 1.057457065042688438e+00
9.030000000000000000e+03 1.061685046753851669e+00
9.050000000000000000e+03 1.055764395119017207e+00
9.070000000000000000e+03 1.057841839692155617e+00
9.090000000000000000e+03 1.059677232466209373e+00
9.110000000000000000e+03 1.060435702471098196e+00
9.130000000000000000e+03 1.061347974620415080e+00
9.150000000000000000e+03 1.066275644526390121e+00
9.170000000000000000e+03 1.060575039981633161e+00
9.190000000000000000e+03 1.041471951920788008e+00
9.210000000000000000e+03 1.016045202904190869e+00
9.230000000000000000e+03 9.969568872354069855e-01
9.250000000000000000e+03 9.939634774149361807e-01
9.270000000000000000e+03 9.886181796750660444e-01
9.290000000000000000e+03 1.002364506004284950e+00
9.310000000000000000e+03 1.013040944608299965e+00
9.330000000000000000e+03 9.954565661666980869e-01
9.350000000000000000e+03 9.946021525529540330e-01
9.370000000000000000e+03 9.859214487284895245e-01
9.390000000000000000e+03 9.733154433510310399e-01
9.410000000000000000e+03 9.716299288047642868e-01
9.430000000000000000e+03 9.731324041806486136e-01
9.450000000000000000e+03 9.723123825421718935e-01
9.470000000000000000e+03 9.786269646319698534e-01
9.490000000000000000e+03 9.885448562915543080e-01
9.510000000000000000e+03 9.931905427761541505e-01
9.530000000000000000e+03 9.951397291328036854e-01
9.550000000000000000e+03 9.945350612723431460e-01
9.570000000000000000e+03 9.967846965404443260e-01
9.590000000000000000e+03 1.000617055126720167e+00
9.610000000000000000e+03 1.002558932226881305e+00
9.630000000000000000e+03 1.004489653093454393e+00
9.650000000000000000e+03 1.010157481393325840e+00
9.670000000000000000e+03 1.003932764688566515e+00
9.690000000000000000e+03 1.004804797457425236e+00
9.710000000000000000e+03 1.003745955480626728e+00
9.730000000000000000e+03 9.963632217294501325e-01
9.750000000000000000e+03 9.922928122002724338e-01
9.770000000000000000e+03 1.004111956881849732e+00
9.790000000000000000e+03 9.899082249755292162e-01
9.810000000000000000e+03 9.824971005333603680e-01
9.830000000000000000e+03 9.759810907226456056e-01
9.850000000000000000e+03 9.783956074292206040e-01
9.870000000000000000e+03 9.808100471962539757e-01
9.890000000000000000e+03 9.832244869632870143e-01
9.910000000000000000e+03 9.856389267303204971e-01
9.930000000000000000e+03 9.880534434368954955e-01
9.950000000000000000e+03 9.904678832039288672e-01
9.970000000000000000e+03 9.928823229709619058e-01
9.990000000000000000e+03 9.952967627379953885e-01
1.001000000000000000e+04 9.977112794445706090e-01
1.003000000000000000e+04 9.958016400125011547e-01
1.005000000000000000e+04 9.940693462247076617e-01
1.007000000000000000e+04 9.949037555575355185e-01
1.009000000000000000e+04 9.957380110112794558e-01
1.011000000000000000e+04 9.965723434045655749e-01
1.013000000000000000e+04 9.974066757978516939e-01
1.015000000000000000e+04 9.982410081911375910e-01
1.017000000000000000e+04 9.990752636448816393e-01
1.019000000000000000e+04 9.999096729777096071e-01
1.021000000000000000e+04 1.000744005370995504e+00
1.023000000000000000e+04 1.001461081902296435e+00
1.025000000000000000e+04 1.001414610418937423e+00
1.027000000000000000e+04 1.001245882003364285e+00
1.029000000000000000e+04 1.001077153587790924e+00
1.031000000000000000e+04 1.000908348232675937e+00
1.033000000000000000e+04 1.000739619817102577e+00
1.035000000000000000e+04 1.000570814461987146e+00
1.037000000000000000e+04 1.000402009106871937e+00
1.039000000000000000e+04 1.000233357630840869e+00
1.041000000000000000e+04 1.000064552275725660e+00
1.043000000000000000e+04 9.999630690198471061e-01
1.045000000000000000e+04 9.999625304430534989e-01
1.047000000000000000e+04 9.999619149267175988e-01
1.049000000000000000e+04 9.999613763499236585e-01
1.051000000000000000e+04 9.999607608335876474e-01
1.053000000000000000e+04 9.999602222567937071e-01
1.055000000000000000e+04 9.999596067404578070e-01
1.057000000000000000e+04 9.999619918662594475e-01
1.059000000000000000e+04 9.999713015508397973e-01
1.061000000000000000e+04 9.999809189935878750e-01
1.063000000000000000e+04 9.999905364363358418e-01
1.065000000000000000e+04 1.000000000000000000e+00
1.067000000000000000e+04 1.000009463563664269e+00
1.069000000000000000e+04 1.000019004066870387e+00
1.071000000000000000e+04 1.000028621509618576e+00
1.073000000000000000e+04 1.000038238952366543e+00
1.075000000000000000e+04 1.000047856395114731e+00
1.077000000000000000e+04 1.000057473837863142e+00
1.079000000000000000e+04 1.000067091280610887e+00
1.081000000000000000e+04 1.000076708723359076e+00
1.083000000000000000e+04 1.000086172287023345e+00
1.085000000000000000e+04 1.000095635850687614e+00
1.087000000000000000e+04 1.000105176353893732e+00
1.089000000000000000e+04 1.000114793796641699e+00
1.091000000000000000e+04 1.000124411239389888e+00
1.093000000000000000e+04 1.000134028682138077e+00
1.095000000000000000e+04 1.000143261427176355e+00
1.097000000000000000e+04 1.000145569613435814e+00
1.099000000000000000e+04 1.000145569613435814e+00
1.101000000000000000e+04 1.000145569613435814e+00
1.103000000000000000e+04 1.000145569613435814e+00
1.105000000000000000e+04 1.000145569613435814e+00
1.107000000000000000e+04 1.000145569613435814e+00
1.109000000000000000e+04 1.000145569613435814e+00
1.111000000000000000e+04 1.000145569613435814e+00
1.113000000000000000e+04 1.000145569613435814e+00
1.115000000000000000e+04 1.000145569613435814e+00
1.117000000000000000e+04 1.000145569613435814e+00
1.119000000000000000e+04 1.000145569613435814e+00
1.121000000000000000e+04 1.000145569613435814e+00
1.123000000000000000e+04 1.000145569613435814e+00
1.125000000000000000e+04 1.000145569613435814e+00
1.127000000000000000e+04 1.000145569613435814e+00
1.129000000000000000e+04 1.000145261855267753e+00
1.131000000000000000e+04 1.000145184915725904e+00
1.133000000000000000e+04 1.000145184915725904e+00
1.135000000000000000e+04 1.000145184915725904e+00
1.137000000000000000e+04 1.000145184915725904e+00
1.139000000000000000e+04 1.000145184915725904e+00
1.141000000000000000e+04 1.000145184915725904e+00
1.143000000000000000e+04 1.000145184915725904e+00
1.145000000000000000e+04 1.000145184915725904e+00
1.147000000000000000e+04 1.000145184915725904e+00
1.149000000000000000e+04 1.000145184915725904e+00
1.151000000000000000e+04 1.000145184915725904e+00
1.153000000000000000e+04 1.000145184915725904e+00
1.155000000000000000e+04 1.000145184915725904e+00
1.157000000000000000e+04 1.000145184915725904e+00
1.159000000000000000e+04 1.000145184915725904e+00
1.161000000000000000e+04 1.000149724348702973e+00
1.163000000000000000e+04 1.000190040668702984e+00
1.165000000000000000e+04 1.000236896849772128e+00
1.167000000000000000e+04 1.000283676091298979e+00
1.169000000000000000e+04 1.000330455332825830e+00
1.171000000000000000e+04 1.000377234574352903e+00
1.173000000000000000e+04 1.000423936876337905e+00
1.175000000000000000e+04 1.000470793057406604e+00
1.177000000000000000e+04 1.000517572298933677e+00
1.179000000000000000e+04 1.000564351540460528e+00
1.181000000000000000e+04 1.000611130781987601e+00
1.183000000000000000e+04 1.000657833083972381e+00
1.185000000000000000e+04 1.000704689265041081e+00
1.187000000000000000e+04 1.000751468506567932e+00
1.189000000000000000e+04 1.000798247748095227e+00
1.191000000000000000e+04 1.000844950050080007e+00
1.193000000000000000e+04 1.000891729291606858e+00
1.195000000000000000e+04 1.000938585472675779e+00
1.197000000000000000e+04 1.000985364714202630e+00
1.199000000000000000e+04 1.001036785974762866e+00
