1.110000000000000000e+03 0.000000000000000000e+00
1.130000000000000000e+03 0.000000000000000000e+00
1.150000000000000000e+03 1.181462958886663889e-01
1.170000000000000000e+03 4.537436477972589532e-01
1.190000000000000000e+03 9.981465849601590667e-01
1.210000000000000000e+03 1.759562861666925659e+00
1.230000000000000000e+03 2.652688463148543896e+00
1.250000000000000000e+03 3.504236002879905776e+00
1.270000000000000000e+03 4.283635638240375521e+00
1.290000000000000000e+03 4.940102421387294385e+00
1.310000000000000000e+03 5.413857022783091999e+00
1.330000000000000000e+03 5.716771190987652851e+00
1.350000000000000000e+03 5.815677043104900967e+00
1.370000000000000000e+03 5.832508701625154224e+00
1.390000000000000000e+03 5.765883045441056787e+00
1.410000000000000000e+03 5.642733676222896122e+00
1.430000000000000000e+03 5.521013286479184323e+00
1.450000000000000000e+03 5.354355791485936322e+00
1.470000000000000000e+03 5.211936900197126299e+00
1.490000000000000000e+03 5.084566104508598805e+00
1.510000000000000000e+03 4.963733401727812300e+00
1.530000000000000000e+03 4.890045557012105526e+00
1.550000000000000000e+03 4.821012336555867250e+00
1.570000000000000000e+03 4.747209027023027161e+00
1.590000000000000000e+03 4.692128214753423343e+00
1.610000000000000000e+03 4.629669937678480451e+00
1.630000000000000000e+03 4.560798859305874586e+00
1.650000000000000000e+03 4.510926247298450598e+00
1.670000000000000000e+03 4.478498649471089443e+00
1.690000000000000000e+03 4.435802871912994938e+00
1.710000000000000000e+03 4.394370656148067766e+00
1.730000000000000000e+03 4.333116980108605354e+00
1.750000000000000000e+03 4.180056490957057669e+00
1.770000000000000000e+03 4.114395334500756896e+00
1.790000000000000000e+03 4.009140309570183192e+00
1.810000000000000000e+03 3.896744727434244382e+00
1.830000000000000000e+03 3.836430656580446463e+00
1.850000000000000000e+03 3.708865290391558212e+00
1.870000000000000000e+03 3.596350804060955753e+00
1.890000000000000000e+03 3.551429831129838455e+00
1.910000000000000000e+03 3.562674138960023829e+00
1.930000000000000000e+03 3.579184051901189267e+00
1.950000000000000000e+03 3.623638170277358572e+00
1.970000000000000000e+03 3.633072546626495036e+00
1.990000000000000000e+03 3.619692631018992746e+00
2.010000000000000000e+03 3.642187224645072607e+00
2.030000000000000000e+03 3.630036722725245468e+00
2.050000000000000000e+03 3.632382214421932431e+00
2.070000000000000000e+03 3.591276248182862396e+00
2.090000000000000000e+03 3.509024435303343292e+00
2.110000000000000000e+03 3.441726544591693582e+00
2.130000000000000000e+03 3.308711812263707142e+00
2.150000000000000000e+03 3.229203312415367400e+00
2.170000000000000000e+03 3.167824836105471942e+00
2.190000000000000000e+03 3.096580505346103074e+00
2.210000000000000000e+03 3.096749689964682695e+00
2.230000000000000000e+03 3.038455925850951811e+00
2.250000000000000000e+03 2.981488205555544280e+00
2.270000000000000000e+03 2.948455113502734370e+00
2.290000000000000000e+03 2.907054097805414905e+00
2.310000000000000000e+03 2.822539420179908998e+00
2.330000000000000000e+03 2.755795514920674982e+00
2.350000000000000000e+03 2.655429483261368517e+00
2.370000000000000000e+03 2.579540682595243162e+00
2.390000000000000000e+03 2.583873069935975320e+00
2.410000000000000000e+03 2.617846012844274206e+00
2.430000000000000000e+03 2.674119879667644639e+00
2.450000000000000000e+03 2.701767152175750475e+00
2.470000000000000000e+03 2.669705848055507591e+00
2.490000000000000000e+03 2.616590312485465031e+00
2.510000000000000000e+03 2.554552949708439602e+00
2.530000000000000000e+03 2.482130795924370137e+00
2.550000000000000000e+03 2.401266526209039576e+00
2.570000000000000000e+03 2.338811770401568957e+00
2.590000000000000000e+03 2.338538749337510492e+00
2.610000000000000000e+03 2.362220583331531731e+00
2.630000000000000000e+03 2.405719864992967860e+00
2.650000000000000000e+03 2.454697829392462172e+00
2.670000000000000000e+03 2.438031260993724469e+00
2.690000000000000000e+03 2.394859620987147331e+00
2.710000000000000000e+03 2.355954037468906748e+00
2.730000000000000000e+03 2.313270133952290308e+00
2.750000000000000000e+03 2.244771163472631947e+00
2.770000000000000000e+03 2.170945252316011320e+00
2.790000000000000000e+03 2.141238693455814968e+00
2.810000000000000000e+03 2.113629991110027806e+00
2.830000000000000000e+03 2.111925861433047835e+00
2.850000000000000000e+03 2.156193188853272602e+00
2.870000000000000000e+03 2.160771164127750943e+00
2.890000000000000000e+03 2.161671871591330785e+00
2.910000000000000000e+03 2.187631064850937612e+00
2.930000000000000000e+03 2.194279954849161829e+00
2.950000000000000000e+03 2.192603176412552202e+00
2.970000000000000000e+03 2.195687561048951242e+00
2.990000000000000000e+03 2.196291908815223071e+00
3.010000000000000000e+03 2.174029800732292461e+00
3.030000000000000000e+03 2.182082284323186183e+00
3.050000000000000000e+03 2.177894268948841194e+00
3.070000000000000000e+03 2.148222840873431405e+00
3.090000000000000000e+03 2.139912731527430889e+00
3.110000000000000000e+03 2.101833908855840427e+00
3.130000000000000000e+03 2.058880914992345268e+00
3.150000000000000000e+03 2.042637553809880657e+00
3.170000000000000000e+03 2.018683599541154283e+00
3.190000000000000000e+03 1.995321627657574259e+00
3.210000000000000000e+03 1.969565275782392932e+00
3.230000000000000000e+03 1.966305319111998795e+00
3.250000000000000000e+03 1.930081385499191615e+00
3.270000000000000000e+03 1.885246724566130627e+00
3.290000000000000000e+03 1.834791056177154989e+00
3.310000000000000000e+03 1.781960088152884092e+00
3.330000000000000000e+03 1.758547426395683067e+00
3.350000000000000000e+03 1.729885946965453503e+00
3.370000000000000000e+03 1.738698942440543238e+00
3.390000000000000000e+03 1.731679909907962278e+00
3.410000000000000000e+03 1.695858792916062008e+00
3.430000000000000000e+03 1.705077307380117757e+00
3.450000000000000000e+03 1.697789102610716805e+00
3.470000000000000000e+03 1.653049843459188484e+00
3.490000000000000000e+03 1.618542814354193116e+00
3.510000000000000000e+03 1.583692993955212014e+00
3.530000000000000000e+03 1.561099313500244889e+00
3.550000000000000000e+03 1.546943982039243215e+00
3.570000000000000000e+03 1.572314140951587502e+00
3.590000000000000000e+03 1.577617579215416121e+00
3.610000000000000000e+03 1.563091777660293280e+00
3.630000000000000000e+03 1.552913922534736146e+00
3.650000000000000000e+03 1.532305008585341577e+00
3.670000000000000000e+03 1.513281811457909631e+00
3.690000000000000000e+03 1.533241993292886685e+00
3.710000000000000000e+03 1.560378518237545142e+00
3.730000000000000000e+03 1.606314680770079883e+00
3.750000000000000000e+03 1.659710116159244020e+00
3.770000000000000000e+03 1.682843041877206014e+00
3.790000000000000000e+03 1.725004241898955737e+00
3.810000000000000000e+03 1.734048658347958849e+00
3.830000000000000000e+03 1.765917357326430848e+00
3.850000000000000000e+03 1.824830045615972951e+00
3.870000000000000000e+03 1.839535186142387646e+00
3.890000000000000000e+03 1.879197268937704113e+00
3.910000000000000000e+03 1.880716163567624166e+00
3.930000000000000000e+03 1.878477292574416868e+00
3.950000000000000000e+03 1.874616755075047214e+00
3.970000000000000000e+03 1.907169890182313310e+00
3.990000000000000000e+03 1.956257095763407783e+00
4.010000000000000000e+03 1.984142668000490106e+00
4.030000000000000000e+03 2.002960075705612741e+00
4.050000000000000000e+03 2.006034060319475731e+00
4.070000000000000000e+03 1.990397994941166981e+00
4.090000000000000000e+03 1.973687124084224864e+00
4.110000000000000000e+03 1.958540351104760990e+00
4.130000000000000000e+03 1.939229474613790583e+00
4.150000000000000000e+03 1.915400484395380465e+00
4.170000000000000000e+03 1.902278112653044362e+00
4.190000000000000000e+03 1.900205478240532431e+00
4.210000000000000000e+03 1.886514135186535546e+00
4.230000000000000000e+03 1.866708479670658782e+00
4.250000000000000000e+03 1.853590529985148949e+00
4.270000000000000000e+03 1.815929018454061961e+00
4.290000000000000000e+03 1.781674783597641420e+00
4.310000000000000000e+03 1.765783958612168858e+00
4.330000000000000000e+03 1.743383047078854942e+00
4.350000000000000000e+03 1.729207570692310902e+00
4.370000000000000000e+03 1.718195420845510357e+00
4.390000000000000000e+03 1.712691679785435239e+00
4.410000000000000000e+03 1.704925483429079014e+00
4.430000000000000000e+03 1.693248469149438939e+00
4.450000000000000000e+03 1.688104880050889545e+00
4.470000000000000000e+03 1.688639048137527965e+00
4.490000000000000000e+03 1.686716845547054477e+00
4.510000000000000000e+03 1.682946386983037002e+00
4.530000000000000000e+03 1.682019884187969438e+00
4.550000000000000000e+03 1.677004452847444371e+00
4.570000000000000000e+03 1.664896615586997086e+00
4.590000000000000000e+03 1.670823973313050548e+00
4.610000000000000000e+03 1.667926379632595602e+00
4.630000000000000000e+03 1.665157598829694496e+00
4.650000000000000000e+03 1.666600417704212189e+00
4.670000000000000000e+03 1.652531152571442785e+00
4.690000000000000000e+03 1.642064881072876403e+00
4.710000000000000000e+03 1.636960435366234812e+00
4.730000000000000000e+03 1.618191997845967123e+00
4.750000000000000000e+03 1.597719430648719463e+00
4.770000000000000000e+03 1.583431519372867191e+00
4.790000000000000000e+03 1.563816994979819297e+00
4.810000000000000000e+03 1.536701188190291667e+00
4.830000000000000000e+03 1.530557477239509856e+00
4.850000000000000000e+03 1.517259205903413122e+00
4.870000000000000000e+03 1.502179828345580948e+00
4.890000000000000000e+03 1.498370963399127120e+00
4.910000000000000000e+03 1.495344720621001100e+00
4.930000000000000000e+03 1.492432468641066157e+00
4.950000000000000000e+03 1.493966922359819316e+00
4.970000000000000000e+03 1.487353163146381885e+00
4.990000000000000000e+03 1.474209991358973459e+00
5.010000000000000000e+03 1.458646234798770314e+00
5.030000000000000000e+03 1.446789717767955397e+00
5.050000000000000000e+03 1.432701781728585200e+00
5.070000000000000000e+03 1.423381150507815995e+00
5.090000000000000000e+03 1.402213173929649503e+00
5.110000000000000000e+03 1.383179576779681508e+00
5.130000000000000000e+03 1.369152894416350907e+00
5.150000000000000000e+03 1.349483913212385255e+00
5.170000000000000000e+03 1.347483178168272788e+00
5.190000000000000000e+03 1.344784986494711010e+00
5.210000000000000000e+03 1.334930842306833121e+00
5.230000000000000000e+03 1.336045937636551661e+00
5.250000000000000000e+03 1.329105028107903319e+00
5.270000000000000000e+03 1.326776978968697618e+00
5.290000000000000000e+03 1.327755563766386926e+00
5.310000000000000000e+03 1.321777761836536280e+00
5.330000000000000000e+03 1.319079160713267918e+00
5.350000000000000000e+03 1.314697803187680591e+00
5.370000000000000000e+03 1.307231405906164712e+00
5.390000000000000000e+03 1.296617077393855899e+00
5.410000000000000000e+03 1.279084522866619666e+00
5.430000000000000000e+03 1.248976211954752280e+00
5.450000000000000000e+03 1.222450667861604723e+00
5.470000000000000000e+03 1.207259510533994717e+00
5.490000000000000000e+03 1.203905134761362739e+00
5.510000000000000000e+03 1.221509015427409972e+00
5.530000000000000000e+03 1.260263839563847688e+00
5.550000000000000000e+03 1.273097794933174542e+00
5.570000000000000000e+03 1.269085761042531013e+00
5.590000000000000000e+03 1.247741393530956699e+00
5.610000000000000000e+03 1.222230711479463050e+00
5.630000000000000000e+03 1.202779966968873460e+00
5.650000000000000000e+03 1.202896987694889841e+00
5.670000000000000000e+03 1.216794775290725772e+00
5.690000000000000000e+03 1.212942017335773004e+00
5.710000000000000000e+03 1.214092489120102591e+00
5.730000000000000000e+03 1.210142282135087122e+00
5.750000000000000000e+03 1.190586145270135177e+00
5.770000000000000000e+03 1.181749811161795671e+00
5.790000000000000000e+03 1.180026191678802849e+00
5.810000000000000000e+03 1.182077452816653773e+00
5.830000000000000000e+03 1.184073520134116153e+00
5.850000000000000000e+03 1.190543808170519746e+00
5.870000000000000000e+03 1.189054639589266493e+00
5.890000000000000000e+03 1.181139403539872790e+00
5.910000000000000000e+03 1.173430693922259849e+00
5.930000000000000000e+03 1.159716012235012528e+00
5.950000000000000000e+03 1.151016925668172819e+00
5.970000000000000000e+03 1.140290080376615167e+00
5.990000000000000000e+03 1.137517450746476033e+00
6.010000000000000000e+03 1.137513520029296954e+00
6.030000000000000000e+03 1.138956584573638242e+00
6.050000000000000000e+03 1.144989088984230685e+00
6.070000000000000000e+03 1.150393661325477268e+00
6.090000000000000000e+03 1.150506997004138610e+00
6.110000000000000000e+03 1.141155820835290768e+00
6.130000000000000000e+03 1.129539323222218616e+00
6.150000000000000000e+03 1.111316682160243374e+00
6.170000000000000000e+03 1.092688767779125270e+00
6.190000000000000000e+03 1.082924211186952368e+00
6.210000000000000000e+03 1.084320270905027916e+00
6.230000000000000000e+03 1.081696025848396303e+00
6.250000000000000000e+03 1.084464642871415307e+00
6.270000000000000000e+03 1.099317840411572433e+00
6.290000000000000000e+03 1.093843088390692220e+00
6.310000000000000000e+03 1.092244187288191837e+00
6.330000000000000000e+03 1.096081222374428288e+00
6.350000000000000000e+03 1.081395817323849595e+00
6.370000000000000000e+03 1.065548066447463471e+00
6.390000000000000000e+03 1.049778356685068914e+00
6.410000000000000000e+03 1.038419157267339354e+00
6.430000000000000000e+03 1.030175460663675491e+00
6.450000000000000000e+03 1.030865710978296601e+00
6.470000000000000000e+03 1.027847411524469567e+00
6.490000000000000000e+03 1.026050582434018033e+00
6.510000000000000000e+03 1.030054509220479808e+00
6.530000000000000000e+03 1.029695995057778424e+00
6.550000000000000000e+03 1.043145517115325438e+00
6.570000000000000000e+03 1.042641893976765655e+00
6.590000000000000000e+03 1.028770966281653321e+00
6.610000000000000000e+03 1.010316249126234300e+00
6.630000000000000000e+03 1.000000000000000000e+00
6.650000000000000000e+03 1.000281701397828682e+00
6.670000000000000000e+03 9.874656799256309458e-01
6.690000000000000000e+03 9.684037488559974483e-01
6.710000000000000000e+03 9.482609524520796418e-01
6.730000000000000000e+03 9.189459094008997075e-01
6.750000000000000000e+03 9.095290574991861110e-01
6.770000000000000000e+03 9.197794671126721111e-01
6.790000000000000000e+03 9.171539118169806937e-01
6.810000000000000000e+03 9.073755977146810148e-01
6.830000000000000000e+03 9.114076127509844749e-01
6.850000000000000000e+03 9.073677362803230784e-01
6.870000000000000000e+03 9.064825879055764535e-01
6.890000000000000000e+03 9.165629940010705523e-01
6.910000000000000000e+03 9.250325430626445966e-01
6.930000000000000000e+03 9.314278199128823710e-01
6.950000000000000000e+03 9.227085065305591360e-01
6.970000000000000000e+03 9.294039919053430632e-01
6.990000000000000000e+03 9.248533678712348438e-01
7.010000000000000000e+03 9.206534784554116779e-01
7.030000000000000000e+03 9.369573563044446551e-01
7.050000000000000000e+03 9.403188565019632295e-01
7.070000000000000000e+03 9.367740866159736113e-01
7.090000000000000000e+03 9.330024815927792092e-01
7.110000000000000000e+03 9.327438731583770348e-01
7.130000000000000000e+03 9.360895685972383529e-01
7.150000000000000000e+03 9.314820310539760895e-01
7.170000000000000000e+03 9.171445763636804083e-01
7.190000000000000000e+03 8.853784854815686112e-01
7.210000000000000000e+03 8.525525749800679787e-01
7.230000000000000000e+03 8.400035966062189274e-01
7.250000000000000000e+03 8.548373862303045856e-01
7.270000000000000000e+03 8.795603689371143119e-01
7.290000000000000000e+03 9.070210142691585986e-01
7.310000000000000000e+03 9.389345070454830910e-01
7.330000000000000000e+03 9.309325495483278257e-01
7.350000000000000000e+03 9.105498975065496881e-01
7.370000000000000000e+03 8.857215224453777180e-01
7.390000000000000000e+03 8.583938663778899469e-01
7.410000000000000000e+03 8.426749283790574419e-01
7.430000000000000000e+03 8.457241822306689194e-01
7.450000000000000000e+03 8.696711758543904658e-01
7.470000000000000000e+03 8.859479481328766948e-01
7.490000000000000000e+03 8.817285689110406777e-01
7.510000000000000000e+03 8.769242498390044105e-01
7.530000000000000000e+03 8.552110500321336017e-01
7.550000000000000000e+03 8.319299854104881264e-01
7.570000000000000000e+03 8.479530626510460856e-01
7.590000000000000000e+03 8.542888874039513691e-01
7.610000000000000000e+03 8.479862280772438865e-01
7.630000000000000000e+03 8.282770389121349996e-01
7.650000000000000000e+03 7.998197929953307916e-01
7.670000000000000000e+03 7.752143223541851924e-01
7.690000000000000000e+03 7.658386610929097671e-01
7.710000000000000000e+03 7.697381782043043463e-01
7.730000000000000000e+03 7.756731516948924821e-01
7.750000000000000000e+03 7.685916371371539491e-01
7.770000000000000000e+03 7.701943870668923608e-01
7.790000000000000000e+03 7.674453417398271471e-01
7.810000000000000000e+03 7.559923783393899255e-01
7.830000000000000000e+03 7.538514477158931859e-01
7.850000000000000000e+03 7.505057522770318679e-01
7.870000000000000000e+03 7.441065447096151253e-01
7.890000000000000000e+03 7.356251216065627929e-01
7.910000000000000000e+03 7.285046274367988905e-01
7.930000000000000000e+03 7.225617925118527074e-01
7.950000000000000000e+03 7.160339358467650017e-01
7.970000000000000000e+03 7.150863054468604707e-01
7.990000000000000000e+03 7.183228415940630107e-01
8.010000000000000000e+03 7.172194565259403243e-01
8.030000000000000000e+03 7.194267180018332208e-01
8.050000000000000000e+03 7.210604223293560766e-01
8.070000000000000000e+03 7.149811587623221554e-01
8.090000000000000000e+03 7.018863839301801022e-01
8.110000000000000000e+03 6.902580941655710456e-01
8.130000000000000000e+03 6.926446946127555737e-01
8.150000000000000000e+03 6.913148838571342436e-01
8.170000000000000000e+03 6.929371235928851736e-01
8.190000000000000000e+03 7.003773160932078579e-01
8.210000000000000000e+03 6.857229473303552147e-01
8.230000000000000000e+03 6.797217248773125275e-01
8.250000000000000000e+03 6.803728318000260566e-01
8.270000000000000000e+03 6.792848420408545973e-01
8.290000000000000000e+03 6.743675148499219674e-01
8.310000000000000000e+03 6.626376815581886959e-01
8.330000000000000000e+03 6.568899084732505722e-01
8.350000000000000000e+03 6.461836175569413143e-01
8.370000000000000000e+03 6.424223306663418009e-01
8.390000000000000000e+03 6.414521805325991144e-01
8.410000000000000000e+03 6.292251115177220910e-01
8.430000000000000000e+03 6.151591219826013646e-01
8.450000000000000000e+03 6.066363444592284271e-01
8.470000000000000000e+03 6.094884892223010331e-01
8.490000000000000000e+03 6.151434810038265422e-01
8.510000000000000000e+03 6.260772621768705415e-01
8.530000000000000000e+03 6.330418378985337435e-01
8.550000000000000000e+03 6.364603334951479674e-01
8.570000000000000000e+03 6.430699982115236635e-01
8.590000000000000000e+03 6.486929710260285198e-01
8.610000000000000000e+03 6.577282976915553858e-01
8.630000000000000000e+03 6.577165874299596426e-01
8.650000000000000000e+03 6.581104780472720739e-01
8.670000000000000000e+03 6.583717888497346848e-01
8.690000000000000000e+03 6.568898265833091887e-01
8.710000000000000000e+03 6.548932679261995071e-01
8.730000000000000000e+03 6.507403833366417478e-01
8.750000000000000000e+03 6.463651675566465249e-01
8.770000000000000000e+03 6.548622316384735687e-01
8.790000000000000000e+03 6.528306240865178189e-01
8.810000000000000000e+03 6.492507234157409712e-01
8.830000000000000000e+03 6.506624241125915642e-01
8.850000000000000000e+03 6.397984131694748333e-01
8.870000000000000000e+03 6.295698681702970312e-01
8.890000000000000000e+03 6.318198761955112763e-01
8.910000000000000000e+03 6.409682109799345051e-01
8.930000000000000000e+03 6.291643491813297961e-01
8.950000000000000000e+03 6.323346363660782288e-01
8.970000000000000000e+03 6.390223421964454920e-01
8.990000000000000000e+03 6.323619876064486833e-01
9.010000000000000000e+03 6.342139286273478227e-01
9.030000000000000000e+03 6.308821544784954938e-01
9.050000000000000000e+03 6.194366430627100684e-01
9.070000000000000000e+03 6.071036084638823382e-01
9.090000000000000000e+03 6.031809983890610294e-01
9.110000000000000000e+03 5.986631303314446928e-01
9.130000000000000000e+03 5.961733485583111669e-01
9.150000000000000000e+03 5.811689821866449224e-01
9.170000000000000000e+03 5.609693541635139002e-01
9.190000000000000000e+03 5.566215715138306264e-01
9.210000000000000000e+03 5.589963798094781389e-01
9.230000000000000000e+03 5.583256193008695467e-01
9.250000000000000000e+03 5.757019278202404333e-01
9.270000000000000000e+03 5.809623738649235536e-01
9.290000000000000000e+03 5.975470523224314379e-01
9.310000000000000000e+03 6.189553758781060067e-01
9.330000000000000000e+03 6.191698456341852008e-01
9.350000000000000000e+03 6.193726051286686518e-01
9.370000000000000000e+03 6.089969857950433552e-01
9.390000000000000000e+03 6.096554628124675190e-01
9.410000000000000000e+03 6.040285592807836945e-01
9.430000000000000000e+03 5.995478692564852885e-01
9.450000000000000000e+03 5.974133260484041363e-01
9.470000000000000000e+03 5.859030396891065084e-01
9.490000000000000000e+03 5.915083242763057303e-01
9.510000000000000000e+03 6.062317262596147449e-01
9.530000000000000000e+03 5.973836818896791634e-01
9.550000000000000000e+03 5.987719620633382700e-01
9.570000000000000000e+03 5.809039863368271606e-01
9.590000000000000000e+03 5.545721119546868083e-01
9.610000000000000000e+03 5.351935943722612166e-01
9.630000000000000000e+03 5.348621857801065804e-01
9.650000000000000000e+03 5.289208248741024132e-01
9.670000000000000000e+03 5.309471095798784512e-01
9.690000000000000000e+03 5.440026591301716508e-01
9.710000000000000000e+03 5.557167695531889384e-01
9.730000000000000000e+03 5.712973135513440548e-01
9.750000000000000000e+03 5.608402956161366859e-01
9.770000000000000000e+03 5.542701018514334388e-01
9.790000000000000000e+03 5.220796572938716240e-01
9.810000000000000000e+03 5.159144092885468158e-01
9.830000000000000000e+03 5.067279137915108311e-01
9.850000000000000000e+03 5.097492431731632800e-01
9.870000000000000000e+03 5.133485517600114845e-01
9.890000000000000000e+03 5.134109518952280071e-01
9.910000000000000000e+03 5.285955580275399912e-01
9.930000000000000000e+03 5.229040433322262871e-01
9.950000000000000000e+03 5.071191020407628258e-01
9.970000000000000000e+03 3.920324854121259306e-01
9.990000000000000000e+03 2.589886412100320112e-01
1.001000000000000000e+04 1.412125705645623786e-01
1.003000000000000000e+04 2.984303172285299871e-02
1.005000000000000000e+04 0.000000000000000000e+00
1.007000000000000000e+04 0.000000000000000000e+00
1.009000000000000000e+04 0.000000000000000000e+00
1.011000000000000000e+04 0.000000000000000000e+00
1.013000000000000000e+04 0.000000000000000000e+00
1.015000000000000000e+04 0.000000000000000000e+00
1.017000000000000000e+04 0.000000000000000000e+00
1.019000000000000000e+04 0.000000000000000000e+00
1.021000000000000000e+04 0.000000000000000000e+00
1.023000000000000000e+04 0.000000000000000000e+00
1.025000000000000000e+04 0.000000000000000000e+00
1.027000000000000000e+04 0.000000000000000000e+00
1.029000000000000000e+04 0.000000000000000000e+00
1.031000000000000000e+04 0.000000000000000000e+00
1.033000000000000000e+04 0.000000000000000000e+00
1.035000000000000000e+04 0.000000000000000000e+00
1.037000000000000000e+04 0.000000000000000000e+00
1.039000000000000000e+04 0.000000000000000000e+00
1.041000000000000000e+04 0.000000000000000000e+00
1.043000000000000000e+04 0.000000000000000000e+00
1.045000000000000000e+04 0.000000000000000000e+00
1.047000000000000000e+04 0.000000000000000000e+00
1.049000000000000000e+04 0.000000000000000000e+00
1.051000000000000000e+04 0.000000000000000000e+00
1.053000000000000000e+04 0.000000000000000000e+00
1.055000000000000000e+04 0.000000000000000000e+00
1.057000000000000000e+04 0.000000000000000000e+00
1.059000000000000000e+04 0.000000000000000000e+00
1.061000000000000000e+04 0.000000000000000000e+00
1.063000000000000000e+04 0.000000000000000000e+00
1.065000000000000000e+04 0.000000000000000000e+00
1.067000000000000000e+04 0.000000000000000000e+00
1.069000000000000000e+04 0.000000000000000000e+00
1.071000000000000000e+04 0.000000000000000000e+00
1.073000000000000000e+04 0.000000000000000000e+00
1.075000000000000000e+04 0.000000000000000000e+00
1.077000000000000000e+04 0.000000000000000000e+00
1.079000000000000000e+04 0.000000000000000000e+00
1.081000000000000000e+04 0.000000000000000000e+00
1.083000000000000000e+04 0.000000000000000000e+00
1.085000000000000000e+04 0.000000000000000000e+00
1.087000000000000000e+04 0.000000000000000000e+00
1.089000000000000000e+04 0.000000000000000000e+00
1.091000000000000000e+04 0.000000000000000000e+00
1.093000000000000000e+04 0.000000000000000000e+00
1.095000000000000000e+04 0.000000000000000000e+00
1.097000000000000000e+04 0.000000000000000000e+00
1.099000000000000000e+04 0.000000000000000000e+00
1.101000000000000000e+04 0.000000000000000000e+00
1.103000000000000000e+04 0.000000000000000000e+00
1.105000000000000000e+04 0.000000000000000000e+00
1.107000000000000000e+04 0.000000000000000000e+00
1.109000000000000000e+04 0.000000000000000000e+00
1.111000000000000000e+04 0.000000000000000000e+00
1.113000000000000000e+04 0.000000000000000000e+00
1.115000000000000000e+04 0.000000000000000000e+00
1.117000000000000000e+04 0.000000000000000000e+00
1.119000000000000000e+04 0.000000000000000000e+00
1.121000000000000000e+04 0.000000000000000000e+00
1.123000000000000000e+04 0.000000000000000000e+00
1.125000000000000000e+04 0.000000000000000000e+00
1.127000000000000000e+04 0.000000000000000000e+00
1.129000000000000000e+04 0.000000000000000000e+00
1.131000000000000000e+04 0.000000000000000000e+00
1.133000000000000000e+04 0.000000000000000000e+00
1.135000000000000000e+04 0.000000000000000000e+00
1.137000000000000000e+04 0.000000000000000000e+00
1.139000000000000000e+04 0.000000000000000000e+00
1.141000000000000000e+04 0.000000000000000000e+00
1.143000000000000000e+04 0.000000000000000000e+00
1.145000000000000000e+04 0.000000000000000000e+00
1.147000000000000000e+04 0.000000000000000000e+00
1.149000000000000000e+04 0.000000000000000000e+00
1.151000000000000000e+04 0.000000000000000000e+00
1.153000000000000000e+04 0.000000000000000000e+00
1.155000000000000000e+04 0.000000000000000000e+00
1.157000000000000000e+04 0.000000000000000000e+00
1.159000000000000000e+04 0.000000000000000000e+00
1.161000000000000000e+04 0.000000000000000000e+00
1.163000000000000000e+04 0.000000000000000000e+00
1.165000000000000000e+04 0.000000000000000000e+00
1.167000000000000000e+04 0.000000000000000000e+00
1.169000000000000000e+04 0.000000000000000000e+00
1.171000000000000000e+04 0.000000000000000000e+00
1.173000000000000000e+04 0.000000000000000000e+00
1.175000000000000000e+04 0.000000000000000000e+00
1.177000000000000000e+04 0.000000000000000000e+00
1.179000000000000000e+04 0.000000000000000000e+00
1.181000000000000000e+04 0.000000000000000000e+00
1.183000000000000000e+04 0.000000000000000000e+00
1.185000000000000000e+04 0.000000000000000000e+00
1.187000000000000000e+04 0.000000000000000000e+00
1.189000000000000000e+04 0.000000000000000000e+00
1.191000000000000000e+04 0.000000000000000000e+00
1.193000000000000000e+04 0.000000000000000000e+00
1.195000000000000000e+04 0.000000000000000000e+00
1.197000000000000000e+04 0.000000000000000000e+00
1.199000000000000000e+04 0.000000000000000000e+00
