1.110000000000000000e+03 0.000000000000000000e+00
1.130000000000000000e+03 0.000000000000000000e+00
1.150000000000000000e+03 0.000000000000000000e+00
1.170000000000000000e+03 0.000000000000000000e+00
1.190000000000000000e+03 7.169757984591128286e-02
1.210000000000000000e+03 6.660373911928209045e-01
1.230000000000000000e+03 1.339218518628877419e+00
1.250000000000000000e+03 2.073825646818924451e+00
1.270000000000000000e+03 2.670349128700480801e+00
1.290000000000000000e+03 2.842720687971000970e+00
1.310000000000000000e+03 2.799703197204793881e+00
1.330000000000000000e+03 2.746093435230012592e+00
1.350000000000000000e+03 2.711885455626621866e+00
1.370000000000000000e+03 2.605628629874866320e+00
1.390000000000000000e+03 2.636283267240407735e+00
1.410000000000000000e+03 2.651298819914159388e+00
1.430000000000000000e+03 2.760560336730609077e+00
1.450000000000000000e+03 2.940760571737275342e+00
1.470000000000000000e+03 2.998157905305527837e+00
1.490000000000000000e+03 2.927212968636844881e+00
1.510000000000000000e+03 2.675851834386372197e+00
1.530000000000000000e+03 2.519205511644749151e+00
1.550000000000000000e+03 2.420456203126599259e+00
1.570000000000000000e+03 2.338709251152685908e+00
1.590000000000000000e+03 2.447267432144093036e+00
1.610000000000000000e+03 2.483405990208487069e+00
1.630000000000000000e+03 2.440635554409743335e+00
1.650000000000000000e+03 2.421153190921539800e+00
1.670000000000000000e+03 2.400671854777799652e+00
1.690000000000000000e+03 2.383564820512687366e+00
1.710000000000000000e+03 2.415595296239245737e+00
1.730000000000000000e+03 2.479797070319331720e+00
1.750000000000000000e+03 2.480808868586708460e+00
1.770000000000000000e+03 2.443726267759910087e+00
1.790000000000000000e+03 2.357179686821878395e+00
1.810000000000000000e+03 2.235142046889918799e+00
1.830000000000000000e+03 2.135646520955624794e+00
1.850000000000000000e+03 2.062998628048188454e+00
1.870000000000000000e+03 2.041850748743673449e+00
1.890000000000000000e+03 2.002103400341757489e+00
1.910000000000000000e+03 1.967457665764555497e+00
1.930000000000000000e+03 1.890016491923103281e+00
1.950000000000000000e+03 1.854581010580481859e+00
1.970000000000000000e+03 1.826203113643989573e+00
1.990000000000000000e+03 1.787596467386023846e+00
2.010000000000000000e+03 1.777985290707390753e+00
2.030000000000000000e+03 1.707792919484954597e+00
2.050000000000000000e+03 1.607853031443477354e+00
2.070000000000000000e+03 1.538765087907261853e+00
2.090000000000000000e+03 1.480004093831657874e+00
2.110000000000000000e+03 1.431348127266344195e+00
2.130000000000000000e+03 1.365208908488611650e+00
2.150000000000000000e+03 1.419460339710296726e+00
2.170000000000000000e+03 1.412384358972033960e+00
2.190000000000000000e+03 1.401088622386781557e+00
2.210000000000000000e+03 1.472662920897067629e+00
2.230000000000000000e+03 1.485599299384759320e+00
2.250000000000000000e+03 1.512811361160161017e+00
2.270000000000000000e+03 1.542929266102944341e+00
2.290000000000000000e+03 1.540948939814197338e+00
2.310000000000000000e+03 1.469183423091024343e+00
2.330000000000000000e+03 1.398040920179351110e+00
2.350000000000000000e+03 1.317052752130152937e+00
2.370000000000000000e+03 1.258692979467361583e+00
2.390000000000000000e+03 1.274781996986628752e+00
2.410000000000000000e+03 1.327046753889464137e+00
2.430000000000000000e+03 1.391514367924051809e+00
2.450000000000000000e+03 1.410959290989813431e+00
2.470000000000000000e+03 1.397387202630416159e+00
2.490000000000000000e+03 1.323814181499249454e+00
2.510000000000000000e+03 1.275053407661424831e+00
2.530000000000000000e+03 1.245854930670442950e+00
2.550000000000000000e+03 1.200530384392655359e+00
2.570000000000000000e+03 1.165267595379152255e+00
2.590000000000000000e+03 1.171146778115619735e+00
2.610000000000000000e+03 1.210086372074886230e+00
2.630000000000000000e+03 1.255349251774533492e+00
2.650000000000000000e+03 1.318521090358378611e+00
2.670000000000000000e+03 1.333771131491022777e+00
2.690000000000000000e+03 1.304430665908357767e+00
2.710000000000000000e+03 1.246095378504533890e+00
2.730000000000000000e+03 1.208636430178794186e+00
2.750000000000000000e+03 1.176945897941813479e+00
2.770000000000000000e+03 1.103915698160237380e+00
2.790000000000000000e+03 1.119363175984236403e+00
2.810000000000000000e+03 1.137741111786219061e+00
2.830000000000000000e+03 1.123749276130241226e+00
2.850000000000000000e+03 1.174990056912033287e+00
2.870000000000000000e+03 1.178407888139936688e+00
2.890000000000000000e+03 1.171041970843109015e+00
2.910000000000000000e+03 1.193232352152435505e+00
2.930000000000000000e+03 1.221548452959153819e+00
2.950000000000000000e+03 1.224997117476126940e+00
2.970000000000000000e+03 1.226940391997336510e+00
2.990000000000000000e+03 1.222276533146433586e+00
3.010000000000000000e+03 1.209056047923741106e+00
3.030000000000000000e+03 1.214750230925789154e+00
3.050000000000000000e+03 1.227995201407448889e+00
3.070000000000000000e+03 1.262301899356517154e+00
3.090000000000000000e+03 1.284023303748058398e+00
3.110000000000000000e+03 1.282271506543005479e+00
3.130000000000000000e+03 1.264991520845505812e+00
3.150000000000000000e+03 1.191779430568744802e+00
3.170000000000000000e+03 1.141501218433125020e+00
3.190000000000000000e+03 1.066589540260113766e+00
3.210000000000000000e+03 1.039328119311873744e+00
3.230000000000000000e+03 1.083601354073686407e+00
3.250000000000000000e+03 1.061719046551788947e+00
3.270000000000000000e+03 1.112071103119214976e+00
3.290000000000000000e+03 1.177143075529898830e+00
3.310000000000000000e+03 1.171670944029807204e+00
3.330000000000000000e+03 1.186408997101930041e+00
3.350000000000000000e+03 1.214367664948380110e+00
3.370000000000000000e+03 1.217279597042595363e+00
3.390000000000000000e+03 1.217624981700831999e+00
3.410000000000000000e+03 1.222048392717643761e+00
3.430000000000000000e+03 1.240493954472964511e+00
3.450000000000000000e+03 1.195082867703166185e+00
3.470000000000000000e+03 1.168654204663081675e+00
3.490000000000000000e+03 1.135187130858810844e+00
3.510000000000000000e+03 1.106068716778102701e+00
3.530000000000000000e+03 1.082132497638921720e+00
3.550000000000000000e+03 1.063729947026336831e+00
3.570000000000000000e+03 1.059843397983917468e+00
3.590000000000000000e+03 1.069818744307825087e+00
3.610000000000000000e+03 1.080966403374560958e+00
3.630000000000000000e+03 1.095710674925151507e+00
3.650000000000000000e+03 1.086895074835501962e+00
3.670000000000000000e+03 1.063895902670447979e+00
3.690000000000000000e+03 1.051952796566363535e+00
3.710000000000000000e+03 1.034057440603814104e+00
3.730000000000000000e+03 1.059290601158451084e+00
3.750000000000000000e+03 1.099610179131045529e+00
3.770000000000000000e+03 1.127361434810265184e+00
3.790000000000000000e+03 1.172487248880350164e+00
3.810000000000000000e+03 1.190313294718309489e+00
3.830000000000000000e+03 1.204122980775833129e+00
3.850000000000000000e+03 1.220495716375197270e+00
3.870000000000000000e+03 1.227208822984532821e+00
3.890000000000000000e+03 1.279965746547772953e+00
3.910000000000000000e+03 1.301100541137178546e+00
3.930000000000000000e+03 1.310313216987328611e+00
3.950000000000000000e+03 1.322049947337260445e+00
3.970000000000000000e+03 1.341494740851387313e+00
3.990000000000000000e+03 1.384752679451685786e+00
4.010000000000000000e+03 1.442446168056971789e+00
4.030000000000000000e+03 1.498141063593011246e+00
4.050000000000000000e+03 1.506019357605264286e+00
4.070000000000000000e+03 1.489245271041452767e+00
4.090000000000000000e+03 1.472329584540862379e+00
4.110000000000000000e+03 1.457116465624121782e+00
4.130000000000000000e+03 1.465037511675841175e+00
4.150000000000000000e+03 1.476006648589895498e+00
4.170000000000000000e+03 1.483717820993324166e+00
4.190000000000000000e+03 1.494871698538527971e+00
4.210000000000000000e+03 1.483137947876195462e+00
4.230000000000000000e+03 1.473322727372835539e+00
4.250000000000000000e+03 1.465537321882696142e+00
4.270000000000000000e+03 1.434815188115451390e+00
4.290000000000000000e+03 1.407066782572195862e+00
4.310000000000000000e+03 1.384684405740173929e+00
4.330000000000000000e+03 1.372024619992667560e+00
4.350000000000000000e+03 1.360627703580677750e+00
4.370000000000000000e+03 1.364875701684041820e+00
4.390000000000000000e+03 1.372024101786128325e+00
4.410000000000000000e+03 1.371519239065518203e+00
4.430000000000000000e+03 1.377041377496622143e+00
4.450000000000000000e+03 1.384808386654627244e+00
4.470000000000000000e+03 1.390909491341416615e+00
4.490000000000000000e+03 1.395079888015567038e+00
4.510000000000000000e+03 1.396103993688244449e+00
4.530000000000000000e+03 1.391014557717196620e+00
4.550000000000000000e+03 1.385110630618492600e+00
4.570000000000000000e+03 1.371001680284702928e+00
4.590000000000000000e+03 1.375961823724272559e+00
4.610000000000000000e+03 1.382988445289697221e+00
4.630000000000000000e+03 1.382717164166536339e+00
4.650000000000000000e+03 1.389262501408873973e+00
4.670000000000000000e+03 1.386899609142718148e+00
4.690000000000000000e+03 1.381008119000949552e+00
4.710000000000000000e+03 1.370156614971246301e+00
4.730000000000000000e+03 1.362673712548241767e+00
4.750000000000000000e+03 1.347997196502624284e+00
4.770000000000000000e+03 1.340020443247963211e+00
4.790000000000000000e+03 1.329878493521770455e+00
4.810000000000000000e+03 1.318074137218500308e+00
4.830000000000000000e+03 1.309451050858085441e+00
4.850000000000000000e+03 1.288998216073989678e+00
4.870000000000000000e+03 1.273932138262686919e+00
4.890000000000000000e+03 1.267336275882797292e+00
4.910000000000000000e+03 1.258413147936307430e+00
4.930000000000000000e+03 1.251932456959708118e+00
4.950000000000000000e+03 1.249950835154613804e+00
4.970000000000000000e+03 1.245747921020141424e+00
4.990000000000000000e+03 1.241015788457726643e+00
5.010000000000000000e+03 1.237203083847113527e+00
5.030000000000000000e+03 1.231513823807185881e+00
5.050000000000000000e+03 1.225144417684834508e+00
5.070000000000000000e+03 1.219964684224368101e+00
5.090000000000000000e+03 1.216493218619679295e+00
5.110000000000000000e+03 1.211104129717461175e+00
5.130000000000000000e+03 1.204391929969568231e+00
5.150000000000000000e+03 1.188469515852585756e+00
5.170000000000000000e+03 1.179660263793038677e+00
5.190000000000000000e+03 1.169752543422469371e+00
5.210000000000000000e+03 1.163392076362915528e+00
5.230000000000000000e+03 1.167667280309576672e+00
5.250000000000000000e+03 1.158746743395781653e+00
5.270000000000000000e+03 1.156353147392190417e+00
5.290000000000000000e+03 1.165397147013899737e+00
5.310000000000000000e+03 1.167846320668797455e+00
5.330000000000000000e+03 1.180425136644586814e+00
5.350000000000000000e+03 1.187756722758205985e+00
5.370000000000000000e+03 1.177423425267491996e+00
5.390000000000000000e+03 1.174390621498057508e+00
5.410000000000000000e+03 1.174479364367859491e+00
5.430000000000000000e+03 1.167727262716464764e+00
5.450000000000000000e+03 1.164035818435974923e+00
5.470000000000000000e+03 1.159285419093061043e+00
5.490000000000000000e+03 1.147315107145679747e+00
5.510000000000000000e+03 1.144007653910581013e+00
5.530000000000000000e+03 1.139974063762723588e+00
5.550000000000000000e+03 1.133058079293373543e+00
5.570000000000000000e+03 1.119553098680775571e+00
5.590000000000000000e+03 1.103952490824505528e+00
5.610000000000000000e+03 1.091423163573189692e+00
5.630000000000000000e+03 1.083631539604582583e+00
5.650000000000000000e+03 1.090880342223598420e+00
5.670000000000000000e+03 1.087203537277835252e+00
5.690000000000000000e+03 1.086524816263394033e+00
5.710000000000000000e+03 1.095346764383146265e+00
5.730000000000000000e+03 1.100010882337318918e+00
5.750000000000000000e+03 1.099208698614963620e+00
5.770000000000000000e+03 1.104760893025328761e+00
5.790000000000000000e+03 1.105050570480623495e+00
5.810000000000000000e+03 1.093829066982081821e+00
5.830000000000000000e+03 1.089535466703286604e+00
5.850000000000000000e+03 1.113817200052338752e+00
5.870000000000000000e+03 1.106864552470355312e+00
5.890000000000000000e+03 1.113132260559429820e+00
5.910000000000000000e+03 1.131399170610434490e+00
5.930000000000000000e+03 1.117500093924935101e+00
5.950000000000000000e+03 1.112823798117096530e+00
5.970000000000000000e+03 1.099800749585758908e+00
5.990000000000000000e+03 1.082712500307685177e+00
6.010000000000000000e+03 1.067351303872428048e+00
6.030000000000000000e+03 1.063600524943224102e+00
6.050000000000000000e+03 1.073440230705551279e+00
6.070000000000000000e+03 1.072169329168680241e+00
6.090000000000000000e+03 1.080824544334512805e+00
6.110000000000000000e+03 1.079905505037615399e+00
6.130000000000000000e+03 1.067332648437024245e+00
6.150000000000000000e+03 1.061527569235632296e+00
6.170000000000000000e+03 1.055241335262788960e+00
6.190000000000000000e+03 1.039695139093112619e+00
6.210000000000000000e+03 1.019269121497409669e+00
6.230000000000000000e+03 1.003414333333765063e+00
6.250000000000000000e+03 9.882259587792611155e-01
6.270000000000000000e+03 1.002334650009780947e+00
6.290000000000000000e+03 1.029238378894484107e+00
6.310000000000000000e+03 1.046407209289370588e+00
6.330000000000000000e+03 1.056092619054713744e+00
6.350000000000000000e+03 1.042193542369214576e+00
6.370000000000000000e+03 1.022298038717801560e+00
6.390000000000000000e+03 1.012951795132226884e+00
6.410000000000000000e+03 1.008306332613458256e+00
6.430000000000000000e+03 1.005703251616480554e+00
6.450000000000000000e+03 1.005863506988663003e+00
6.470000000000000000e+03 9.956905944217658844e-01
6.490000000000000000e+03 9.958814239797486589e-01
6.510000000000000000e+03 1.000000000000000000e+00
6.530000000000000000e+03 1.005270678708059195e+00
6.550000000000000000e+03 1.018830200558885624e+00
6.570000000000000000e+03 1.020788891724630387e+00
6.590000000000000000e+03 1.014870584394469200e+00
6.610000000000000000e+03 1.006821023121080350e+00
6.630000000000000000e+03 1.001938610662358453e+00
6.650000000000000000e+03 1.008318510467124174e+00
6.670000000000000000e+03 1.005814147815824455e+00
6.690000000000000000e+03 1.018686786899220431e+00
6.710000000000000000e+03 1.028511723775186626e+00
6.730000000000000000e+03 1.007235458800636918e+00
6.750000000000000000e+03 9.919403336991008402e-01
6.770000000000000000e+03 9.588476641192495986e-01
6.790000000000000000e+03 9.264291812466236564e-01
6.810000000000000000e+03 9.357145355638670781e-01
6.830000000000000000e+03 9.415566665327966822e-01
6.850000000000000000e+03 9.565167711068761625e-01
6.870000000000000000e+03 9.648325609896708510e-01
6.890000000000000000e+03 9.534320171319081716e-01
6.910000000000000000e+03 9.499959191235055611e-01
6.930000000000000000e+03 9.496813677543389787e-01
6.950000000000000000e+03 9.371270370375168746e-01
6.970000000000000000e+03 9.380956946105226679e-01
6.990000000000000000e+03 9.289904170655780558e-01
7.010000000000000000e+03 9.196006441307279511e-01
7.030000000000000000e+03 9.305816997951790182e-01
7.050000000000000000e+03 9.292740055940397204e-01
7.070000000000000000e+03 9.250911719629536512e-01
7.090000000000000000e+03 9.066764434967024000e-01
7.110000000000000000e+03 9.207233385974481488e-01
7.130000000000000000e+03 9.158683910852928323e-01
7.150000000000000000e+03 9.212848153824430009e-01
7.170000000000000000e+03 9.336886070996887055e-01
7.190000000000000000e+03 8.786624571022150221e-01
7.210000000000000000e+03 8.819135553761986435e-01
7.230000000000000000e+03 8.624436288449306431e-01
7.250000000000000000e+03 8.654680117581063925e-01
7.270000000000000000e+03 9.101620302295785336e-01
7.290000000000000000e+03 9.344252376948618544e-01
7.310000000000000000e+03 9.454679599374524734e-01
7.330000000000000000e+03 9.496874566811722707e-01
7.350000000000000000e+03 9.299992356453551379e-01
7.370000000000000000e+03 8.987613568201811010e-01
7.390000000000000000e+03 8.910499253134825937e-01
7.410000000000000000e+03 8.874162610620903724e-01
7.430000000000000000e+03 8.927562498947393399e-01
7.450000000000000000e+03 8.974041738945685021e-01
7.470000000000000000e+03 8.984528943778476995e-01
7.490000000000000000e+03 8.832274680558057645e-01
7.510000000000000000e+03 8.663611407280544796e-01
7.530000000000000000e+03 8.500684680389640757e-01
7.550000000000000000e+03 8.350713116973467187e-01
7.570000000000000000e+03 8.326654082884545893e-01
7.590000000000000000e+03 8.401607476683946585e-01
7.610000000000000000e+03 8.470146769047005586e-01
7.630000000000000000e+03 8.580575286989260420e-01
7.650000000000000000e+03 8.595442632592860122e-01
7.670000000000000000e+03 8.574529112195601321e-01
7.690000000000000000e+03 8.599268292366948341e-01
7.710000000000000000e+03 8.546273900657216371e-01
7.730000000000000000e+03 8.539797614436198669e-01
7.750000000000000000e+03 8.529495668441092748e-01
7.770000000000000000e+03 8.561513059452543484e-01
7.790000000000000000e+03 8.589888754011242300e-01
7.810000000000000000e+03 8.581252842038986639e-01
7.830000000000000000e+03 8.607966389123881124e-01
7.850000000000000000e+03 8.555591254228241960e-01
7.870000000000000000e+03 8.500561606336630716e-01
7.890000000000000000e+03 8.372428561989810891e-01
7.910000000000000000e+03 8.277053944005193786e-01
7.930000000000000000e+03 8.182233807017293969e-01
7.950000000000000000e+03 8.166503647526277554e-01
7.970000000000000000e+03 8.295930912704222449e-01
7.990000000000000000e+03 8.407284429318573338e-01
8.010000000000000000e+03 8.496921205400230770e-01
8.030000000000000000e+03 8.486248741729748302e-01
8.050000000000000000e+03 8.424804992401797588e-01
8.070000000000000000e+03 8.354352222393519600e-01
8.090000000000000000e+03 8.396611965648089759e-01
8.110000000000000000e+03 8.417709449366689300e-01
8.130000000000000000e+03 8.454785831715018185e-01
8.150000000000000000e+03 8.487913480236251029e-01
8.170000000000000000e+03 8.404076730842228171e-01
8.190000000000000000e+03 8.409629313907498460e-01
8.210000000000000000e+03 8.423076773594269095e-01
8.230000000000000000e+03 8.422153070438520572e-01
8.250000000000000000e+03 8.400127997015131021e-01
8.270000000000000000e+03 8.391738233148896553e-01
8.290000000000000000e+03 8.309874555152074738e-01
8.310000000000000000e+03 8.173658784313370118e-01
8.330000000000000000e+03 8.174029301988747775e-01
8.350000000000000000e+03 8.131154188469127408e-01
8.370000000000000000e+03 8.077359167656658068e-01
8.390000000000000000e+03 8.130908040363107325e-01
8.410000000000000000e+03 8.109315669399775883e-01
8.430000000000000000e+03 8.067857850764290628e-01
8.450000000000000000e+03 8.043306520463329168e-01
8.470000000000000000e+03 7.874025285888071046e-01
8.490000000000000000e+03 7.817022566599257649e-01
8.510000000000000000e+03 7.639658605532114732e-01
8.530000000000000000e+03 7.618623306598195644e-01
8.550000000000000000e+03 7.784387214290063861e-01
8.570000000000000000e+03 7.892716995749411435e-01
8.590000000000000000e+03 8.081613643341758468e-01
8.610000000000000000e+03 8.209377465529549278e-01
8.630000000000000000e+03 8.072302767352469433e-01
8.650000000000000000e+03 8.002898070069298653e-01
8.670000000000000000e+03 8.004501919307468460e-01
8.690000000000000000e+03 8.029364173531824411e-01
8.710000000000000000e+03 8.150586933681222002e-01
8.730000000000000000e+03 8.210736462178048756e-01
8.750000000000000000e+03 8.275880206194383693e-01
8.770000000000000000e+03 8.306355932752338411e-01
8.790000000000000000e+03 8.300250164206698367e-01
8.810000000000000000e+03 8.213449273409658691e-01
8.830000000000000000e+03 8.133189444651007793e-01
8.850000000000000000e+03 8.012153238855644899e-01
8.870000000000000000e+03 8.044107149566067649e-01
8.890000000000000000e+03 8.128007379261116272e-01
8.910000000000000000e+03 8.230971132009228253e-01
8.930000000000000000e+03 8.288528332294761158e-01
8.950000000000000000e+03 8.180197255319066052e-01
8.970000000000000000e+03 8.045527035482897826e-01
8.990000000000000000e+03 7.946512016561880776e-01
9.010000000000000000e+03 7.884814346029827004e-01
9.030000000000000000e+03 7.998067089609569580e-01
9.050000000000000000e+03 8.120126753319437674e-01
9.070000000000000000e+03 8.154666514659416610e-01
9.090000000000000000e+03 8.192892020007954690e-01
9.110000000000000000e+03 8.215810999711099516e-01
9.130000000000000000e+03 8.129150024679587805e-01
9.150000000000000000e+03 8.102869180054749210e-01
9.170000000000000000e+03 8.035285978756123715e-01
9.190000000000000000e+03 7.869397701494897923e-01
9.210000000000000000e+03 7.692592107973514892e-01
9.230000000000000000e+03 7.567850725424378755e-01
9.250000000000000000e+03 7.361154978734101295e-01
9.270000000000000000e+03 7.276329750366956617e-01
9.290000000000000000e+03 7.309273435566847610e-01
9.310000000000000000e+03 7.374139939084822792e-01
9.330000000000000000e+03 7.453166436280675988e-01
9.350000000000000000e+03 7.405171442155844552e-01
9.370000000000000000e+03 7.360754664182730389e-01
9.390000000000000000e+03 7.265749268357143409e-01
9.410000000000000000e+03 7.077591065082855515e-01
9.430000000000000000e+03 7.143965549629288647e-01
9.450000000000000000e+03 7.176450622042175320e-01
9.470000000000000000e+03 7.395046981900341709e-01
9.490000000000000000e+03 7.678460615655279264e-01
9.510000000000000000e+03 7.820774381941537623e-01
9.530000000000000000e+03 7.837600548262517730e-01
9.550000000000000000e+03 7.778582005537036936e-01
9.570000000000000000e+03 7.740234721651836347e-01
9.590000000000000000e+03 7.672716296170584149e-01
9.610000000000000000e+03 7.732072968662755397e-01
9.630000000000000000e+03 7.711653039993886516e-01
9.650000000000000000e+03 7.687327129537384618e-01
9.670000000000000000e+03 7.625994794615317263e-01
9.690000000000000000e+03 7.550915735730212575e-01
9.710000000000000000e+03 7.554433062613600258e-01
9.730000000000000000e+03 7.417170514566137074e-01
9.750000000000000000e+03 7.544408357116854091e-01
9.770000000000000000e+03 7.475104710108785300e-01
9.790000000000000000e+03 7.517758290332988702e-01
9.810000000000000000e+03 7.513594500792207809e-01
9.830000000000000000e+03 7.475375473025406281e-01
9.850000000000000000e+03 7.881229652296368737e-01
9.870000000000000000e+03 7.864000580391323769e-01
9.890000000000000000e+03 7.980862632515128841e-01
9.910000000000000000e+03 7.903107036856145129e-01
9.930000000000000000e+03 7.395812632061697922e-01
9.950000000000000000e+03 6.963177538855774840e-01
9.970000000000000000e+03 5.423678540937668657e-01
9.990000000000000000e+03 3.646810633079973218e-01
1.001000000000000000e+04 2.036126121107459108e-01
1.003000000000000000e+04 4.731718385838452889e-02
1.005000000000000000e+04 0.000000000000000000e+00
1.007000000000000000e+04 0.000000000000000000e+00
1.009000000000000000e+04 0.000000000000000000e+00
1.011000000000000000e+04 0.000000000000000000e+00
1.013000000000000000e+04 0.000000000000000000e+00
1.015000000000000000e+04 0.000000000000000000e+00
1.017000000000000000e+04 0.000000000000000000e+00
1.019000000000000000e+04 0.000000000000000000e+00
1.021000000000000000e+04 0.000000000000000000e+00
1.023000000000000000e+04 0.000000000000000000e+00
1.025000000000000000e+04 0.000000000000000000e+00
1.027000000000000000e+04 0.000000000000000000e+00
1.029000000000000000e+04 0.000000000000000000e+00
1.031000000000000000e+04 0.000000000000000000e+00
1.033000000000000000e+04 0.000000000000000000e+00
1.035000000000000000e+04 0.000000000000000000e+00
1.037000000000000000e+04 0.000000000000000000e+00
1.039000000000000000e+04 0.000000000000000000e+00
1.041000000000000000e+04 0.000000000000000000e+00
1.043000000000000000e+04 0.000000000000000000e+00
1.045000000000000000e+04 0.000000000000000000e+00
1.047000000000000000e+04 0.000000000000000000e+00
1.049000000000000000e+04 0.000000000000000000e+00
1.051000000000000000e+04 0.000000000000000000e+00
1.053000000000000000e+04 0.000000000000000000e+00
1.055000000000000000e+04 0.000000000000000000e+00
1.057000000000000000e+04 0.000000000000000000e+00
1.059000000000000000e+04 0.000000000000000000e+00
1.061000000000000000e+04 0.000000000000000000e+00
1.063000000000000000e+04 0.000000000000000000e+00
1.065000000000000000e+04 0.000000000000000000e+00
1.067000000000000000e+04 0.000000000000000000e+00
1.069000000000000000e+04 0.000000000000000000e+00
1.071000000000000000e+04 0.000000000000000000e+00
1.073000000000000000e+04 0.000000000000000000e+00
1.075000000000000000e+04 0.000000000000000000e+00
1.077000000000000000e+04 0.000000000000000000e+00
1.079000000000000000e+04 0.000000000000000000e+00
1.081000000000000000e+04 0.000000000000000000e+00
1.083000000000000000e+04 0.000000000000000000e+00
1.085000000000000000e+04 0.000000000000000000e+00
1.087000000000000000e+04 0.000000000000000000e+00
1.089000000000000000e+04 0.000000000000000000e+00
1.091000000000000000e+04 0.000000000000000000e+00
1.093000000000000000e+04 0.000000000000000000e+00
1.095000000000000000e+04 0.000000000000000000e+00
1.097000000000000000e+04 0.000000000000000000e+00
1.099000000000000000e+04 0.000000000000000000e+00
1.101000000000000000e+04 0.000000000000000000e+00
1.103000000000000000e+04 0.000000000000000000e+00
1.105000000000000000e+04 0.000000000000000000e+00
1.107000000000000000e+04 0.000000000000000000e+00
1.109000000000000000e+04 0.000000000000000000e+00
1.111000000000000000e+04 0.000000000000000000e+00
1.113000000000000000e+04 0.000000000000000000e+00
1.115000000000000000e+04 0.000000000000000000e+00
1.117000000000000000e+04 0.000000000000000000e+00
1.119000000000000000e+04 0.000000000000000000e+00
1.121000000000000000e+04 0.000000000000000000e+00
1.123000000000000000e+04 0.000000000000000000e+00
1.125000000000000000e+04 0.000000000000000000e+00
1.127000000000000000e+04 0.000000000000000000e+00
1.129000000000000000e+04 0.000000000000000000e+00
1.131000000000000000e+04 0.000000000000000000e+00
1.133000000000000000e+04 0.000000000000000000e+00
1.135000000000000000e+04 0.000000000000000000e+00
1.137000000000000000e+04 0.000000000000000000e+00
1.139000000000000000e+04 0.000000000000000000e+00
1.141000000000000000e+04 0.000000000000000000e+00
1.143000000000000000e+04 0.000000000000000000e+00
1.145000000000000000e+04 0.000000000000000000e+00
1.147000000000000000e+04 0.000000000000000000e+00
1.149000000000000000e+04 0.000000000000000000e+00
1.151000000000000000e+04 0.000000000000000000e+00
1.153000000000000000e+04 0.000000000000000000e+00
1.155000000000000000e+04 0.000000000000000000e+00
1.157000000000000000e+04 0.000000000000000000e+00
1.159000000000000000e+04 0.000000000000000000e+00
1.161000000000000000e+04 0.000000000000000000e+00
1.163000000000000000e+04 0.000000000000000000e+00
1.165000000000000000e+04 0.000000000000000000e+00
1.167000000000000000e+04 0.000000000000000000e+00
1.169000000000000000e+04 0.000000000000000000e+00
1.171000000000000000e+04 0.000000000000000000e+00
1.173000000000000000e+04 0.000000000000000000e+00
1.175000000000000000e+04 0.000000000000000000e+00
1.177000000000000000e+04 0.000000000000000000e+00
1.179000000000000000e+04 0.000000000000000000e+00
1.181000000000000000e+04 0.000000000000000000e+00
1.183000000000000000e+04 0.000000000000000000e+00
1.185000000000000000e+04 0.000000000000000000e+00
1.187000000000000000e+04 0.000000000000000000e+00
1.189000000000000000e+04 0.000000000000000000e+00
1.191000000000000000e+04 0.000000000000000000e+00
1.193000000000000000e+04 0.000000000000000000e+00
1.195000000000000000e+04 0.000000000000000000e+00
1.197000000000000000e+04 0.000000000000000000e+00
1.199000000000000000e+04 0.000000000000000000e+00
