1.110000000000000000e+03 0.000000000000000000e+00
1.130000000000000000e+03 0.000000000000000000e+00
1.150000000000000000e+03 0.000000000000000000e+00
1.170000000000000000e+03 0.000000000000000000e+00
1.190000000000000000e+03 8.357528624095192371e-02
1.210000000000000000e+03 5.684212350322956908e-01
1.230000000000000000e+03 7.157144971300973824e-01
1.250000000000000000e+03 8.543208708618700298e-01
1.270000000000000000e+03 9.997903772086260688e-01
1.290000000000000000e+03 1.122840735384477151e+00
1.310000000000000000e+03 1.239163962863608415e+00
1.330000000000000000e+03 1.366544933085557689e+00
1.350000000000000000e+03 1.405515102582163500e+00
1.370000000000000000e+03 1.424383870097561733e+00
1.390000000000000000e+03 1.424668237744840971e+00
1.410000000000000000e+03 1.460602810706310706e+00
1.430000000000000000e+03 1.456799159260868892e+00
1.450000000000000000e+03 1.428415128059106420e+00
1.470000000000000000e+03 1.402365047132345444e+00
1.490000000000000000e+03 1.409861918713564588e+00
1.510000000000000000e+03 1.411566251292580176e+00
1.530000000000000000e+03 1.393206085992177101e+00
1.550000000000000000e+03 1.403656128703523409e+00
1.570000000000000000e+03 1.387911096707479919e+00
1.590000000000000000e+03 1.374458333957768064e+00
1.610000000000000000e+03 1.343188851589311561e+00
1.630000000000000000e+03 1.332413603189114060e+00
1.650000000000000000e+03 1.374438289597913920e+00
1.670000000000000000e+03 1.413880344538192668e+00
1.690000000000000000e+03 1.432591379801280151e+00
1.710000000000000000e+03 1.469376245747598064e+00
1.730000000000000000e+03 1.511387819023783941e+00
1.750000000000000000e+03 1.512835040538313081e+00
1.770000000000000000e+03 1.501159856579795226e+00
1.790000000000000000e+03 1.494267219416428372e+00
1.810000000000000000e+03 1.468656053771337122e+00
1.830000000000000000e+03 1.452011179882206404e+00
1.850000000000000000e+03 1.416442275990229094e+00
1.870000000000000000e+03 1.390256474140902476e+00
1.890000000000000000e+03 1.402460492004735881e+00
1.910000000000000000e+03 1.359556101727936062e+00
1.930000000000000000e+03 1.327384810496500700e+00
1.950000000000000000e+03 1.319136743746909257e+00
1.970000000000000000e+03 1.319036053621472693e+00
1.990000000000000000e+03 1.322661272798117738e+00
2.010000000000000000e+03 1.323098502105594543e+00
2.030000000000000000e+03 1.335517481679080465e+00
2.050000000000000000e+03 1.333655042186820960e+00
2.070000000000000000e+03 1.331798503604237904e+00
2.090000000000000000e+03 1.274093320544906760e+00
2.110000000000000000e+03 1.268016132899725701e+00
2.130000000000000000e+03 1.265615680309319924e+00
2.150000000000000000e+03 1.256869876511756967e+00
2.170000000000000000e+03 1.252649508444857451e+00
2.190000000000000000e+03 1.237139669848786871e+00
2.210000000000000000e+03 1.218529605706835328e+00
2.230000000000000000e+03 1.200244653588502297e+00
2.250000000000000000e+03 1.171902678076340854e+00
2.270000000000000000e+03 1.149597520493952807e+00
2.290000000000000000e+03 1.123007646829619066e+00
2.310000000000000000e+03 1.112439866920437170e+00
2.330000000000000000e+03 1.103495867489921789e+00
2.350000000000000000e+03 1.087754488437963740e+00
2.370000000000000000e+03 1.068070177739145921e+00
2.390000000000000000e+03 1.049658496560612608e+00
2.410000000000000000e+03 1.041225159980217807e+00
2.430000000000000000e+03 1.035818147076895457e+00
2.450000000000000000e+03 1.033841997991817419e+00
2.470000000000000000e+03 1.042925745949915273e+00
2.490000000000000000e+03 1.049827655971345974e+00
2.510000000000000000e+03 1.034760198270565201e+00
2.530000000000000000e+03 1.032385690949690682e+00
2.550000000000000000e+03 1.030414974448124354e+00
2.570000000000000000e+03 1.026029006249344455e+00
2.590000000000000000e+03 1.020326573201252973e+00
2.610000000000000000e+03 1.031748111708903570e+00
2.630000000000000000e+03 1.043243364754896874e+00
2.650000000000000000e+03 1.046769673445531845e+00
2.670000000000000000e+03 1.043882629969877129e+00
2.690000000000000000e+03 1.041210454538642471e+00
2.710000000000000000e+03 1.033123960315914136e+00
2.730000000000000000e+03 1.027450750820507519e+00
2.750000000000000000e+03 1.019823403569769527e+00
2.770000000000000000e+03 1.016056468895649267e+00
2.790000000000000000e+03 1.011795637448109630e+00
2.810000000000000000e+03 1.002269321264255941e+00
2.830000000000000000e+03 9.834902850420368381e-01
2.850000000000000000e+03 9.804471016230311697e-01
2.870000000000000000e+03 9.926696652029912693e-01
2.890000000000000000e+03 1.007602806959701613e+00
2.910000000000000000e+03 1.037133019617246354e+00
2.930000000000000000e+03 1.050995567761176197e+00
2.950000000000000000e+03 1.049239812969263053e+00
2.970000000000000000e+03 1.073585373986541969e+00
2.990000000000000000e+03 1.068218730798627281e+00
3.010000000000000000e+03 1.070832271794026402e+00
3.030000000000000000e+03 1.067311583017369392e+00
3.050000000000000000e+03 1.065866234807499202e+00
3.070000000000000000e+03 1.038337835508864604e+00
3.090000000000000000e+03 1.008733908312976713e+00
3.110000000000000000e+03 1.006785390471623298e+00
3.130000000000000000e+03 1.007527500112398222e+00
3.150000000000000000e+03 1.018673662835134275e+00
3.170000000000000000e+03 9.973288548863277203e-01
3.190000000000000000e+03 1.002194014416952550e+00
3.210000000000000000e+03 1.013417263626418041e+00
3.230000000000000000e+03 1.010835194149295013e+00
3.250000000000000000e+03 1.008680987456352041e+00
3.270000000000000000e+03 1.028143124222578697e+00
3.290000000000000000e+03 1.042508654667525736e+00
3.310000000000000000e+03 1.037937322972709797e+00
3.330000000000000000e+03 1.028469734889924769e+00
3.350000000000000000e+03 1.017714811845279899e+00
3.370000000000000000e+03 1.008695599232694251e+00
3.390000000000000000e+03 9.972574819788092571e-01
3.410000000000000000e+03 9.853563774783820062e-01
3.430000000000000000e+03 9.759586636593883258e-01
3.450000000000000000e+03 9.722306000569485018e-01
3.470000000000000000e+03 9.704213624170127117e-01
3.490000000000000000e+03 9.587703440885998463e-01
3.510000000000000000e+03 9.530311006039534627e-01
3.530000000000000000e+03 9.508250970371813215e-01
3.550000000000000000e+03 9.535875657529936378e-01
3.570000000000000000e+03 9.551026008961890357e-01
3.590000000000000000e+03 9.580464055030196713e-01
3.610000000000000000e+03 9.577048083983994431e-01
3.630000000000000000e+03 9.591645810541459261e-01
3.650000000000000000e+03 9.607868628890854357e-01
3.670000000000000000e+03 9.678902468266219472e-01
3.690000000000000000e+03 9.889336400557494633e-01
3.710000000000000000e+03 1.007743773135312493e+00
3.730000000000000000e+03 1.029494432538552440e+00
3.750000000000000000e+03 1.038313669878759615e+00
3.770000000000000000e+03 1.063417638287350142e+00
3.790000000000000000e+03 1.087570436255189010e+00
3.810000000000000000e+03 1.112727606516102918e+00
3.830000000000000000e+03 1.143248141681777907e+00
3.850000000000000000e+03 1.164696730708708827e+00
3.870000000000000000e+03 1.175552156548323790e+00
3.890000000000000000e+03 1.182532745365444171e+00
3.910000000000000000e+03 1.207783768189788276e+00
3.930000000000000000e+03 1.228832687667660739e+00
3.950000000000000000e+03 1.262261902977805050e+00
3.970000000000000000e+03 1.279523937086936236e+00
3.990000000000000000e+03 1.287922617531134462e+00
4.010000000000000000e+03 1.297399478471983114e+00
4.030000000000000000e+03 1.297054322088510014e+00
4.050000000000000000e+03 1.313667724459364194e+00
4.070000000000000000e+03 1.332231705306697211e+00
4.090000000000000000e+03 1.355372731428057476e+00
4.110000000000000000e+03 1.355324774828779999e+00
4.130000000000000000e+03 1.349315400812264754e+00
4.150000000000000000e+03 1.343717685494627334e+00
4.170000000000000000e+03 1.338310766256537887e+00
4.190000000000000000e+03 1.338687487823519540e+00
4.210000000000000000e+03 1.339743469659957942e+00
4.230000000000000000e+03 1.340160279946648103e+00
4.250000000000000000e+03 1.337719363975602205e+00
4.270000000000000000e+03 1.330863537248790029e+00
4.290000000000000000e+03 1.323930624035247972e+00
4.310000000000000000e+03 1.315183134263491871e+00
4.330000000000000000e+03 1.308042471563235276e+00
4.350000000000000000e+03 1.303511415918593652e+00
4.370000000000000000e+03 1.295990472372502866e+00
4.390000000000000000e+03 1.291516552519969219e+00
4.410000000000000000e+03 1.293601072279586983e+00
4.430000000000000000e+03 1.297911733631063935e+00
4.450000000000000000e+03 1.296350615193250011e+00
4.470000000000000000e+03 1.296062500936652429e+00
4.490000000000000000e+03 1.298235253345722207e+00
4.510000000000000000e+03 1.302881704557375508e+00
4.530000000000000000e+03 1.310696007613110226e+00
4.550000000000000000e+03 1.313752116834265182e+00
4.570000000000000000e+03 1.316852342380145924e+00
4.590000000000000000e+03 1.318001802119082244e+00
4.610000000000000000e+03 1.316587925427488148e+00
4.630000000000000000e+03 1.311724639201522713e+00
4.650000000000000000e+03 1.309022865556671134e+00
4.670000000000000000e+03 1.308067948506601796e+00
4.690000000000000000e+03 1.304112091057592737e+00
4.710000000000000000e+03 1.299594054880333305e+00
4.730000000000000000e+03 1.291842039204520010e+00
4.750000000000000000e+03 1.279592125376534328e+00
4.770000000000000000e+03 1.266823306157927043e+00
4.790000000000000000e+03 1.254976152831687397e+00
4.810000000000000000e+03 1.244389452545446195e+00
4.830000000000000000e+03 1.233277009306577687e+00
4.850000000000000000e+03 1.228620348584531063e+00
4.870000000000000000e+03 1.224491678780703419e+00
4.890000000000000000e+03 1.216257099824658683e+00
4.910000000000000000e+03 1.206705775023603433e+00
4.930000000000000000e+03 1.198943175176465425e+00
4.950000000000000000e+03 1.194354234417851934e+00
4.970000000000000000e+03 1.195075363046443018e+00
4.990000000000000000e+03 1.195426607670058594e+00
5.010000000000000000e+03 1.193304902812954316e+00
5.030000000000000000e+03 1.192959746429481438e+00
5.050000000000000000e+03 1.187836632847273144e+00
5.070000000000000000e+03 1.175351900280246387e+00
5.090000000000000000e+03 1.164910006444167978e+00
5.110000000000000000e+03 1.163593073268691880e+00
5.130000000000000000e+03 1.161044723275435508e+00
5.150000000000000000e+03 1.159630940249074538e+00
5.170000000000000000e+03 1.155438016095433618e+00
5.190000000000000000e+03 1.149606793352016432e+00
5.210000000000000000e+03 1.148260542958622343e+00
5.230000000000000000e+03 1.146739794236216303e+00
5.250000000000000000e+03 1.142793022314805285e+00
5.270000000000000000e+03 1.146515559668499940e+00
5.290000000000000000e+03 1.151223923599143051e+00
5.310000000000000000e+03 1.150278185741903547e+00
5.330000000000000000e+03 1.148645413400872339e+00
5.350000000000000000e+03 1.146815194748752376e+00
5.370000000000000000e+03 1.147924378437514159e+00
5.390000000000000000e+03 1.150405945119666873e+00
5.410000000000000000e+03 1.150074651190672315e+00
5.430000000000000000e+03 1.149454493683216727e+00
5.450000000000000000e+03 1.151933531404079503e+00
5.470000000000000000e+03 1.152587502060635094e+00
5.490000000000000000e+03 1.149577288803632857e+00
5.510000000000000000e+03 1.146872517871326602e+00
5.530000000000000000e+03 1.144394510468026427e+00
5.550000000000000000e+03 1.140444553928694704e+00
5.570000000000000000e+03 1.136395124911954824e+00
5.590000000000000000e+03 1.132925202691564159e+00
5.610000000000000000e+03 1.130812115035892518e+00
5.630000000000000000e+03 1.125967655521752819e+00
5.650000000000000000e+03 1.123070027874773169e+00
5.670000000000000000e+03 1.119991907323871771e+00
5.690000000000000000e+03 1.117147294198750362e+00
5.710000000000000000e+03 1.117551085018058998e+00
5.730000000000000000e+03 1.119833894075861203e+00
5.750000000000000000e+03 1.123786285911250404e+00
5.770000000000000000e+03 1.126889883405517878e+00
5.790000000000000000e+03 1.127874398669204359e+00
5.810000000000000000e+03 1.118565011164895706e+00
5.830000000000000000e+03 1.117066367437469010e+00
5.850000000000000000e+03 1.116340930208161497e+00
5.870000000000000000e+03 1.112304145997871974e+00
5.890000000000000000e+03 1.111277481379351562e+00
5.910000000000000000e+03 1.110342421358670562e+00
5.930000000000000000e+03 1.106327742143360382e+00
5.950000000000000000e+03 1.100849075336820304e+00
5.970000000000000000e+03 1.097611255563714749e+00
5.990000000000000000e+03 1.094257759227898807e+00
6.010000000000000000e+03 1.101888853087955367e+00
6.030000000000000000e+03 1.103594965306397890e+00
6.050000000000000000e+03 1.099031126830218863e+00
6.070000000000000000e+03 1.095113578461492265e+00
6.090000000000000000e+03 1.089984001978209660e+00
6.110000000000000000e+03 1.090685648238344463e+00
6.130000000000000000e+03 1.086792171834489729e+00
6.150000000000000000e+03 1.084503836527942244e+00
6.170000000000000000e+03 1.080950271254514483e+00
6.190000000000000000e+03 1.075414749651565360e+00
6.210000000000000000e+03 1.071098655716576475e+00
6.230000000000000000e+03 1.064225969247830861e+00
6.250000000000000000e+03 1.064477554063572473e+00
6.270000000000000000e+03 1.067320762210199891e+00
6.290000000000000000e+03 1.070645034993330968e+00
6.310000000000000000e+03 1.067330035068263072e+00
6.330000000000000000e+03 1.065614930987456521e+00
6.350000000000000000e+03 1.063715962054340824e+00
6.370000000000000000e+03 1.064046225665772560e+00
6.390000000000000000e+03 1.063381296176959978e+00
6.410000000000000000e+03 1.058118715062868143e+00
6.430000000000000000e+03 1.056378883360558962e+00
6.450000000000000000e+03 1.051652629370419589e+00
6.470000000000000000e+03 1.046010704062823260e+00
6.490000000000000000e+03 1.039678278657814703e+00
6.510000000000000000e+03 1.035889707314880059e+00
6.530000000000000000e+03 1.035162396780913374e+00
6.550000000000000000e+03 1.033588446206183509e+00
6.570000000000000000e+03 1.027414034049185521e+00
6.590000000000000000e+03 1.024789440556296505e+00
6.610000000000000000e+03 1.024188390756365363e+00
6.630000000000000000e+03 1.021928436015406172e+00
6.650000000000000000e+03 1.017601757909092353e+00
6.670000000000000000e+03 1.013850652659343377e+00
6.690000000000000000e+03 1.011321316708378992e+00
6.710000000000000000e+03 1.006088614803602788e+00
6.730000000000000000e+03 1.000000000000000000e+00
6.750000000000000000e+03 9.970834519759618209e-01
6.770000000000000000e+03 9.964315419545312080e-01
6.790000000000000000e+03 1.000039901389242702e+00
6.810000000000000000e+03 1.000510662850120580e+00
6.830000000000000000e+03 1.004199293389482550e+00
6.850000000000000000e+03 1.012090682931946484e+00
6.870000000000000000e+03 1.020122570323856781e+00
6.890000000000000000e+03 1.021348086231960162e+00
6.910000000000000000e+03 1.023917698233099083e+00
6.930000000000000000e+03 1.027071406627002359e+00
6.950000000000000000e+03 1.029446288608809157e+00
6.970000000000000000e+03 1.032807090832796204e+00
6.990000000000000000e+03 1.026666772820597373e+00
7.010000000000000000e+03 1.022322110989554611e+00
7.030000000000000000e+03 1.016213170830398527e+00
7.050000000000000000e+03 1.009228648073493328e+00
7.070000000000000000e+03 9.998031156803094399e-01
7.090000000000000000e+03 9.942598198630239192e-01
7.110000000000000000e+03 9.903673737767321184e-01
7.130000000000000000e+03 9.867977917484677119e-01
7.150000000000000000e+03 9.835364620018882675e-01
7.170000000000000000e+03 9.793234934883930931e-01
7.190000000000000000e+03 9.774353897223013732e-01
7.210000000000000000e+03 9.781772183673775878e-01
7.230000000000000000e+03 9.828880175940775121e-01
7.250000000000000000e+03 9.854740210109849130e-01
7.270000000000000000e+03 9.876135222623526611e-01
7.290000000000000000e+03 9.923154232919209061e-01
7.310000000000000000e+03 9.965246451960974028e-01
7.330000000000000000e+03 9.981776492274492263e-01
7.350000000000000000e+03 9.987671782037256252e-01
7.370000000000000000e+03 1.000140778845145295e+00
7.390000000000000000e+03 1.001949829154615168e+00
7.410000000000000000e+03 1.003239224751599767e+00
7.430000000000000000e+03 1.004249123293419421e+00
7.450000000000000000e+03 1.002092949630584151e+00
7.470000000000000000e+03 1.001391209705216889e+00
7.490000000000000000e+03 9.978358647923629698e-01
7.510000000000000000e+03 9.934025019857029015e-01
7.530000000000000000e+03 9.890700166349453148e-01
7.550000000000000000e+03 9.848494612375798818e-01
7.570000000000000000e+03 9.779917612061085341e-01
7.590000000000000000e+03 9.714721926656377793e-01
7.610000000000000000e+03 9.646545813538746073e-01
7.630000000000000000e+03 9.563717648028534635e-01
7.650000000000000000e+03 9.493944542688864674e-01
7.670000000000000000e+03 9.451263169331755032e-01
7.690000000000000000e+03 9.415927023543693153e-01
7.710000000000000000e+03 9.401088577337509689e-01
7.730000000000000000e+03 9.405222024068218278e-01
7.750000000000000000e+03 9.401178495961155512e-01
7.770000000000000000e+03 9.415669444153040857e-01
7.790000000000000000e+03 9.421252828690035441e-01
7.810000000000000000e+03 9.417396631048901012e-01
7.830000000000000000e+03 9.399930875058072344e-01
7.850000000000000000e+03 9.366084006474141299e-01
7.870000000000000000e+03 9.339452170785440543e-01
7.890000000000000000e+03 9.330197109116249443e-01
7.910000000000000000e+03 9.321748505102882554e-01
7.930000000000000000e+03 9.324136031891137044e-01
7.950000000000000000e+03 9.331243349768459927e-01
7.970000000000000000e+03 9.336606621007987883e-01
7.990000000000000000e+03 9.336513892427351635e-01
8.010000000000000000e+03 9.320241431504489027e-01
8.030000000000000000e+03 9.309403427398205144e-01
8.050000000000000000e+03 9.328229202571672873e-01
8.070000000000000000e+03 9.371591522172433297e-01
8.090000000000000000e+03 9.387166177109715903e-01
8.110000000000000000e+03 9.375818634136107166e-01
8.130000000000000000e+03 9.341361068233249298e-01
8.150000000000000000e+03 9.316861989899140051e-01
8.170000000000000000e+03 9.285696756934974649e-01
8.190000000000000000e+03 9.251921073928095485e-01
8.210000000000000000e+03 9.232636339113102775e-01
8.230000000000000000e+03 9.215667945509312675e-01
8.250000000000000000e+03 9.168816595980638917e-01
8.270000000000000000e+03 9.105380880303325375e-01
8.290000000000000000e+03 9.039080881801969669e-01
8.310000000000000000e+03 9.013497160070136349e-01
8.330000000000000000e+03 8.988520389047911507e-01
8.350000000000000000e+03 8.943027185397216527e-01
8.370000000000000000e+03 8.903890104455466359e-01
8.390000000000000000e+03 8.872980577577292971e-01
8.410000000000000000e+03 8.823117890808817032e-01
8.430000000000000000e+03 8.797773952073374426e-01
8.450000000000000000e+03 8.738581271449338272e-01
8.470000000000000000e+03 8.704311036012408742e-01
8.490000000000000000e+03 8.724218644626613450e-01
8.510000000000000000e+03 8.739003701650005507e-01
8.530000000000000000e+03 8.766423261947936529e-01
8.550000000000000000e+03 8.814651490401188560e-01
8.570000000000000000e+03 8.786735504368546890e-01
8.590000000000000000e+03 8.785946843106988702e-01
8.610000000000000000e+03 8.835955647638887855e-01
8.630000000000000000e+03 8.911750490805820935e-01
8.650000000000000000e+03 9.007199109805626991e-01
8.670000000000000000e+03 9.097557023393828546e-01
8.690000000000000000e+03 9.131901254364799270e-01
8.710000000000000000e+03 9.171883195707885017e-01
8.730000000000000000e+03 9.195905518006204371e-01
8.750000000000000000e+03 9.209037383667780796e-01
8.770000000000000000e+03 9.264134083654291807e-01
8.790000000000000000e+03 9.315557233203950460e-01
8.810000000000000000e+03 9.384392749561646374e-01
8.830000000000000000e+03 9.403990326254739740e-01
8.850000000000000000e+03 9.423641292130622293e-01
8.870000000000000000e+03 9.441916315734260046e-01
8.890000000000000000e+03 9.450602829439358477e-01
8.910000000000000000e+03 9.440574092945884788e-01
8.930000000000000000e+03 9.426121547499513031e-01
8.950000000000000000e+03 9.419759804876587372e-01
8.970000000000000000e+03 9.429278065850406065e-01
8.990000000000000000e+03 9.461714336025897065e-01
9.010000000000000000e+03 9.445501820852129082e-01
9.030000000000000000e+03 9.413619112203456263e-01
9.050000000000000000e+03 9.387574557525438790e-01
9.070000000000000000e+03 9.350091604597839945e-01
9.090000000000000000e+03 9.310549889849686345e-01
9.110000000000000000e+03 9.271889564943727180e-01
9.130000000000000000e+03 9.243036926581443824e-01
9.150000000000000000e+03 9.231545139149071044e-01
9.170000000000000000e+03 9.195115920092316042e-01
9.190000000000000000e+03 9.152457963043445499e-01
9.210000000000000000e+03 9.108163674374690766e-01
9.230000000000000000e+03 9.076139531224242107e-01
9.250000000000000000e+03 9.045553149399793158e-01
9.270000000000000000e+03 9.022743791868358398e-01
9.290000000000000000e+03 9.030199544412306212e-01
9.310000000000000000e+03 9.017894742757804893e-01
9.330000000000000000e+03 8.994128126545477553e-01
9.350000000000000000e+03 8.957642708348944049e-01
9.370000000000000000e+03 8.955346973488992335e-01
9.390000000000000000e+03 8.971884507021147259e-01
9.410000000000000000e+03 8.997297758028984793e-01
9.430000000000000000e+03 9.048096160474770056e-01
9.450000000000000000e+03 9.083726415094340867e-01
9.470000000000000000e+03 9.119819375964751673e-01
9.490000000000000000e+03 9.142464819338499415e-01
9.510000000000000000e+03 9.146523333882836670e-01
9.530000000000000000e+03 9.170859434711587932e-01
9.550000000000000000e+03 9.176625466452857927e-01
9.570000000000000000e+03 9.171904738711466054e-01
9.590000000000000000e+03 9.128873994035399120e-01
9.610000000000000000e+03 9.118719746129753112e-01
9.630000000000000000e+03 9.076400857224212748e-01
9.650000000000000000e+03 9.012937041977011621e-01
9.670000000000000000e+03 8.982899538417731256e-01
9.690000000000000000e+03 8.956968318671602036e-01
9.710000000000000000e+03 8.927766308990362498e-01
9.730000000000000000e+03 8.925011614488888023e-01
9.750000000000000000e+03 8.933093987441367290e-01
9.770000000000000000e+03 8.933202639111603727e-01
9.790000000000000000e+03 8.925378782202108008e-01
9.810000000000000000e+03 8.921393326539480695e-01
9.830000000000000000e+03 8.886884244758492812e-01
9.850000000000000000e+03 8.766460728041121087e-01
9.870000000000000000e+03 8.662308735594287379e-01
9.890000000000000000e+03 8.331228363331184550e-01
9.910000000000000000e+03 7.538324066719619410e-01
9.930000000000000000e+03 6.662646867085287861e-01
9.950000000000000000e+03 5.785884087400902098e-01
9.970000000000000000e+03 4.895110393843571384e-01
9.990000000000000000e+03 4.035520478966534985e-01
1.001000000000000000e+04 3.168033554633057358e-01
1.003000000000000000e+04 2.285100952388088580e-01
1.005000000000000000e+04 1.531059203920452083e-01
1.007000000000000000e+04 7.653734526503513935e-02
1.009000000000000000e+04 1.275316401156952918e-02
1.011000000000000000e+04 0.000000000000000000e+00
1.013000000000000000e+04 0.000000000000000000e+00
1.015000000000000000e+04 0.000000000000000000e+00
1.017000000000000000e+04 0.000000000000000000e+00
1.019000000000000000e+04 0.000000000000000000e+00
1.021000000000000000e+04 0.000000000000000000e+00
1.023000000000000000e+04 0.000000000000000000e+00
1.025000000000000000e+04 0.000000000000000000e+00
1.027000000000000000e+04 0.000000000000000000e+00
1.029000000000000000e+04 0.000000000000000000e+00
1.031000000000000000e+04 0.000000000000000000e+00
1.033000000000000000e+04 0.000000000000000000e+00
1.035000000000000000e+04 0.000000000000000000e+00
1.037000000000000000e+04 0.000000000000000000e+00
1.039000000000000000e+04 0.000000000000000000e+00
1.041000000000000000e+04 0.000000000000000000e+00
1.043000000000000000e+04 0.000000000000000000e+00
1.045000000000000000e+04 0.000000000000000000e+00
1.047000000000000000e+04 0.000000000000000000e+00
1.049000000000000000e+04 0.000000000000000000e+00
1.051000000000000000e+04 0.000000000000000000e+00
1.053000000000000000e+04 0.000000000000000000e+00
1.055000000000000000e+04 0.000000000000000000e+00
1.057000000000000000e+04 0.000000000000000000e+00
1.059000000000000000e+04 0.000000000000000000e+00
1.061000000000000000e+04 0.000000000000000000e+00
1.063000000000000000e+04 0.000000000000000000e+00
1.065000000000000000e+04 0.000000000000000000e+00
1.067000000000000000e+04 0.000000000000000000e+00
1.069000000000000000e+04 0.000000000000000000e+00
1.071000000000000000e+04 0.000000000000000000e+00
1.073000000000000000e+04 0.000000000000000000e+00
1.075000000000000000e+04 0.000000000000000000e+00
1.077000000000000000e+04 0.000000000000000000e+00
1.079000000000000000e+04 0.000000000000000000e+00
1.081000000000000000e+04 0.000000000000000000e+00
1.083000000000000000e+04 0.000000000000000000e+00
1.085000000000000000e+04 0.000000000000000000e+00
1.087000000000000000e+04 0.000000000000000000e+00
1.089000000000000000e+04 0.000000000000000000e+00
1.091000000000000000e+04 0.000000000000000000e+00
1.093000000000000000e+04 0.000000000000000000e+00
1.095000000000000000e+04 0.000000000000000000e+00
1.097000000000000000e+04 0.000000000000000000e+00
1.099000000000000000e+04 0.000000000000000000e+00
1.101000000000000000e+04 0.000000000000000000e+00
1.103000000000000000e+04 0.000000000000000000e+00
1.105000000000000000e+04 0.000000000000000000e+00
1.107000000000000000e+04 0.000000000000000000e+00
1.109000000000000000e+04 0.000000000000000000e+00
1.111000000000000000e+04 0.000000000000000000e+00
1.113000000000000000e+04 0.000000000000000000e+00
1.115000000000000000e+04 0.000000000000000000e+00
1.117000000000000000e+04 0.000000000000000000e+00
1.119000000000000000e+04 0.000000000000000000e+00
1.121000000000000000e+04 0.000000000000000000e+00
1.123000000000000000e+04 0.000000000000000000e+00
1.125000000000000000e+04 0.000000000000000000e+00
1.127000000000000000e+04 0.000000000000000000e+00
1.129000000000000000e+04 0.000000000000000000e+00
1.131000000000000000e+04 0.000000000000000000e+00
1.133000000000000000e+04 0.000000000000000000e+00
1.135000000000000000e+04 0.000000000000000000e+00
1.137000000000000000e+04 0.000000000000000000e+00
1.139000000000000000e+04 0.000000000000000000e+00
1.141000000000000000e+04 0.000000000000000000e+00
1.143000000000000000e+04 0.000000000000000000e+00
1.145000000000000000e+04 0.000000000000000000e+00
1.147000000000000000e+04 0.000000000000000000e+00
1.149000000000000000e+04 0.000000000000000000e+00
1.151000000000000000e+04 0.000000000000000000e+00
1.153000000000000000e+04 0.000000000000000000e+00
1.155000000000000000e+04 0.000000000000000000e+00
1.157000000000000000e+04 0.000000000000000000e+00
1.159000000000000000e+04 0.000000000000000000e+00
1.161000000000000000e+04 0.000000000000000000e+00
1.163000000000000000e+04 0.000000000000000000e+00
1.165000000000000000e+04 0.000000000000000000e+00
1.167000000000000000e+04 0.000000000000000000e+00
1.169000000000000000e+04 0.000000000000000000e+00
1.171000000000000000e+04 0.000000000000000000e+00
1.173000000000000000e+04 0.000000000000000000e+00
1.175000000000000000e+04 0.000000000000000000e+00
1.177000000000000000e+04 0.000000000000000000e+00
1.179000000000000000e+04 0.000000000000000000e+00
1.181000000000000000e+04 0.000000000000000000e+00
1.183000000000000000e+04 0.000000000000000000e+00
1.185000000000000000e+04 0.000000000000000000e+00
1.187000000000000000e+04 0.000000000000000000e+00
1.189000000000000000e+04 0.000000000000000000e+00
1.191000000000000000e+04 0.000000000000000000e+00
1.193000000000000000e+04 0.000000000000000000e+00
1.195000000000000000e+04 0.000000000000000000e+00
1.197000000000000000e+04 0.000000000000000000e+00
1.199000000000000000e+04 0.000000000000000000e+00
