3.689932843810778650e+03 4.463082601113124714e-01
3.709961163946696161e+03 3.408701047009312091e-01
3.729989484082613671e+03 3.223997202753557390e-01
3.750017804218530728e+03 2.718811971914191772e-01
3.770046124354448239e+03 3.602203845388272652e-01
3.790074444490365750e+03 3.486294810025913904e-01
3.810102764626282806e+03 3.883604309415927824e-01
3.830131084762199862e+03 3.945298305782121151e-01
3.850159404898117828e+03 6.335590662749823743e-01
3.870187725034034884e+03 6.133043155780310007e-01
3.890216045169951940e+03 6.018860018004134060e-01
3.910244365305869451e+03 8.833780361769205669e-01
3.930272685441786962e+03 8.073852280927396041e-01
3.950301005577704018e+03 8.227743374310524382e-01
3.970329325713621529e+03 9.105577194083878112e-01
3.990357645849539040e+03 8.565851625719744789e-01
4.010385965985456096e+03 7.988945201127355400e-01
4.030414286121373607e+03 7.391002015058820707e-01
4.050442606257291118e+03 6.989764147703079189e-01
4.070470926393208174e+03 5.943408085447170475e-01
4.090499246529125685e+03 5.768356101892787580e-01
4.110527566665043196e+03 5.158916476550594599e-01
4.130555886800960252e+03 5.054230492098158445e-01
4.150584206936877308e+03 4.417570345086905825e-01
4.170612527072795274e+03 4.858561953224028729e-01
4.190640847208712330e+03 4.895794457067034200e-01
4.210669167344629386e+03 5.818822556041470806e-01
4.230697487480547352e+03 5.021916333436796664e-01
4.250725807616464408e+03 5.009101571839195133e-01
4.270754127752381464e+03 5.427856168631343126e-01
4.290782447888299430e+03 5.041029100138738617e-01
4.310810768024216486e+03 5.763850840729297653e-01
4.330839088160133542e+03 6.019758424871201052e-01
4.350867408296051508e+03 4.866925378419129089e-01
4.370895728431968564e+03 4.944562789968683370e-01
4.390924048567885620e+03 4.728743687105629312e-01
4.410952368703803586e+03 4.676872718225276726e-01
4.430980688839719733e+03 6.060802290123067371e-01
4.451009008975637698e+03 6.638478923094132123e-01
4.471037329111555664e+03 7.591614335322608431e-01
4.491065649247471811e+03 9.547756406660712347e-01
4.511093969383389776e+03 1.021798013887098566e+00
4.531122289519307742e+03 1.095897045412199677e+00
4.551150609655223889e+03 1.218389712692434568e+00
4.571178929791141854e+03 1.407067029851466033e+00
4.591207249927058911e+03 1.384745332891273328e+00
4.611235570062975967e+03 1.365839006453575477e+00
4.631263890198893932e+03 1.298535207027077476e+00
4.651292210334810989e+03 1.208054647071778120e+00
4.671320530470728045e+03 1.057765524233137411e+00
4.691348850606646010e+03 9.171431294383292077e-01
4.711377170742563067e+03 8.483388456785720955e-01
4.731405490878480123e+03 7.662708536722566688e-01
4.751433811014398088e+03 6.781769222425220178e-01
4.771462131150315145e+03 6.272768316196115634e-01
4.791490451286232201e+03 5.965058368260617305e-01
4.811518771422150166e+03 6.367161066688846738e-01
4.831547091558067223e+03 6.899426946216146161e-01
4.851575411693984279e+03 7.110427898332172258e-01
4.871603731829902244e+03 7.063797757301167879e-01
4.891632051965819301e+03 7.152415471126331026e-01
4.911660372101736357e+03 8.112408485035462746e-01
4.931688692237654323e+03 8.240332262380958284e-01
4.951717012373571379e+03 8.064181434640359525e-01
4.971745332509488435e+03 7.677140023701556348e-01
4.991773652645406401e+03 7.108824205979272781e-01
5.011801972781323457e+03 6.600397867351768255e-01
5.031830292917240513e+03 6.994381328181833446e-01
5.051858613053158479e+03 7.338289035018316087e-01
5.071886933189075535e+03 8.218779654606286345e-01
5.091915253324992591e+03 8.559283996810455042e-01
5.111943573460910557e+03 9.313714804376216350e-01
5.131971893596826703e+03 9.997995651033433351e-01
5.152000213732744669e+03 1.066133222711184159e+00
5.172028533868661725e+03 1.040528626999833728e+00
5.192056854004578781e+03 1.135632268634147790e+00
5.212085174140496747e+03 1.173393235134857715e+00
5.232113494276413803e+03 1.311186973403724032e+00
5.252141814412330859e+03 1.383550136349097404e+00
5.272170134548248825e+03 1.394617769605557278e+00
5.292198454684165881e+03 1.454013519790299025e+00
5.312226774820082937e+03 1.509983860629114716e+00
5.332255094956000903e+03 1.420791085013163535e+00
5.352283415091917959e+03 1.422110308505616594e+00
5.372311735227835015e+03 1.379020659915575875e+00
5.392340055363752981e+03 1.325099765228887172e+00
5.412368375499670037e+03 1.336156274383709208e+00
5.432396695635587093e+03 1.340412968077493661e+00
5.452425015771505059e+03 1.452470254177655518e+00
5.472453335907422115e+03 1.559021919080547658e+00
5.492481656043339171e+03 1.632955920488051271e+00
5.512509976179257137e+03 1.629473194886734699e+00
5.532538296315174193e+03 1.498184207220947251e+00
5.552566616451091249e+03 1.340805809719058050e+00
5.572594936587009215e+03 1.169023992276850166e+00
5.592623256722926271e+03 1.000200434896656665e+00
5.612651576858843327e+03 8.446836625869177384e-01
5.632679896994761293e+03 7.419829378325584202e-01
5.652708217130678349e+03 6.731360762830812527e-01
5.672736537266595406e+03 6.205234166469840718e-01
5.692764857402513371e+03 6.284806764725121564e-01
5.712793177538430427e+03 6.413852739118287571e-01
5.732821497674347484e+03 6.923409220580347689e-01
5.752849817810264540e+03 7.410645889784103213e-01
5.772878137946182505e+03 8.408827808957574090e-01
5.792906458082099562e+03 1.014914975998430391e+00
5.812934778218016618e+03 1.163782418298736632e+00
5.832963098353934583e+03 1.285219046897097872e+00
5.852991418489851640e+03 1.352639954625293184e+00
5.873019738625768696e+03 1.396960226339033717e+00
5.893048058761685752e+03 1.370150952436158587e+00
5.913076378897603718e+03 1.435852169012923785e+00
5.933104699033520774e+03 1.467472020940327138e+00
5.953133019169437830e+03 1.434230966858924594e+00
5.973161339305355796e+03 1.322598572022425589e+00
5.993189659441272852e+03 1.219566973074216243e+00
6.013217979577189908e+03 1.143809975595799333e+00
6.033246299713107874e+03 1.110115173478366524e+00
6.053274619849024930e+03 1.085400641557852763e+00
6.073302939984941986e+03 1.109913922200557401e+00
6.093331260120859952e+03 1.108494581793360023e+00
6.113359580256777008e+03 1.145741635147349280e+00
6.133387900392694064e+03 1.205960026214216940e+00
6.153416220528612030e+03 1.259455671107834407e+00
6.173444540664529086e+03 1.256282714915202936e+00
6.193472860800446142e+03 1.297927078165871828e+00
6.213501180936364108e+03 1.309906107712956347e+00
6.233529501072281164e+03 1.264665675118058052e+00
6.253557821208198220e+03 1.224772950896086066e+00
6.273586141344116186e+03 1.176850931507489095e+00
6.293614461480033242e+03 1.185668671602684521e+00
6.313642781615950298e+03 1.248432388908166990e+00
6.333671101751867354e+03 1.246660400913059075e+00
6.353699421887785320e+03 1.304345142172038896e+00
6.373727742023702376e+03 1.304913488803910226e+00
6.393756062159619432e+03 1.332776819786930078e+00
6.413784382295537398e+03 1.423862761492969531e+00
6.433812702431454454e+03 1.421491089457716628e+00
6.453841022567371510e+03 1.505043083134497861e+00
6.473869342703289476e+03 1.538198618262060169e+00
6.493897662839206532e+03 1.499185376368390443e+00
6.513925982975123588e+03 1.454711184103715027e+00
6.533954303111040645e+03 1.446462018355014534e+00
6.553982623246958610e+03 1.394139026255784231e+00
6.574010943382875666e+03 1.369132384922433943e+00
6.594039263518792723e+03 1.259040455293200855e+00
6.614067583654710688e+03 1.179183838761727943e+00
6.634095903790627744e+03 1.128292192959878149e+00
6.654124223926544801e+03 1.079600880896096848e+00
6.674152544062462766e+03 1.029241971034898340e+00
6.694180864198379822e+03 9.303598315724770362e-01
6.714209184334296879e+03 9.764655022191891520e-01
6.734237504470214844e+03 8.780522804627594047e-01
6.754265824606131901e+03 8.173146079980319056e-01
6.774294144742048957e+03 8.207436123280231755e-01
6.794322464877966922e+03 8.141715066461213679e-01
6.814350785013883979e+03 8.322834094351165835e-01
6.834379105149801035e+03 7.394541717766091038e-01
6.854407425285719000e+03 7.955106904881779073e-01
6.874435745421636057e+03 7.702768868597879015e-01
6.894464065557553113e+03 8.039559185282519893e-01
6.914492385693471078e+03 8.928689976008783447e-01
6.934520705829388135e+03 9.229620665784314948e-01
6.954549025965305191e+03 9.492633091548771107e-01
6.974577346101222247e+03 9.727189522683474809e-01
6.994605666237140213e+03 9.522882847567692988e-01
7.014633986373057269e+03 9.225605814711339558e-01
7.034662306508974325e+03 9.449595851237222455e-01
7.054690626644892291e+03 8.667645295296314556e-01
7.074718946780809347e+03 8.713348056408082298e-01
7.094747266916726403e+03 9.188275635829556975e-01
7.114775587052644369e+03 8.598250232591715392e-01
7.134803907188561425e+03 8.439822337147154796e-01
7.154832227324478481e+03 9.085620187525464964e-01
7.174860547460395537e+03 1.010856612052277503e+00
7.194888867596313503e+03 1.041031246470196292e+00
7.214917187732230559e+03 1.040853193014096068e+00
7.234945507868147615e+03 1.098365171548242758e+00
7.254973828004065581e+03 1.108058605187994816e+00
7.275002148139982637e+03 1.249978808610604286e+00
7.295030468275899693e+03 1.284939859077932622e+00
7.315058788411817659e+03 1.239395175520240144e+00
7.335087108547734715e+03 1.186160176661393395e+00
7.355115428683651771e+03 1.068547424086236708e+00
7.375143748819569737e+03 1.034033745645463354e+00
7.395172068955486793e+03 1.119931107895915323e+00
7.415200389091403849e+03 1.153591045450896635e+00
7.435228709227321815e+03 1.191109655761646735e+00
7.455257029363238871e+03 1.001849771919215426e+00
7.475285349499155927e+03 8.623003732782906772e-01
7.495313669635073893e+03 6.882114045593299423e-01
7.515341989770990949e+03 6.080186715526602059e-01
7.535370309906908005e+03 4.731996469386498538e-01
7.555398630042825971e+03 2.861313952286504425e-01
7.575426950178743027e+03 3.664965857256569648e-01
7.595455270314660083e+03 4.722027510741536038e-01
7.615483590450577140e+03 6.710355590702526962e-01
7.635511910586495105e+03 8.195341715093591439e-01
7.655540230722412161e+03 1.056388611420907342e+00
7.675568550858329218e+03 1.200848569341327998e+00
7.695596870994247183e+03 1.378412734544034013e+00
7.715625191130164239e+03 1.497375234061260496e+00
7.735653511266081296e+03 1.519098671408957602e+00
7.755681831401999261e+03 1.597574872198982421e+00
7.775710151537916317e+03 1.553381389080961350e+00
7.795738471673833374e+03 1.599357640301297012e+00
7.815766791809751339e+03 1.587223042905996140e+00
7.835795111945668395e+03 1.550796459877715971e+00
7.855823432081585452e+03 1.525200003752930522e+00
7.875851752217503417e+03 1.408084681661702087e+00
7.895880072353420474e+03 1.414083493974897410e+00
7.915908392489337530e+03 1.258231128449097902e+00
7.935936712625255495e+03 1.177137546699394077e+00
7.955965032761172552e+03 1.109356767500212282e+00
7.975993352897089608e+03 1.056397564966128355e+00
7.996021673033007573e+03 9.283763160715224894e-01
8.016049993168924630e+03 8.493957709939817802e-01
8.036078313304840776e+03 8.309236866545122169e-01
