3.104246730974928596e+03 3.563295720804272038e-01
3.124289980920445942e+03 3.545916418944232706e-01
3.144333230865962832e+03 3.309485811505467612e-01
3.164376480811480178e+03 2.766276679104436864e-01
3.184419730756997524e+03 3.268641161958609209e-01
3.204462980702514869e+03 3.202603263354807384e-01
3.224506230648032215e+03 2.820283967969206551e-01
3.244549480593549106e+03 3.460048940311690746e-01
3.264592730539066451e+03 2.924582975425267239e-01
3.284635980484583797e+03 2.994703751257329349e-01
3.304679230430100688e+03 2.879990807451246471e-01
3.324722480375618034e+03 2.936247246335387251e-01
3.344765730321135379e+03 2.484048819334682134e-01
3.364808980266652725e+03 2.621335360408186821e-01
3.384852230212170070e+03 2.613782816877230353e-01
3.404895480157686961e+03 3.052428837085076063e-01
3.424938730103204307e+03 3.885922088676573294e-01
3.444981980048721653e+03 3.974135200752613728e-01
3.465025229994238998e+03 3.753197743949179821e-01
3.485068479939755889e+03 3.895614577628853104e-01
3.505111729885273235e+03 3.837583467213846466e-01
3.525154979830790580e+03 4.401769757323954479e-01
3.545198229776307926e+03 3.773292067678116757e-01
3.565241479721825272e+03 3.822290950983651681e-01
3.585284729667342162e+03 3.331026321657843958e-01
3.605327979612859508e+03 3.540849015794528265e-01
3.625371229558376854e+03 3.540325066074105909e-01
3.645414479503894199e+03 3.707293571797191656e-01
3.665457729449411090e+03 3.698133358447809327e-01
3.685500979394928436e+03 4.545262759719853052e-01
3.705544229340445781e+03 4.184350857179612304e-01
3.725587479285963127e+03 5.377891281284962188e-01
3.745630729231480018e+03 2.997389622856305169e-01
3.765673979176997364e+03 2.964424452946439748e-01
3.785717229122514709e+03 3.118125955382912151e-01
3.805760479068032055e+03 2.973927963729048329e-01
3.825803729013548946e+03 3.100516133072154235e-01
3.845846978959066291e+03 3.455903134901931462e-01
3.865890228904583637e+03 4.712179373896349110e-01
3.885933478850100983e+03 5.664215959295495484e-01
3.905976728795617873e+03 6.956120488840830118e-01
3.926019978741135219e+03 7.638370115952628492e-01
3.946063228686652565e+03 7.831928005048659491e-01
3.966106478632169910e+03 8.349662744640324874e-01
3.986149728577687256e+03 9.327700092883931537e-01
4.006192978523204147e+03 1.036728981895407298e+00
4.026236228468721492e+03 1.103585711678136461e+00
4.046279478414238838e+03 1.060773772277471716e+00
4.066322728359756184e+03 8.872915995311715376e-01
4.086365978305273075e+03 7.521151275146658044e-01
4.106409228250789965e+03 7.116984767333310868e-01
4.126452478196308221e+03 6.593333229679323448e-01
4.146495728141824657e+03 6.274180758819766224e-01
4.166538978087342912e+03 6.284686376689604392e-01
4.186582228032859348e+03 6.122374846835226814e-01
4.206625477978376693e+03 5.790157710995723628e-01
4.226668727923894039e+03 5.849410886695447509e-01
4.246711977869410475e+03 5.876010919452951953e-01
4.266755227814928730e+03 6.074846643537622493e-01
4.286798477760445166e+03 6.005699124641888931e-01
4.306841727705963422e+03 5.931747668370498383e-01
4.326884977651479858e+03 5.982314141083472370e-01
4.346928227596998113e+03 6.311142642755532828e-01
4.366971477542514549e+03 5.880823376336257180e-01
4.387014727488031895e+03 5.440218934307566867e-01
4.407057977433549240e+03 5.270784031120057112e-01
4.427101227379065676e+03 5.184011006274482636e-01
4.447144477324583931e+03 4.860227892569861097e-01
4.467187727270100368e+03 5.358688311043816599e-01
4.487230977215618623e+03 6.082990227911739822e-01
4.507274227161135059e+03 7.050324944671122473e-01
4.527317477106653314e+03 8.189673845558791410e-01
4.547360727052169750e+03 9.003201630974543290e-01
4.567403976997686186e+03 1.000000000000000000e+00
4.587447226943204441e+03 1.151647875117648878e+00
4.607490476888720877e+03 1.251972532255388737e+00
4.627533726834239133e+03 1.348436690677027538e+00
4.647576976779755569e+03 1.346757379544278876e+00
4.667620226725273824e+03 1.270508851022990271e+00
4.687663476670790260e+03 1.241297589171024063e+00
4.707706726616307606e+03 1.174363012387151128e+00
4.727749976561824951e+03 1.069265940052058328e+00
4.747793226507341387e+03 9.920276577296323062e-01
4.767836476452859642e+03 9.542890076839568581e-01
4.787879726398376079e+03 8.195051784762306113e-01
4.807922976343894334e+03 6.855366080629744507e-01
4.827966226289410770e+03 7.017718659020977245e-01
4.848009476234929025e+03 7.988118268657136145e-01
4.868052726180445461e+03 9.025279935047273439e-01
4.888095976125962807e+03 7.767379955344999587e-01
4.908139226071480152e+03 7.533032793501829305e-01
4.928182476016996588e+03 8.372580220216492286e-01
4.948225725962514844e+03 1.082720585494643561e+00
4.968268975908031280e+03 1.287195371692274604e+00
4.988312225853549535e+03 1.413257461438046203e+00
5.008355475799065971e+03 1.366395425551052867e+00
5.028398725744584226e+03 1.030984916850670396e+00
5.048441975690100662e+03 8.283583313436733153e-01
5.068485225635618008e+03 7.795486876017947431e-01
5.088528475581135353e+03 7.887141869184237652e-01
5.108571725526651790e+03 8.524767380168332132e-01
5.128614975472170045e+03 8.609562039800159328e-01
5.148658225417686481e+03 8.937921968551514329e-01
5.168701475363204736e+03 8.500210964308161365e-01
5.188744725308721172e+03 8.389560954337432763e-01
5.208787975254238518e+03 8.402327146111898681e-01
5.228831225199755863e+03 8.976014817127703216e-01
5.248874475145273209e+03 9.921373463906145718e-01
5.268917725090790555e+03 1.086976186059231519e+00
5.288960975036306991e+03 1.209754112100107859e+00
5.309004224981825246e+03 1.299097123878113935e+00
5.329047474927341682e+03 1.366062583877215131e+00
5.349090724872859937e+03 1.427940832871327226e+00
5.369133974818376373e+03 1.463700401290108921e+00
5.389177224763893719e+03 1.477986453866662719e+00
5.409220474709411064e+03 1.420247717464159898e+00
5.429263724654928410e+03 1.378813092012599384e+00
5.449306974600445756e+03 1.371465016665221803e+00
5.469350224545962192e+03 1.475697997937001515e+00
5.489393474491480447e+03 1.568474371297608361e+00
5.509436724436996883e+03 1.662297579160602723e+00
5.529479974382515138e+03 1.673581667041879939e+00
5.549523224328031574e+03 1.598123322855049100e+00
5.569566474273548920e+03 1.513811951657138222e+00
5.589609724219066266e+03 1.490158797232949084e+00
5.609652974164582702e+03 1.489887237926633023e+00
5.629696224110100957e+03 1.487008709279681762e+00
5.649739474055617393e+03 1.437433694269374174e+00
5.669782724001135648e+03 1.189106020373976724e+00
5.689825973946652084e+03 1.002859998717814172e+00
5.709869223892170339e+03 9.038475587457325267e-01
5.729912473837686775e+03 8.762733202885473194e-01
5.749955723783204121e+03 9.479993746681384392e-01
5.769998973728721467e+03 1.036778482171100357e+00
5.790042223674237903e+03 1.233348888534382848e+00
5.810085473619756158e+03 1.460365014045473142e+00
5.830128723565272594e+03 1.602029517112176560e+00
5.850171973510790849e+03 1.784299058573106223e+00
5.870215223456307285e+03 1.892835456146154227e+00
5.890258473401824631e+03 1.807871471299802302e+00
5.910301723347341976e+03 1.841724799882090036e+00
5.930344973292859322e+03 1.802446674804216276e+00
5.950388223238376668e+03 1.791290379537676225e+00
5.970431473183893104e+03 1.698113589317559402e+00
5.990474723129411359e+03 1.586282272161209983e+00
6.010517973074927795e+03 1.504500323421808838e+00
6.030561223020446050e+03 1.404301329021894640e+00
6.050604472965962486e+03 1.353856259292919084e+00
6.070647722911479832e+03 1.328479840821519042e+00
6.090690972856997178e+03 1.327798280209588233e+00
6.110734222802514523e+03 1.323255252755688227e+00
6.130777472748031869e+03 1.289349742189048964e+00
6.150820722693548305e+03 1.251506960524880752e+00
6.170863972639066560e+03 1.221225629149665703e+00
6.190907222584582996e+03 1.246311319422539254e+00
6.210950472530101251e+03 1.242756554855938278e+00
6.230993722475617687e+03 1.218192684426574024e+00
6.251036972421135033e+03 1.134573716850329594e+00
6.271080222366652379e+03 1.052539590684514748e+00
6.291123472312168815e+03 1.037741099404124068e+00
6.311166722257687070e+03 1.039937641463762219e+00
6.331209972203203506e+03 1.077036834691558864e+00
6.351253222148721761e+03 1.109521039669596254e+00
6.371296472094238197e+03 1.143535173958762030e+00
6.391339722039756452e+03 1.177578061586243230e+00
6.411382971985272889e+03 1.243845986896570777e+00
6.431426221930790234e+03 1.272848520811133977e+00
6.451469471876307580e+03 1.283493645618726031e+00
6.471512721821824016e+03 1.246466800437135758e+00
6.491555971767342271e+03 1.231076309868976315e+00
6.511599221712858707e+03 1.239135764105056658e+00
6.531642471658376962e+03 1.231124038474328719e+00
6.551685721603893398e+03 1.610965415697661385e+00
6.571728971549410744e+03 1.758160144167108419e+00
6.591772221494928090e+03 1.523389136818394274e+00
6.611815471440445435e+03 1.480877858587674289e+00
6.631858721385962781e+03 1.543439798070629587e+00
6.651901971331479217e+03 1.603146637552669063e+00
6.671945221276997472e+03 1.631123635733967348e+00
6.691988471222513908e+03 1.597175527629082881e+00
6.712031721168032163e+03 1.685830492351834575e+00
6.732074971113548600e+03 1.618021697908056167e+00
6.752118221059065945e+03 1.503768710702439781e+00
6.772161471004583291e+03 1.446582580546087904e+00
6.792204720950100636e+03 1.415451234657697954e+00
6.812247970895617982e+03 1.332227359248681742e+00
6.832291220841134418e+03 1.281069845692547338e+00
6.852334470786652673e+03 1.194193231378965381e+00
6.872377720732169109e+03 1.150521170231051382e+00
6.892420970677687365e+03 1.120161904723363966e+00
6.912464220623203801e+03 1.118630716848606266e+00
6.932507470568721146e+03 1.165631581985245413e+00
6.952550720514238492e+03 1.267426919130916652e+00
6.972593970459755838e+03 1.345374024489750742e+00
6.992637220405273183e+03 1.426030333281009588e+00
7.012680470350789619e+03 1.475892881674475188e+00
7.032723720296307874e+03 1.511937853599502724e+00
7.052766970241824311e+03 1.534233405117284788e+00
7.072810220187342566e+03 1.491549606856670041e+00
7.092853470132859002e+03 1.428322564901560510e+00
7.112896720078376347e+03 1.361180905994261670e+00
7.132939970023893693e+03 1.334108040562227648e+00
7.152983219969410129e+03 1.312369451857007707e+00
7.173026469914928384e+03 1.261667731960102179e+00
7.193069719860444820e+03 1.276632247145805366e+00
7.213112969805963075e+03 1.273402288808327620e+00
7.233156219751479512e+03 1.308657076398897612e+00
7.253199469696997767e+03 1.348323904013263297e+00
7.273242719642514203e+03 1.344889477492206220e+00
7.293285969588031548e+03 1.338519209272740484e+00
7.313329219533548894e+03 1.307006421791878203e+00
7.333372469479065330e+03 1.281534158859425343e+00
7.353415719424583585e+03 1.270711189329657431e+00
7.373458969370100021e+03 1.240462677421409143e+00
7.393502219315618277e+03 1.246561579959732491e+00
7.413545469261134713e+03 1.230363866041817467e+00
7.433588719206652968e+03 1.283115592466795629e+00
7.453631969152169404e+03 1.319076434253788177e+00
7.473675219097685840e+03 1.332735625330021989e+00
7.493718469043204095e+03 1.314108496355887112e+00
7.513761718988720531e+03 1.305693352675455721e+00
7.533804968934238786e+03 1.167115999699261275e+00
7.553848218879755223e+03 1.227274479580550581e+00
7.573891468825273478e+03 1.127637772685478934e+00
7.593934718770789914e+03 1.052115958166661480e+00
7.613977968716308169e+03 8.908573329638705962e-01
7.634021218661824605e+03 8.240109330841659530e-01
7.654064468607341041e+03 8.409213038169310872e-01
7.674107718552859296e+03 8.577923395956296160e-01
7.694150968498375732e+03 9.622234381452862140e-01
7.714194218443893988e+03 1.100891843359480093e+00
7.734237468389410424e+03 1.195127182405001598e+00
7.754280718334928679e+03 1.225015745115073607e+00
7.774323968280445115e+03 1.179351184115718931e+00
7.794367218225962461e+03 1.205451760737295430e+00
7.814410468171479806e+03 1.204346354619820314e+00
7.834453718116996242e+03 1.213609189311340542e+00
7.854496968062514497e+03 1.235482541137556067e+00
7.874540218008030934e+03 1.228170092822165715e+00
7.894583467953549189e+03 1.183245664049829005e+00
7.914626717899065625e+03 1.186819597508640411e+00
7.934669967844583880e+03 1.153943882429090406e+00
7.954713217790100316e+03 1.119057563544345379e+00
7.974756467735617662e+03 1.144879126290412552e+00
7.994799717681135007e+03 1.115061914456901393e+00
8.014842967626651443e+03 1.082507810791106362e+00
8.034886217572169699e+03 1.072203572783325454e+00
8.054929467517686135e+03 1.074056265577992164e+00
8.074972717463204390e+03 1.083895425599459061e+00
8.095015967408720826e+03 1.014103512443912392e+00
8.115059217354239081e+03 9.645959080378784245e-01
8.135102467299755517e+03 1.015301035737843804e+00
8.155145717245271953e+03 1.009266242494579968e+00
8.175188967190790208e+03 9.942090776631928861e-01
8.195232217136306645e+03 9.073180866804526623e-01
8.215275467081824900e+03 7.505117561750989097e-01
8.235318717027341336e+03 5.748625885706895033e-01
8.255361966972859591e+03 3.977556848012196999e-01
8.275405216918376027e+03 3.348093025355972085e-01
8.295448466863894282e+03 3.203956800132563010e-01
8.315491716809410718e+03 3.152008037303515864e-01
8.335534966754927154e+03 3.176443050179686978e-01
8.355578216700445410e+03 3.336327585292518383e-01
8.375621466645961846e+03 3.549778524749275799e-01
8.395664716591480101e+03 3.558670760858059778e-01
8.415707966536996537e+03 3.691829600475559081e-01
8.435751216482514792e+03 3.892777968832039637e-01
8.455794466428031228e+03 4.536351354718859974e-01
8.475837716373547664e+03 5.288460944553553533e-01
8.495880966319065919e+03 6.020473015843942344e-01
8.515924216264582356e+03 7.036007912066754022e-01
8.535967466210100611e+03 7.935197217017631033e-01
8.556010716155617047e+03 9.425442274265527498e-01
8.576053966101135302e+03 1.103721278343603229e+00
8.596097216046651738e+03 1.209839307176599155e+00
8.616140465992169993e+03 1.307020265991808206e+00
8.636183715937686429e+03 1.357858298011099585e+00
8.656226965883202865e+03 1.335938669768335085e+00
8.676270215828721120e+03 1.330327509042924738e+00
8.696313465774237557e+03 1.326063495464533837e+00
8.716356715719755812e+03 1.327783371071202589e+00
8.736399965665272248e+03 1.236365859180632132e+00
8.756443215610790503e+03 1.195606404710265469e+00
8.776486465556306939e+03 1.164379214360822923e+00
8.796529715501825194e+03 1.155321912791338113e+00
8.816572965447341630e+03 1.107399004576853807e+00
8.836616215392858066e+03 1.002168427684395846e+00
8.856659465338376322e+03 9.783643908434888070e-01
8.876702715283892758e+03 9.345271577410269037e-01
8.896745965229411013e+03 9.332026937831233715e-01
8.916789215174927449e+03 8.568476714162213126e-01
8.936832465120445704e+03 8.555794362088020577e-01
8.956875715065962140e+03 7.909389498471492974e-01
8.976918965011480395e+03 7.542180614840086061e-01
8.996962214956996831e+03 8.283294618302532442e-01
9.017005464902513268e+03 8.326596177680295474e-01
9.037048714848031523e+03 8.217818039077703363e-01
9.057091964793547959e+03 7.625505659402437297e-01
9.077135214739066214e+03 7.678414996718924135e-01
9.097178464684582650e+03 7.118702513063067672e-01
9.117221714630100905e+03 7.644903513381058335e-01
9.137264964575617341e+03 7.716254389942550640e-01
9.157308214521135596e+03 7.839716964916881858e-01
9.177351464466652033e+03 8.161654249839247477e-01
9.197394714412168469e+03 8.670223548201835273e-01
9.217437964357686724e+03 8.588233452400554357e-01
9.237481214303203160e+03 9.201124702802300215e-01
9.257524464248721415e+03 8.870332454617115836e-01
9.277567714194237851e+03 8.830175755312924535e-01
9.297610964139756106e+03 9.416552168033658354e-01
9.317654214085272542e+03 8.997707613479308808e-01
9.337697464030790798e+03 7.866116789244631535e-01
9.357740713976307234e+03 8.291702404226359846e-01
9.377783963921823670e+03 9.380212208156279985e-01
9.397827213867341925e+03 9.647997372583840825e-01
9.417870463812858361e+03 9.236157983193993282e-01
9.437913713758376616e+03 9.139607467944819152e-01
9.457956963703893052e+03 8.517695123881096064e-01
9.478000213649411307e+03 8.042319376320922197e-01
9.498043463594927744e+03 8.939598181681482902e-01
9.518086713540444180e+03 8.877899907286459502e-01
9.538129963485962435e+03 9.273128386637407017e-01
9.558173213431478871e+03 8.323794324602188377e-01
9.578216463376997126e+03 7.853224063419059764e-01
9.598259713322513562e+03 8.250397701266445338e-01
9.618302963268031817e+03 8.723663805745001110e-01
9.638346213213548253e+03 8.340935573992243057e-01
9.658389463159066509e+03 7.984564569028990144e-01
9.678432713104582945e+03 8.387356241295459425e-01
9.698475963050099381e+03 7.870003814609549675e-01
9.718519212995617636e+03 7.951368307474141472e-01
9.738562462941134072e+03 8.079902119376619618e-01
9.758605712886652327e+03 7.794275847368140608e-01
