3.271966429938553119e+03 5.493169346484322313e-02
3.291968326861859168e+03 1.464759427329473673e-01
3.311970223785165217e+03 5.171434057349873908e-02
3.331972120708471266e+03 1.407984526248071966e-01
3.351974017631777315e+03 8.214608522034071159e-02
3.371975914555083364e+03 2.117506755894672243e-01
3.391977811478389413e+03 2.852734139119045276e-01
3.411979708401695461e+03 3.143336740656876294e-01
3.431981605325001510e+03 4.129328064255161079e-01
3.451983502248307559e+03 5.181173649965369332e-01
3.471985399171613608e+03 5.526661268537992333e-01
3.491987296094919657e+03 4.075233152333277431e-01
3.511989193018225706e+03 4.396458806543344089e-01
3.531991089941531754e+03 4.951760236517851466e-01
3.551992986864837803e+03 5.202963767056877353e-01
3.571994883788143852e+03 5.239008459358298619e-01
3.591996780711449901e+03 4.629480614056734611e-01
3.611998677634755950e+03 5.976316482209068637e-01
3.632000574558061999e+03 6.171588677323893712e-01
3.652002471481368048e+03 6.580170527889849241e-01
3.672004368404674096e+03 6.034067714009129224e-01
3.692006265327980145e+03 5.710489898609604209e-01
3.712008162251286194e+03 4.147477589355675343e-01
3.732010059174592243e+03 2.816021625313952503e-01
3.752011956097898292e+03 2.468010323094375902e-01
3.772013853021204341e+03 2.422815739750747710e-01
3.792015749944510389e+03 2.486307507651142612e-01
3.812017646867816438e+03 2.329517142288798359e-01
3.832019543791122487e+03 3.422045462907949420e-01
3.852021440714428536e+03 4.313228426051799458e-01
3.872023337637734585e+03 6.619824185142340056e-01
3.892025234561040634e+03 9.442698944717428100e-01
3.912027131484346683e+03 1.269489492920029550e+00
3.932029028407652731e+03 1.393798448698544190e+00
3.952030925330958780e+03 1.550269517970100930e+00
3.972032822254264829e+03 1.518327440758611591e+00
3.992034719177570878e+03 1.549196796140323018e+00
4.012036616100876927e+03 1.517342638103626795e+00
4.032038513024182976e+03 1.335424589521447603e+00
4.052040409947489024e+03 1.148339618867365797e+00
4.072042306870795073e+03 1.034446403568619388e+00
4.092044203794101122e+03 8.795651981915661999e-01
4.112046100717407171e+03 8.353116020640393158e-01
4.132047997640713220e+03 8.316334030106803388e-01
4.152049894564019269e+03 9.079139783962226762e-01
4.172051791487325318e+03 9.289459199838999703e-01
4.192053688410631366e+03 1.016186452144412833e+00
4.212055585333937415e+03 9.282981165696676529e-01
4.232057482257243464e+03 9.891862426423905230e-01
4.252059379180549513e+03 1.005096159424498259e+00
4.272061276103855562e+03 1.009195894398609461e+00
4.292063173027161611e+03 1.059324304533701966e+00
4.312065069950467660e+03 1.081165895489014650e+00
4.332066966873773708e+03 1.049625136299019212e+00
4.352068863797079757e+03 9.485218274394249249e-01
4.372070760720385806e+03 7.587944347262259859e-01
4.392072657643691855e+03 6.596441041452336673e-01
4.412074554566997904e+03 6.185614270481213373e-01
4.432076451490303953e+03 6.343723580458884292e-01
4.452078348413610001e+03 6.966538322016865292e-01
4.472080245336916050e+03 8.037083423626557588e-01
4.492082142260222099e+03 9.249538796478123936e-01
4.512084039183528148e+03 1.131983306968594283e+00
4.532085936106834197e+03 1.311224743177196395e+00
4.552087833030140246e+03 1.475820898910208401e+00
4.572089729953446295e+03 1.587987517600872422e+00
4.592091626876752343e+03 1.709018938683971589e+00
4.612093523800058392e+03 1.669780286425577298e+00
4.632095420723364441e+03 1.639105243238433429e+00
4.652097317646670490e+03 1.533599413313842419e+00
4.672099214569976539e+03 1.510691089114469809e+00
4.692101111493282588e+03 1.411536085838138499e+00
4.712103008416588636e+03 1.242227195732829470e+00
4.732104905339894685e+03 1.052998248594148700e+00
4.752106802263200734e+03 8.640879324650004856e-01
4.772108699186506783e+03 7.098669815083306078e-01
4.792110596109812832e+03 6.661741887454102340e-01
4.812112493033118881e+03 6.456668678185416566e-01
4.832114389956424930e+03 6.739127117132927003e-01
4.852116286879730978e+03 6.722867707287527583e-01
4.872118183803037027e+03 6.868937876240016616e-01
4.892120080726342167e+03 7.586985831016180848e-01
4.912121977649648215e+03 8.617612984071346682e-01
4.932123874572954264e+03 1.056228611045720633e+00
4.952125771496260313e+03 1.154206214982517409e+00
4.972127668419566362e+03 1.051424223909440903e+00
4.992129565342872411e+03 9.034436732773379886e-01
5.012131462266178460e+03 8.364120089714554007e-01
5.032133359189484509e+03 8.199466266013347715e-01
5.052135256112790557e+03 7.929739194936866742e-01
5.072137153036096606e+03 9.252355515496795135e-01
5.092139049959402655e+03 1.097982269496071028e+00
5.112140946882708704e+03 1.144910902354030480e+00
5.132142843806014753e+03 1.132899834608421363e+00
5.152144740729320802e+03 1.177027273670647745e+00
5.172146637652626850e+03 1.234448000049073180e+00
5.192148534575932899e+03 1.252456493670473847e+00
5.212150431499238948e+03 1.310506886440417018e+00
5.232152328422544997e+03 1.501374476759275822e+00
5.252154225345851046e+03 1.640023449280740175e+00
5.272156122269157095e+03 1.753443854604748831e+00
5.292158019192463144e+03 1.807111287690977175e+00
5.312159916115769192e+03 1.872473560939961867e+00
5.332161813039075241e+03 1.820799145165640009e+00
5.352163709962381290e+03 1.813113260667364335e+00
5.372165606885687339e+03 1.775654371555466904e+00
5.392167503808993388e+03 1.725631726466432037e+00
5.412169400732299437e+03 1.667415597160466945e+00
5.432171297655605485e+03 1.597588399385580837e+00
5.452173194578911534e+03 1.686646632868369577e+00
5.472175091502217583e+03 1.791912725263253181e+00
5.492176988425523632e+03 1.732946763940613755e+00
5.512178885348829681e+03 1.757218861515421171e+00
5.532180782272135730e+03 1.691919214372568092e+00
5.552182679195441779e+03 1.637495655260366778e+00
5.572184576118747827e+03 1.541649328466957458e+00
5.592186473042053876e+03 1.596934441828922857e+00
5.612188369965359925e+03 1.560772860783377736e+00
5.632190266888665974e+03 1.500737702847053212e+00
5.652192163811972023e+03 1.495577271739842562e+00
5.672194060735278072e+03 1.382622366205622066e+00
5.692195957658584121e+03 1.301319591000090092e+00
5.712197854581890169e+03 1.172162583930988600e+00
5.732199751505196218e+03 1.052077941694316010e+00
5.752201648428502267e+03 1.126164813640158080e+00
5.772203545351808316e+03 1.282297376534041300e+00
5.792205442275114365e+03 1.554856971585875103e+00
5.812207339198420414e+03 1.775650518080386098e+00
5.832209236121726462e+03 1.833905670244005082e+00
5.852211133045032511e+03 1.805825597138387417e+00
5.872213029968338560e+03 1.808943629364134997e+00
5.892214926891644609e+03 1.514727367344487874e+00
5.912216823814950658e+03 1.723023808708633142e+00
5.932218720738256707e+03 1.708493153417359967e+00
5.952220617661562756e+03 1.656245568905060361e+00
5.972222514584868804e+03 1.586775830896394623e+00
5.992224411508174853e+03 1.524762256037081487e+00
6.012226308431480902e+03 1.462622721067860621e+00
6.032228205354786951e+03 1.434572456732814416e+00
6.052230102278093000e+03 1.443538066033368983e+00
6.072231999201399049e+03 1.417678179731749699e+00
6.092233896124705097e+03 1.427732210205004737e+00
6.112235793048011146e+03 1.407106758858707618e+00
6.132237689971317195e+03 1.383656541866885803e+00
6.152239586894623244e+03 1.346464761375475216e+00
6.172241483817929293e+03 1.268554617029964637e+00
6.192243380741235342e+03 1.113160582625851047e+00
6.212245277664541391e+03 9.555143261948988442e-01
6.232247174587847439e+03 9.095073218360032463e-01
6.252249071511153488e+03 9.098970708689763098e-01
6.272250968434459537e+03 9.648984200348267315e-01
6.292252865357765586e+03 9.921414983718631619e-01
6.312254762281071635e+03 1.072290343328316853e+00
6.332256659204377684e+03 1.164350119912366255e+00
6.352258556127683732e+03 1.320551186175486391e+00
6.372260453050989781e+03 1.449088822767601314e+00
6.392262349974295830e+03 1.524950548247244297e+00
6.412264246897601879e+03 1.553828270713652149e+00
6.432266143820907928e+03 1.621190095055625058e+00
6.452268040744213977e+03 1.559690910594387026e+00
6.472269937667519116e+03 1.496318069498270953e+00
6.492271834590825165e+03 1.454756787941669405e+00
6.512273731514131214e+03 1.396037437606511666e+00
6.532275628437437263e+03 1.305871658296916538e+00
6.552277525360743311e+03 1.290394369734942481e+00
6.572279422284049360e+03 1.392913365415378024e+00
6.592281319207355409e+03 1.482808088433348104e+00
6.612283216130661458e+03 1.543894525751444702e+00
6.632285113053967507e+03 1.589763487215233972e+00
6.652287009977273556e+03 1.579539758262688220e+00
6.672288906900579605e+03 1.535530352569406620e+00
6.692290803823885653e+03 1.522877290166446462e+00
6.712292700747191702e+03 1.469718367360762556e+00
6.732294597670497751e+03 1.412383539223531770e+00
6.752296494593803800e+03 1.413459112624869674e+00
6.772298391517109849e+03 1.402558131145194675e+00
6.792300288440415898e+03 1.157779593804820761e+00
6.812302185363721946e+03 1.195030278230877263e+00
6.832304082287027995e+03 1.212720720291219578e+00
6.852305979210334044e+03 1.256939152745025767e+00
6.872307876133640093e+03 1.193746280352897537e+00
6.892309773056946142e+03 1.131015927729827508e+00
6.912311669980252191e+03 1.093542315488694738e+00
6.932313566903558240e+03 1.114235099889574254e+00
6.952315463826864288e+03 1.215456875990863050e+00
6.972317360750170337e+03 1.295764458430821220e+00
6.992319257673476386e+03 1.345628597244856284e+00
7.012321154596782435e+03 1.382911091394100289e+00
7.032323051520088484e+03 1.374647322646118219e+00
7.052324948443394533e+03 1.320502492522592108e+00
7.072326845366700582e+03 1.282758657482221620e+00
7.092328742290006630e+03 1.233801914999284710e+00
7.112330639213312679e+03 1.165383736106136769e+00
7.132332536136618728e+03 1.147378930403110120e+00
7.152334433059924777e+03 1.139046144489213708e+00
7.172336329983230826e+03 1.158911536410529353e+00
7.192338226906536875e+03 1.224127383315286810e+00
7.212340123829842923e+03 1.217634894359770792e+00
7.232342020753148972e+03 1.246544686302130778e+00
7.252343917676455021e+03 1.236464780457313006e+00
7.272345814599761070e+03 1.213120719567907901e+00
7.292347711523067119e+03 1.205649570682129079e+00
7.312349608446373168e+03 1.162476788682050177e+00
7.332351505369679217e+03 1.134128465185551882e+00
7.352353402292985265e+03 1.156550084064486894e+00
7.372355299216291314e+03 1.174902516036211653e+00
7.392357196139597363e+03 1.195835511801512041e+00
7.412359093062903412e+03 1.173786572488154656e+00
7.432360989986209461e+03 1.190608307107212216e+00
7.452362886909515510e+03 1.184072268174428899e+00
7.472364783832821558e+03 1.152115504941241930e+00
7.492366680756127607e+03 1.128047730032934570e+00
7.512368577679433656e+03 5.462148672272244543e-01
7.532370474602739705e+03 5.885268942168154771e-01
7.552372371526045754e+03 6.265514420719214828e-01
7.572374268449351803e+03 8.540762217114128418e-01
7.592376165372657852e+03 1.002394413830115294e+00
7.612378062295963900e+03 1.006861639023361343e+00
7.632379959219269949e+03 9.002498731682196942e-01
7.652381856142575998e+03 9.479430583176626790e-01
7.672383753065882047e+03 9.464466140768270641e-01
7.692385649989188096e+03 9.992976584956670960e-01
7.712387546912494145e+03 1.022749856459123752e+00
7.732389443835800193e+03 1.026920986335995600e+00
7.752391340759106242e+03 1.061035515785720085e+00
7.772393237682412291e+03 1.088389134623488408e+00
7.792395134605718340e+03 1.085094955770148362e+00
7.812397031529024389e+03 1.070449555408666598e+00
7.832398928452330438e+03 1.114664291380820682e+00
7.852400825375636487e+03 1.092487259701343749e+00
7.872402722298942535e+03 1.071137303660145923e+00
7.892404619222248584e+03 1.067183524049973853e+00
7.912406516145554633e+03 1.000702341504332793e+00
7.932408413068860682e+03 9.641707526359337699e-01
7.952410309992166731e+03 9.721870968850280237e-01
7.972412206915472780e+03 9.400228768256085887e-01
7.992414103838778829e+03 9.318376276276478798e-01
8.012416000762084877e+03 8.603759455712458593e-01
8.032417897685390926e+03 8.204696088216275607e-01
8.052419794608696975e+03 7.782278920529223099e-01
8.072421691532003024e+03 7.183014135315866078e-01
8.092423588455309073e+03 6.924092779251781460e-01
8.112425485378615122e+03 6.521200456193789741e-01
8.132427382301921170e+03 5.685172795681341373e-01
8.152429279225227219e+03 5.431571775668201374e-01
8.172431176148533268e+03 5.081016437744390046e-01
8.192433073071839317e+03 5.050811986642993467e-01
8.212434969995145366e+03 4.945779357749500726e-01
8.232436866918451415e+03 4.563765419578847404e-01
8.252438763841757464e+03 4.232277875595230054e-01
8.272440660765063512e+03 3.999630711492495050e-01
8.292442557688369561e+03 3.458966521075576006e-01
8.312444454611675610e+03 3.538843693184390293e-01
8.332446351534981659e+03 4.044378177549683984e-01
8.352448248458287708e+03 3.923945549386638199e-01
8.372450145381593757e+03 4.390883113543697647e-01
8.392452042304899805e+03 4.962324210193495566e-01
8.412453939228205854e+03 5.764216418313742318e-01
8.432455836151511903e+03 6.087779190888320535e-01
8.452457733074817952e+03 5.978857064057859771e-01
8.472459629998124001e+03 6.213906541614625523e-01
8.492461526921430050e+03 6.861997881796128018e-01
8.512463423844736099e+03 7.791147736244593558e-01
8.532465320768042147e+03 8.560654883075741184e-01
8.552467217691348196e+03 9.439434451894342937e-01
8.572469114614654245e+03 1.014170822069845768e+00
8.592471011537960294e+03 1.051792653234724817e+00
8.612472908461266343e+03 1.123949253860682784e+00
8.632474805384572392e+03 1.102973718584913776e+00
8.652476702307878440e+03 1.117182654377736561e+00
8.672478599231184489e+03 1.088107428468509497e+00
8.692480496154490538e+03 1.053602039614103481e+00
8.712482393077796587e+03 1.022200839019413054e+00
8.732484290001102636e+03 1.007593562371399187e+00
8.752486186924408685e+03 9.827401381091462884e-01
8.772488083847714734e+03 9.481848681606359630e-01
8.792489980771020782e+03 9.007828087719256249e-01
8.812491877694326831e+03 8.916886817957800915e-01
8.832493774617632880e+03 8.546875997956387971e-01
8.852495671540938929e+03 7.751894469325151249e-01
8.872497568464244978e+03 7.886209255739722312e-01
8.892499465387551027e+03 7.270376582864664927e-01
8.912501362310857075e+03 6.677304075208176926e-01
8.932503259234163124e+03 7.077869413113904162e-01
8.952505156157469173e+03 6.921658296416887124e-01
8.972507053080775222e+03 6.383914355049149503e-01
8.992508950004081271e+03 5.824896205542602345e-01
9.012510846927387320e+03 5.566225610801383006e-01
9.032512743850693369e+03 5.482720691618511166e-01
9.052514640773999417e+03 5.611122363337637253e-01
9.072516537697305466e+03 5.434192281444598649e-01
9.092518434620611515e+03 5.681183792454502779e-01
9.112520331543917564e+03 5.766290387146610907e-01
9.132522228467223613e+03 6.199218521818747885e-01
9.152524125390529662e+03 6.638164014823336734e-01
9.172526022313835711e+03 6.855676098932275142e-01
9.192527919237141759e+03 6.592113760201903094e-01
9.212529816160447808e+03 5.995810527581741933e-01
9.232531713083753857e+03 5.090574740056666991e-01
9.252533610007059906e+03 4.987939743358588696e-01
9.272535506930365955e+03 5.750902833174357243e-01
9.292537403853672004e+03 5.898122907635284795e-01
9.312539300776978052e+03 5.248538988105732050e-01
9.332541197700284101e+03 4.885429313810536467e-01
9.352543094623590150e+03 4.890756129408467268e-01
9.372544991546896199e+03 5.071614586520404311e-01
9.392546888470202248e+03 5.692099203057537915e-01
9.412548785393508297e+03 5.117097895052509227e-01
9.432550682316814346e+03 4.998918094054612959e-01
9.452552579240120394e+03 4.529285980311080206e-01
9.472554476163426443e+03 5.021900704690268613e-01
9.492556373086732492e+03 5.013165419022519442e-01
9.512558270010038541e+03 5.048902290025617523e-01
9.532560166933344590e+03 4.694053752697646131e-01
9.552562063856650639e+03 5.811354894298057516e-01
9.572563960779956687e+03 6.148928388470570328e-01
9.592565857703262736e+03 5.587104338219838207e-01
9.612567754626568785e+03 4.740872961135432773e-01
9.632569651549874834e+03 4.745884419750437400e-01
9.652571548473180883e+03 5.792148375254949633e-01
9.672573445396486932e+03 5.648139644205250054e-01
9.692575342319792981e+03 5.624337299514947652e-01
9.712577239243099029e+03 4.914314049601592460e-01
9.732579136166405078e+03 4.720293377560303427e-01
9.752581033089711127e+03 6.210635854687149848e-01
9.772582930013017176e+03 5.766895810898229335e-01
9.792584826936323225e+03 5.109575740428787816e-01
9.812586723859629274e+03 5.362855180810353062e-01
9.832588620782935322e+03 4.830586399559036459e-01
9.852590517706241371e+03 5.490046518822919719e-01
9.872592414629547420e+03 5.588679039403505744e-01
9.892594311552853469e+03 6.043238156918435688e-01
9.912596208476159518e+03 5.335592669541203703e-01
9.932598105399465567e+03 6.390235509939284908e-01
9.952600002322771616e+03 4.522161821157004158e-01
9.972601899246077664e+03 4.364256317194731283e-01
