3.331472161074225369e+03 3.454974114725183343e-01
3.351555224242677468e+03 3.762598463344168365e-01
3.371638287411128658e+03 4.372917708528755720e-01
3.391721350579580758e+03 4.380025072921165386e-01
3.411804413748031948e+03 4.498783996945804886e-01
3.431887476916484047e+03 4.490584711902600445e-01
3.451970540084935237e+03 4.749094030652484255e-01
3.472053603253386427e+03 4.539074388870162347e-01
3.492136666421838527e+03 4.498053669591597914e-01
3.512219729590289717e+03 4.337540038323876579e-01
3.532302792758741816e+03 4.121954464893622938e-01
3.552385855927193006e+03 4.156948781218893774e-01
3.572468919095645106e+03 4.361412994719107705e-01
3.592551982264096296e+03 4.310257810784420274e-01
3.612635045432548395e+03 4.407878465180644634e-01
3.632718108600999585e+03 4.293745973880235822e-01
3.652801171769451685e+03 4.353708159048958470e-01
3.672884234937902875e+03 4.452843834446255089e-01
3.692967298106354974e+03 4.681330492611728844e-01
3.713050361274806164e+03 5.052741299831888799e-01
3.733133424443258264e+03 5.788463945700167423e-01
3.753216487611709454e+03 5.493378853427945963e-01
3.773299550780160644e+03 5.820390637831615033e-01
3.793382613948612743e+03 6.167786575733783527e-01
3.813465677117063933e+03 6.317839456831703115e-01
3.833548740285516033e+03 6.620519149924520841e-01
3.853631803453967223e+03 6.784314595709646234e-01
3.873714866622419322e+03 7.041751806540667014e-01
3.893797929790870512e+03 7.353370175798928932e-01
3.913880992959322612e+03 7.216230139591819359e-01
3.933964056127773802e+03 7.072175816656925962e-01
3.954047119296225901e+03 7.242137738248357604e-01
3.974130182464677091e+03 7.056614326893119182e-01
3.994213245633129191e+03 6.992617835707747309e-01
4.014296308801580381e+03 6.966943645455306866e-01
4.034379371970032025e+03 6.891291534222896420e-01
4.054462435138483670e+03 6.820985617283860103e-01
4.074545498306934860e+03 6.787927453446430670e-01
4.094628561475386960e+03 7.297007335157785768e-01
4.114711624643838149e+03 7.209043403388477600e-01
4.134794687812290249e+03 7.420738596343618987e-01
4.154877750980742348e+03 7.544207815380613580e-01
4.174960814149193538e+03 7.500785019586536650e-01
4.195043877317644728e+03 7.739021241643799787e-01
4.215126940486095918e+03 7.822273358832168011e-01
4.235210003654548018e+03 7.934032177214034309e-01
4.255293066823000117e+03 8.056880365603742433e-01
4.275376129991451307e+03 8.156150097751756478e-01
4.295459193159902497e+03 8.258296610296137485e-01
4.315542256328354597e+03 8.493330374320225973e-01
4.335625319496806696e+03 9.177629987508837406e-01
4.355708382665257886e+03 9.478112313236205511e-01
4.375791445833709076e+03 1.022926033784476774e+00
4.395874509002161176e+03 1.038675378761980239e+00
4.415957572170613275e+03 1.049051910792193398e+00
4.436040635339064465e+03 1.027128145954993910e+00
4.456123698507515655e+03 1.075865787493379466e+00
4.476206761675966845e+03 1.090883693930604359e+00
4.496289824844419854e+03 1.084042210037675202e+00
4.516372888012871044e+03 1.079879962625376333e+00
4.536455951181322234e+03 1.069853446420591325e+00
4.556539014349773424e+03 1.081626881484945013e+00
4.576622077518225524e+03 1.065198867686907302e+00
4.596705140686677623e+03 1.044334111998393988e+00
4.616788203855128813e+03 1.029355623002102593e+00
4.636871267023580003e+03 1.000041929413627795e+00
4.656954330192032103e+03 9.782112175723035596e-01
4.677037393360484202e+03 9.426645504275029674e-01
4.697120456528935392e+03 9.345831341686804405e-01
4.717203519697386582e+03 9.112673890123181852e-01
4.737286582865837772e+03 8.812197958350814764e-01
4.757369646034290781e+03 8.597188993463510398e-01
4.777452709202741971e+03 8.570738002569785463e-01
4.797535772371193161e+03 8.676899420736674529e-01
4.817618835539644351e+03 8.773005058581514470e-01
4.837701898708096451e+03 8.818669629631099571e-01
4.857784961876548550e+03 9.094561656046935560e-01
4.877868025044999740e+03 8.725006047515857510e-01
4.897951088213450930e+03 8.829630480278203297e-01
4.918034151381903030e+03 8.850066152516001816e-01
4.938117214550355129e+03 9.185723756844226262e-01
4.958200277718806319e+03 9.508593346109085465e-01
4.978283340887257509e+03 1.000118460098526674e+00
4.998366404055708699e+03 1.043148109855695393e+00
5.018449467224161708e+03 1.073952837534799976e+00
5.038532530392612898e+03 1.093836770661616775e+00
5.058615593561064088e+03 1.114063296297615357e+00
5.078698656729515278e+03 1.135688163453126398e+00
5.098781719897967378e+03 1.156312253295788128e+00
5.118864783066419477e+03 1.200984239032436340e+00
5.138947846234870667e+03 1.240113249557927899e+00
5.159030909403321857e+03 1.273714960753626446e+00
5.179113972571773957e+03 1.304098965946483446e+00
5.199197035740226056e+03 1.318730024015489777e+00
5.219280098908677246e+03 1.316250021466965459e+00
5.239363162077128436e+03 1.312582559379194658e+00
5.259446225245579626e+03 1.313464627781775862e+00
5.279529288414032635e+03 1.304697849753079453e+00
5.299612351582483825e+03 1.320628261203035336e+00
5.319695414750935015e+03 1.313961217454942876e+00
5.339778477919386205e+03 1.307299806888740257e+00
5.359861541087839214e+03 1.290020269821227306e+00
5.379944604256290404e+03 1.261678057538907050e+00
5.400027667424741594e+03 1.225890624430266085e+00
5.420110730593192784e+03 1.187093444719000912e+00
5.440193793761645793e+03 1.160142542830536749e+00
5.460276856930096983e+03 1.117444650220531077e+00
5.480359920098548173e+03 1.092156962125834685e+00
5.500442983266999363e+03 1.084607532811261210e+00
5.520526046435450553e+03 1.060986930604442158e+00
5.540609109603903562e+03 1.048324200967176933e+00
5.560692172772354752e+03 1.027712977274870543e+00
5.580775235940805942e+03 1.019318135225393718e+00
5.600858299109257132e+03 9.965543126060535384e-01
5.620941362277710141e+03 1.000000000000000000e+00
5.641024425446161331e+03 9.978770823485136887e-01
5.661107488614612521e+03 1.015370529656442367e+00
5.681190551783063711e+03 1.046046454430784811e+00
5.701273614951516720e+03 1.089670876111676234e+00
5.721356678119967910e+03 1.139436890199825081e+00
5.741439741288419100e+03 1.170589223085676700e+00
5.761522804456870290e+03 1.190961687499999977e+00
5.781605867625321480e+03 1.217259291331459492e+00
5.801688930793774489e+03 1.200294619652395145e+00
5.821771993962225679e+03 1.222961748318340813e+00
5.841855057130676869e+03 1.176107370642492045e+00
5.861938120299128059e+03 1.119581262158821477e+00
5.882021183467581068e+03 1.085326643737081431e+00
5.902104246636032258e+03 1.011214162507340975e+00
5.922187309804483448e+03 1.051008606008068336e+00
5.942270372972934638e+03 1.060460016304948683e+00
5.962353436141387647e+03 1.066179387669793810e+00
5.982436499309838837e+03 1.055509528844144951e+00
6.002519562478290027e+03 1.049410464580807334e+00
6.022602625646741217e+03 1.027687458435599943e+00
6.042685688815193316e+03 1.027736149150724643e+00
6.062768751983645416e+03 9.988606652002369746e-01
6.082851815152096606e+03 9.704192547787824363e-01
6.102934878320547796e+03 9.633758986593438101e-01
6.123017941488998986e+03 9.639815257214781052e-01
6.143101004657451995e+03 9.662507151363035618e-01
6.163184067825903185e+03 9.799316517630175527e-01
6.183267130994354375e+03 9.897844610327295456e-01
6.203350194162805565e+03 1.025511843371805565e+00
6.223433257331258574e+03 1.066258010697052283e+00
6.243516320499709764e+03 1.066567998979828902e+00
6.263599383668160954e+03 1.076227404768842710e+00
6.283682446836612144e+03 1.086387187904656937e+00
6.303765510005065153e+03 1.109571302626495282e+00
6.323848573173516343e+03 1.097590961625649619e+00
6.343931636341967533e+03 1.072030970400702055e+00
6.364014699510418723e+03 1.025824389607389531e+00
6.384097762678869913e+03 1.052547934173543753e+00
6.404180825847322922e+03 1.072686652007450059e+00
6.424263889015774112e+03 1.088839475692693792e+00
