3.657246279051985312e+03 6.502286007625949216e-01
3.677286783315956200e+03 9.145375726673015127e-01
3.697327287579926633e+03 7.117114197224309047e-01
3.717367791843897066e+03 7.169201505673807873e-01
3.737408296107867500e+03 5.509712265191522018e-01
3.757448800371838388e+03 4.182583685234576576e-01
3.777489304635808821e+03 3.933264399373668785e-01
3.797529808899779709e+03 5.328971465592439172e-01
3.817570313163750143e+03 3.767400510139181091e-01
3.837610817427720576e+03 5.010530028267105029e-01
3.857651321691691010e+03 5.152607867880991677e-01
3.877691825955661898e+03 6.643874548557491266e-01
3.897732330219632331e+03 7.339912379291512190e-01
3.917772834483603219e+03 9.171443776131215087e-01
3.937813338747573653e+03 1.232100084581759125e+00
3.957853843011544086e+03 1.382612401909379951e+00
3.977894347275514519e+03 1.317484795670751829e+00
3.997934851539485408e+03 1.363415444204093108e+00
4.017975355803455841e+03 1.373298301778098640e+00
4.038015860067426729e+03 1.330275565072019939e+00
4.058056364331397162e+03 1.386887143816522672e+00
4.078096868595367596e+03 1.334827715633824630e+00
4.098137372859338029e+03 1.215216073810218234e+00
4.118177877123308463e+03 1.175671121584797918e+00
4.138218381387279805e+03 1.058723160451283674e+00
4.158258885651250239e+03 1.186096250348067427e+00
4.178299389915220672e+03 1.014771313854087920e+00
4.198339894179191106e+03 9.521208693206587581e-01
4.218380398443161539e+03 1.140920460038342243e+00
4.238420902707131972e+03 1.151804219190475376e+00
4.258461406971103315e+03 1.038339897393647959e+00
4.278501911235073749e+03 9.168509378050492264e-01
4.298542415499044182e+03 9.470048403628197331e-01
4.318582919763014615e+03 9.082707856972837002e-01
4.338623424026985049e+03 9.131024359337605034e-01
4.358663928290955482e+03 1.040904184932597731e+00
4.378704432554926825e+03 9.029944452053432213e-01
4.398744936818897258e+03 9.086109249522462683e-01
4.418785441082867692e+03 8.176647976432809273e-01
4.438825945346838125e+03 7.911708771097085702e-01
4.458866449610808559e+03 9.127246583186175988e-01
4.478906953874778992e+03 1.016511739509091239e+00
4.498947458138750335e+03 1.018468237231795914e+00
4.518987962402720768e+03 1.188808303301058356e+00
4.539028466666691202e+03 1.325765931917085361e+00
4.559068970930661635e+03 1.567775987632313406e+00
4.579109475194632068e+03 1.497766267874300450e+00
4.599149979458602502e+03 2.043185139260189853e+00
4.619190483722573845e+03 2.222954311561284424e+00
4.639230987986544278e+03 2.303438368753469412e+00
4.659271492250514711e+03 2.510936557407385639e+00
4.679311996514485145e+03 2.772178839365403213e+00
4.699352500778455578e+03 2.683089537825332105e+00
4.719393005042426921e+03 2.773678100712584360e+00
4.739433509306397355e+03 2.804222327005558402e+00
4.759474013570367788e+03 2.637328261912802230e+00
4.779514517834338221e+03 2.308803926099170845e+00
4.799555022098308655e+03 1.816855224396069612e+00
4.819595526362279088e+03 2.129034056791406559e+00
4.839636030626249521e+03 2.007708196763589026e+00
4.859676534890220864e+03 1.895711771013792735e+00
4.879717039154191298e+03 1.662162958068427177e+00
4.899757543418161731e+03 1.750457672004692045e+00
4.919798047682132164e+03 1.760544055526339191e+00
4.939838551946102598e+03 1.508671634233203607e+00
4.959879056210073941e+03 1.354734226129177044e+00
4.979919560474044374e+03 1.365913516109392267e+00
4.999960064738014808e+03 1.383672549054458134e+00
5.020000569001985241e+03 1.313592710425442345e+00
5.040041073265955674e+03 1.116091688439412533e+00
5.060081577529926108e+03 1.194337657214210591e+00
5.080122081793896541e+03 1.168956856332636685e+00
5.100162586057867884e+03 1.158773588883858841e+00
5.120203090321838317e+03 9.715666584071375178e-01
5.140243594585808751e+03 1.068384369904227471e+00
5.160284098849779184e+03 1.314137072634716574e+00
5.180324603113749617e+03 1.305366637706039556e+00
5.200365107377720960e+03 1.271025119074876919e+00
5.220405611641691394e+03 1.331654244265290332e+00
5.240446115905661827e+03 1.385312605748980630e+00
5.260486620169632261e+03 1.393594439001983876e+00
5.280527124433602694e+03 1.390004157644786575e+00
5.300567628697573127e+03 1.477624866131156400e+00
5.320608132961543561e+03 1.459007120968643934e+00
5.340648637225514904e+03 1.393148354733180438e+00
5.360689141489485337e+03 1.431986960399217468e+00
5.380729645753455770e+03 1.401974550195457914e+00
5.400770150017426204e+03 1.454965179289282817e+00
5.420810654281396637e+03 1.431452356283323235e+00
5.440851158545367980e+03 1.419902258754665025e+00
5.460891662809338413e+03 1.482865519881592542e+00
5.480932167073308847e+03 1.458906055001493174e+00
5.500972671337279280e+03 1.402005915495608379e+00
5.521013175601249714e+03 1.370924297060060359e+00
5.541053679865220147e+03 1.409079836189492285e+00
5.561094184129190580e+03 1.461662716381364246e+00
5.581134688393161923e+03 1.372553201647863208e+00
5.601175192657132357e+03 1.210921536913647234e+00
5.621215696921102790e+03 1.030610093423288687e+00
5.641256201185073223e+03 9.086875956859469250e-01
5.661296705449043657e+03 8.286475317425548992e-01
5.681337209713015000e+03 7.648205399501570856e-01
5.701377713976985433e+03 8.672651862942002410e-01
5.721418218240955866e+03 9.979880902470296133e-01
5.741458722504926300e+03 1.123671635975720395e+00
5.761499226768896733e+03 1.172993221958637422e+00
5.781539731032867167e+03 1.263337832511387981e+00
5.801580235296837600e+03 1.276486166334368733e+00
5.821620739560808943e+03 1.319060030744964251e+00
5.841661243824779376e+03 1.432817095343193792e+00
5.861701748088749810e+03 1.345399215797795422e+00
5.881742252352720243e+03 1.401682504400725726e+00
5.901782756616691586e+03 1.392544049950285689e+00
5.921823260880662019e+03 1.373683607065277812e+00
5.941863765144632453e+03 1.363480265824403626e+00
5.961904269408602886e+03 1.333893029689347642e+00
5.981944773672573319e+03 1.343653911096102105e+00
6.001985277936543753e+03 1.297336423860907972e+00
6.022025782200514186e+03 1.336630174882458499e+00
6.042066286464484620e+03 1.297467461114869103e+00
6.062106790728455962e+03 1.209671106947658004e+00
6.082147294992426396e+03 1.224870731400464097e+00
6.102187799256396829e+03 1.171960258073689642e+00
6.122228303520367263e+03 1.176756360969996251e+00
6.142268807784338605e+03 1.146201679576972721e+00
6.162309312048309039e+03 1.054287410003369896e+00
6.182349816312279472e+03 1.011486321418352707e+00
6.202390320576249906e+03 9.953185547009090195e-01
6.222430824840220339e+03 1.028536498580022940e+00
6.242471329104190772e+03 9.789786273359741831e-01
6.262511833368161206e+03 9.311005421666382897e-01
6.282552337632131639e+03 9.135924316227743702e-01
6.302592841896102982e+03 9.590972090807422523e-01
6.322633346160073415e+03 9.851429543255012522e-01
6.342673850424043849e+03 1.023329161748413263e+00
6.362714354688014282e+03 1.050414143938150469e+00
6.382754858951985625e+03 9.810380032431720299e-01
6.402795363215956058e+03 9.699509969460651249e-01
6.422835867479926492e+03 9.470299326029399944e-01
6.442876371743896925e+03 9.183244099054405085e-01
6.462916876007867359e+03 8.822334045325646024e-01
6.482957380271837792e+03 9.456324342295792107e-01
6.502997884535808225e+03 1.029536006144810667e+00
6.523038388799778659e+03 1.062901018431295919e+00
6.543078893063750002e+03 1.085217080984856253e+00
6.563119397327720435e+03 1.142573062852924926e+00
6.583159901591690868e+03 1.176860911970496915e+00
6.603200405855661302e+03 1.136495164690478399e+00
6.623240910119632645e+03 1.121759049673225705e+00
6.643281414383603078e+03 1.152202907005718480e+00
6.663321918647573511e+03 1.145816931895129676e+00
6.683362422911543945e+03 1.184940613289198863e+00
6.703402927175514378e+03 1.179391743189286412e+00
6.723443431439484812e+03 1.139322920750690082e+00
6.743483935703455245e+03 1.085398999725727842e+00
6.763524439967425678e+03 1.002011909752970498e+00
6.783564944231397021e+03 9.543415325712958364e-01
6.803605448495367455e+03 9.576530112604911826e-01
6.823645952759337888e+03 9.166607943854718776e-01
6.843686457023308321e+03 9.127476595387279401e-01
6.863726961287279664e+03 9.715987207139578086e-01
6.883767465551250098e+03 1.047755760498749966e+00
6.903807969815220531e+03 1.040819847125526998e+00
6.923848474079190964e+03 1.017670164594639992e+00
6.943888978343161398e+03 1.012572257810220977e+00
6.963929482607131831e+03 1.043383437657806612e+00
6.983969986871102265e+03 1.065864690792158287e+00
7.004010491135072698e+03 1.057839355993717145e+00
7.024050995399044041e+03 1.030683976130309487e+00
7.044091499663014474e+03 1.046078065444047356e+00
7.064132003926984908e+03 1.053770928060896006e+00
7.084172508190955341e+03 1.041842355910424844e+00
7.104213012454926684e+03 1.028028380717589174e+00
7.124253516718897117e+03 1.017067253825085338e+00
7.144294020982867551e+03 9.926023197078983618e-01
7.164334525246837984e+03 1.017012190298155039e+00
7.184375029510808417e+03 1.064985765381281757e+00
7.204415533774778851e+03 1.058145341921849392e+00
7.224456038038749284e+03 1.044951005658648624e+00
7.244496542302719718e+03 1.061382240897354112e+00
7.264537046566691060e+03 1.098499937095148038e+00
7.284577550830661494e+03 1.050173816038332486e+00
7.304618055094631927e+03 1.039294796531555543e+00
7.324658559358602361e+03 1.008413219010299233e+00
7.344699063622573703e+03 9.555522331570951433e-01
7.364739567886544137e+03 9.443276377433293955e-01
7.384780072150514570e+03 9.271227251009177550e-01
7.404820576414485004e+03 9.379883620796308774e-01
7.424861080678455437e+03 8.881691133343300182e-01
7.444901584942425870e+03 8.734455444371372890e-01
7.464942089206396304e+03 8.356712679561985047e-01
7.484982593470366737e+03 7.689252122298184666e-01
7.505023097734338080e+03 7.079859190712525230e-01
7.525063601998308513e+03 7.172895641024836788e-01
7.545104106262278947e+03 7.268831639084369911e-01
7.565144610526250290e+03 7.631024185085939493e-01
7.585185114790220723e+03 8.172347445278878020e-01
7.605225619054191156e+03 8.055870660654286253e-01
7.625266123318161590e+03 8.038961278839956703e-01
7.645306627582132023e+03 8.099754200597821807e-01
7.665347131846102457e+03 8.054162994312772383e-01
7.685387636110072890e+03 7.764110638656757102e-01
7.705428140374043323e+03 7.659782680290357915e-01
7.725468644638014666e+03 8.329194856230176525e-01
7.745509148901985100e+03 7.960323592316614905e-01
7.765549653165955533e+03 8.650145517567531250e-01
7.785590157429926876e+03 8.696601012123386099e-01
7.805630661693897309e+03 8.861756742581147206e-01
7.825671165957867743e+03 8.995087148486466955e-01
7.845711670221838176e+03 9.096397067971742079e-01
7.865752174485808609e+03 8.853329931940782105e-01
7.885792678749779043e+03 8.668051618919966339e-01
7.905833183013749476e+03 8.674979865219819564e-01
7.925873687277719910e+03 9.013495094641307270e-01
7.945914191541690343e+03 8.740024527664717047e-01
7.965954695805660776e+03 8.247122320837048104e-01
7.985995200069631210e+03 8.530330070993613623e-01
8.006035704333602553e+03 7.992017879615098686e-01
8.026076208597573896e+03 7.886553800376592260e-01
8.046116712861544329e+03 7.558256688737383655e-01
8.066157217125514762e+03 8.019633283880709396e-01
8.086197721389485196e+03 7.959837081660952052e-01
8.106238225653455629e+03 8.203914877363417402e-01
8.126278729917426062e+03 7.629009835809622553e-01
8.146319234181396496e+03 6.980201177035162408e-01
8.166359738445366929e+03 6.067031828461081355e-01
8.186400242709337363e+03 5.353803025218050182e-01
8.206440746973308705e+03 4.770836404518972174e-01
8.226481251237277320e+03 4.780294785030945182e-01
8.246521755501249572e+03 4.796137746640166122e-01
8.266562259765221825e+03 4.472301477688990223e-01
8.286602764029190439e+03 4.570426076692339912e-01
8.306643268293162691e+03 4.986016303683017958e-01
8.326683772557131306e+03 4.098643171965833387e-01
8.346724276821103558e+03 3.436033781125267805e-01
8.366764781085072173e+03 3.788384592946361651e-01
8.386805285349044425e+03 3.290359387094154431e-01
8.406845789613013039e+03 4.000532513095883536e-01
8.426886293876985292e+03 4.875701058021273959e-01
8.446926798140953906e+03 4.511710234811092124e-01
8.466967302404926158e+03 5.765841306218378870e-01
8.487007806668896592e+03 6.432068161676273155e-01
8.507048310932867025e+03 6.556198079537521872e-01
8.527088815196839278e+03 6.958384868263995937e-01
8.547129319460807892e+03 7.953814944032105982e-01
8.567169823724780144e+03 7.284695510893690606e-01
8.587210327988748759e+03 7.770077015752001603e-01
8.607250832252721011e+03 8.016252801531182914e-01
8.627291336516689626e+03 8.032660338543109457e-01
8.647331840780661878e+03 8.003270355295666327e-01
8.667372345044630492e+03 8.015723076461979124e-01
8.687412849308602745e+03 7.523496966104215034e-01
8.707453353572571359e+03 7.245767688373893067e-01
8.727493857836543611e+03 7.396049296493741876e-01
8.747534362100515864e+03 6.361649577805634781e-01
8.767574866364484478e+03 6.116923565900063142e-01
8.787615370628456731e+03 6.196417176614171796e-01
8.807655874892425345e+03 6.059720228492725402e-01
8.827696379156397597e+03 6.188896474644813850e-01
8.847736883420366212e+03 6.235693502468970806e-01
8.867777387684338464e+03 6.440062828181233323e-01
8.887817891948307079e+03 6.402926312803348674e-01
8.907858396212279331e+03 6.192862442597143469e-01
8.927898900476247945e+03 5.975953966891485170e-01
8.947939404740220198e+03 5.505599925838489117e-01
8.967979909004192450e+03 4.910056516785836767e-01
8.988020413268161064e+03 4.686456777048127464e-01
9.008060917532133317e+03 5.484201821069326632e-01
9.028101421796101931e+03 5.253457762964062194e-01
9.048141926060074184e+03 5.891114315018437519e-01
9.068182430324042798e+03 5.984387747598550744e-01
9.088222934588015050e+03 6.200666129274523541e-01
