3.484349576364462791e+03 5.591785979888737934e+00
3.504359874693388065e+03 5.400825278819827879e+00
3.524370173022313338e+03 5.212791188241867602e+00
3.544380471351238612e+03 5.243184228230009403e+00
3.564390769680163885e+03 4.828994728300323835e+00
3.584401068009088704e+03 4.745819444602811465e+00
3.604411366338013977e+03 4.589382611879504026e+00
3.624421664666939250e+03 4.443863239871837401e+00
3.644431962995864524e+03 4.358459107903241758e+00
3.664442261324789797e+03 4.102152642374532476e+00
3.684452559653715070e+03 3.970343680358389804e+00
3.704462857982640344e+03 3.990813483692698505e+00
3.724473156311565617e+03 4.082985244055243435e+00
3.744483454640490891e+03 4.087727366595338196e+00
3.764493752969416164e+03 4.032427097625898682e+00
3.784504051298341437e+03 4.051176408732194645e+00
3.804514349627266711e+03 3.752617796072260425e+00
3.824524647956191529e+03 3.672861959004647847e+00
3.844534946285116803e+03 3.764476269749870596e+00
3.864545244614042076e+03 3.676256700481054018e+00
3.884555542942967350e+03 3.912735063200849961e+00
3.904565841271892623e+03 4.150417643787160493e+00
3.924576139600817896e+03 3.557824628884251883e+00
3.944586437929743170e+03 3.612555412392358445e+00
3.964596736258668443e+03 3.679453800729499680e+00
3.984607034587593262e+03 3.865135200536164994e+00
4.004617332916518535e+03 3.591832856333831536e+00
4.024627631245443808e+03 3.510854114168215467e+00
4.044637929574369082e+03 3.559811176611441308e+00
4.064648227903294355e+03 3.399628029073531454e+00
4.084658526232219629e+03 3.427404223187624055e+00
4.104668824561144902e+03 3.410438750856762180e+00
4.124679122890070175e+03 3.407820004586290530e+00
4.144689421218995449e+03 3.529057694768462206e+00
4.164699719547920722e+03 3.607549134749509001e+00
4.184710017876845995e+03 3.557996614760505771e+00
4.204720316205771269e+03 3.459945344598883477e+00
4.224730614534696542e+03 3.482195185915782254e+00
4.244740912863621816e+03 3.454350577530473032e+00
4.264751211192547089e+03 3.373708838997147907e+00
4.284761509521472362e+03 3.276196014488622410e+00
4.304771807850396726e+03 3.254113408056920953e+00
4.324782106179322000e+03 3.309286983931514659e+00
4.344792404508247273e+03 3.339487450415489889e+00
4.364802702837172546e+03 3.290234876328535396e+00
4.384813001166097820e+03 3.169117544586467439e+00
4.404823299495023093e+03 3.161645185852435258e+00
4.424833597823948367e+03 3.074553185127750776e+00
4.444843896152873640e+03 3.043246687925767802e+00
4.464854194481798913e+03 3.057353964036898297e+00
4.484864492810724187e+03 3.470740863210732829e+00
4.504874791139649460e+03 3.511821732680103558e+00
4.524885089468574733e+03 3.429973559151105356e+00
4.544895387797500007e+03 3.365585594488343268e+00
4.564905686126425280e+03 3.331842155606992595e+00
4.584915984455350554e+03 3.230803779001633735e+00
4.604926282784275827e+03 2.972512666142157478e+00
4.624936581113201100e+03 2.819267232478027907e+00
4.644946879442126374e+03 2.673686731052097088e+00
4.664957177771051647e+03 2.446785732837203575e+00
4.684967476099976921e+03 2.198397585736384663e+00
4.704977774428902194e+03 2.014100941456387961e+00
4.724988072757827467e+03 1.864875479691730398e+00
4.744998371086752741e+03 1.671446163669741525e+00
4.765008669415678014e+03 1.595982055190045878e+00
4.785018967744603287e+03 1.655431523015701067e+00
4.805029266073528561e+03 1.737904926967765773e+00
4.825039564402452925e+03 1.821781773677989325e+00
4.845049862731378198e+03 1.874459812316848994e+00
4.865060161060303471e+03 1.922218041350092443e+00
4.885070459389228745e+03 1.990473946198510591e+00
4.905080757718154018e+03 2.085202056482315491e+00
4.925091056047079292e+03 2.194757693121451858e+00
4.945101354376004565e+03 2.105892622534394576e+00
4.965111652704929838e+03 1.955748635832101234e+00
4.985121951033855112e+03 1.956358346351048993e+00
5.005132249362780385e+03 2.157084234437970593e+00
5.025142547691705659e+03 2.437581479496623071e+00
5.045152846020630932e+03 2.104661165652488286e+00
5.065163144349556205e+03 1.894639805196697280e+00
5.085173442678481479e+03 1.813045334590128954e+00
5.105183741007406752e+03 1.821612321663632184e+00
5.125194039336331116e+03 1.934557948788117265e+00
5.145204337665256389e+03 2.059714573126620873e+00
5.165214635994181663e+03 2.167953235044830063e+00
5.185224934323106936e+03 2.230227958885556916e+00
5.205235232652032209e+03 2.158816129044518917e+00
5.225245530980957483e+03 2.043527946596326750e+00
5.245255829309882756e+03 2.025014284646443841e+00
5.265266127638808030e+03 1.977212979960953021e+00
5.285276425967733303e+03 1.924067760534847737e+00
5.305286724296658576e+03 1.858641545959820673e+00
5.325297022625583850e+03 1.761697890179891646e+00
5.345307320954509123e+03 1.602452271543844287e+00
5.365317619283434396e+03 1.446196609946167833e+00
5.385327917612359670e+03 1.326818774396339107e+00
5.405338215941284943e+03 1.241805173892607472e+00
5.425348514270210217e+03 1.143066910424181293e+00
5.445358812599135490e+03 1.088610417466416846e+00
5.465369110928060763e+03 1.024923382350891643e+00
5.485379409256986037e+03 1.005361651773893472e+00
5.505389707585911310e+03 9.946383482261066389e-01
5.525400005914836584e+03 9.538152992047473910e-01
5.545410304243761857e+03 8.520712420610939697e-01
5.565420602572687130e+03 7.787203744034338904e-01
5.585430900901612404e+03 6.879511066008370257e-01
5.605441199230537677e+03 6.510846829315262152e-01
5.625451497559462950e+03 6.744506904140202819e-01
5.645461795888388224e+03 6.891610256566186310e-01
5.665472094217313497e+03 6.927971174787059816e-01
5.685482392546238771e+03 6.681920515286156048e-01
5.705492690875164044e+03 6.051507077709743498e-01
5.725502989204089317e+03 5.592874273573467114e-01
5.745513287533013681e+03 5.489035346106531099e-01
5.765523585861938955e+03 5.574727388133164929e-01
5.785533884190864228e+03 5.953566980738849157e-01
5.805544182519789501e+03 7.175187410760551776e-01
5.825554480848714775e+03 9.402933451918070729e-01
5.845564779177640048e+03 1.364818784531786733e+00
5.865575077506565322e+03 1.891944726336580507e+00
5.885585375835490595e+03 1.946336605815973231e+00
5.905595674164415868e+03 1.376615495325658189e+00
5.925605972493340232e+03 1.017510252638700319e+00
5.945616270822265506e+03 8.297523530075041620e-01
5.965626569151190779e+03 7.340065804393464122e-01
5.985636867480116052e+03 6.649550429552938402e-01
6.005647165809041326e+03 6.145729999277848021e-01
6.025657464137966599e+03 5.781553232004197351e-01
6.045667762466891872e+03 5.580544501583030170e-01
6.065678060795817146e+03 5.677738376225280881e-01
6.085688359124742419e+03 6.132994175918429214e-01
6.105698657453667693e+03 6.358362821151160027e-01
6.125708955782592966e+03 6.382144381984748982e-01
6.145719254111518239e+03 6.535247919382649595e-01
6.165729552440443513e+03 6.563858387526304572e-01
6.185739850769368786e+03 6.244145195354418032e-01
6.205750149098294060e+03 6.158280217253319089e-01
6.225760447427219333e+03 6.513000611927649564e-01
6.245770745756144606e+03 6.492641031585856259e-01
6.265781044085069880e+03 6.689496762357961535e-01
6.285791342413995153e+03 7.212878606477312049e-01
6.305801640742920426e+03 7.766058666504500607e-01
6.325811939071845700e+03 8.144814008202111433e-01
6.345822237400770973e+03 8.527230780340778749e-01
6.365832535729696247e+03 8.491744044474344166e-01
6.385842834058621520e+03 8.450974206552819279e-01
6.405853132387546793e+03 8.488294824967155261e-01
6.425863430716472067e+03 8.212816526860837740e-01
6.445873729045397340e+03 7.678361706251924934e-01
6.465884027374322613e+03 7.261744133159511172e-01
6.485894325703247887e+03 6.777858861358480036e-01
6.505904624032173160e+03 6.606588801090573781e-01
6.525914922361098434e+03 6.667616864878013194e-01
6.545925220690023707e+03 6.760292863758047277e-01
6.565935519018948980e+03 7.093324667525645610e-01
6.585945817347873344e+03 7.029110272402822046e-01
6.605956115676798618e+03 6.449751618187554714e-01
6.625966414005723891e+03 6.181414376372245112e-01
6.645976712334649164e+03 7.146852500098186400e-01
6.665987010663574438e+03 8.854821115684732291e-01
6.685997308992499711e+03 9.128693578813872334e-01
6.706007607321424985e+03 6.743262777948813014e-01
6.726017905650350258e+03 5.222072407637566860e-01
6.746028203979275531e+03 4.556278973127127485e-01
6.766038502308200805e+03 4.240221510207029532e-01
6.786048800637125169e+03 4.026980561478457621e-01
6.806059098966050442e+03 3.859595861696749619e-01
6.826069397294975715e+03 3.654876607260274524e-01
6.846079695623900989e+03 3.334322806404081962e-01
6.866089993952826262e+03 3.265567730761970711e-01
6.886100292281751535e+03 3.173373799107827020e-01
6.906110590610676809e+03 3.219303213316964674e-01
6.926120888939602082e+03 3.396483506459447854e-01
6.946131187268527356e+03 3.564117474905265648e-01
6.966141485597452629e+03 3.648762715235732146e-01
6.986151783926377902e+03 3.968801825394110416e-01
7.006162082255303176e+03 4.518798087947812347e-01
7.026172380584228449e+03 6.130345656770669338e-01
7.046182678913153723e+03 9.237779500803867672e-01
7.066192977242078996e+03 1.048709694175538276e+00
7.086203275571004269e+03 8.108193369136801332e-01
7.106213573899929543e+03 5.186349072416506223e-01
7.126223872228854816e+03 4.316478083994987336e-01
7.146234170557780089e+03 3.943997851285111489e-01
7.166244468886705363e+03 3.781241566990874436e-01
7.186254767215630636e+03 3.772971041759310973e-01
7.206265065544555910e+03 3.758014921912710693e-01
7.226275363873481183e+03 4.031091752406217865e-01
7.246285662202406456e+03 4.457346869223586250e-01
7.266295960531331730e+03 5.149268537416905600e-01
7.286306258860257003e+03 5.191683485175007107e-01
7.306316557189182276e+03 4.660563860287922355e-01
7.326326855518107550e+03 4.030174494399531571e-01
7.346337153847032823e+03 3.559396890191293683e-01
7.366347452175958097e+03 3.314223263639462513e-01
7.386357750504883370e+03 3.560739836996663632e-01
7.406368048833808643e+03 3.631751316657987894e-01
7.426378347162733917e+03 3.463653651485033014e-01
7.446388645491658281e+03 3.371532885093164178e-01
7.466398943820583554e+03 3.291237018708769169e-01
7.486409242149508827e+03 3.230416731596877922e-01
7.506419540478434101e+03 3.187443700755977494e-01
7.526429838807359374e+03 3.141067059922033611e-01
7.546440137136284648e+03 3.295497707488449501e-01
7.566450435465209011e+03 2.575214523082848816e-01
7.586460733794134285e+03 2.936875165492854878e-01
7.606471032123059558e+03 2.761302924456708330e-01
7.626481330451984832e+03 2.998467013552360005e-01
7.646491628780910105e+03 3.232633860756687905e-01
7.666501927109835378e+03 3.511931322207145767e-01
7.686512225438760652e+03 3.921667559852984875e-01
7.706522523767685925e+03 4.303856917886404454e-01
7.726532822096611199e+03 4.877842517949244061e-01
7.746543120425536472e+03 5.193061272581460663e-01
