3.675024916943521930e+03 2.951221395428301197e-01
3.695074750830564881e+03 -2.199591157506339267e-02
3.715124584717607831e+03 4.183675503288817876e-01
3.735174418604651237e+03 -5.094906553598166354e-02
3.755224252491694642e+03 1.455281279529996863e-01
3.775274086378737593e+03 2.961303660577293412e-02
3.795323920265780544e+03 2.218066547161577640e-01
3.815373754152823949e+03 3.631496764820209000e-01
3.835423588039867354e+03 2.760733108759122478e-01
3.855473421926910305e+03 -6.911550561976323448e-02
3.875523255813953256e+03 1.311050733155113279e-01
3.895573089700996661e+03 3.395264638435300242e-01
3.915622923588040067e+03 5.853119327840161645e-01
3.935672757475083017e+03 2.700580815923534495e-01
3.955722591362125968e+03 2.951603087707773687e-01
3.975772425249169373e+03 5.345579183599681317e-01
3.995822259136212779e+03 3.685919700261635623e-01
4.015872093023255729e+03 4.580082205550959906e-01
4.035921926910298680e+03 4.062847779344249122e-01
4.055971760797342085e+03 3.399496197976713541e-01
4.076021594684385491e+03 6.416218081115568905e-01
4.096071428571428442e+03 5.754693179402655678e-01
4.116121262458471392e+03 4.668740898883993462e-01
4.136171096345515252e+03 6.479855534372501724e-01
4.156220930232558203e+03 5.079811696709592983e-01
4.176270764119601154e+03 2.725252414216912111e-01
4.196320598006645014e+03 4.830556175448657563e-01
4.216370431893687055e+03 5.241405136158323597e-01
4.236420265780730915e+03 4.747698357147161485e-01
4.256470099667774775e+03 4.572059648358372530e-01
4.276519933554816816e+03 4.477921247161643636e-01
4.296569767441860677e+03 4.132110293440839355e-01
4.316619601328903627e+03 3.605445803205976629e-01
4.336669435215946578e+03 4.240479380074524407e-01
4.356719269102990438e+03 7.725606691402058246e-01
4.376769102990032479e+03 1.885176115493038262e-01
4.396818936877076339e+03 6.418956279546551569e-01
4.416868770764120200e+03 4.951434226619527146e-01
4.436918604651162241e+03 2.650643294526185412e-01
4.456968438538206101e+03 2.767797462050953783e-01
4.477018272425249052e+03 4.825434055771837261e-01
4.497068106312292002e+03 4.211365741859736667e-01
4.517117940199335862e+03 5.915243653306332394e-01
4.537167774086378813e+03 5.012955949770779851e-01
4.557217607973421764e+03 4.404920281011338590e-01
4.577267441860465624e+03 5.694833579120028855e-01
4.597317275747507665e+03 6.026420469407337555e-01
4.617367109634551525e+03 6.430293149471200120e-01
4.637416943521594476e+03 5.690807401015947065e-01
4.657466777408637427e+03 5.118067010701820019e-01
4.677516611295681287e+03 5.280349138510459506e-01
4.697566445182724237e+03 5.123563273574166521e-01
4.717616279069767188e+03 5.806099792267751525e-01
4.737666112956811048e+03 7.703846788030331849e-01
4.757715946843853999e+03 8.202212146476067778e-01
4.777765780730896950e+03 7.021707589544387007e-01
4.797815614617940810e+03 6.859925422997026345e-01
4.817865448504982851e+03 5.877551209608262717e-01
4.837915282392026711e+03 6.587337272542458377e-01
4.857965116279069662e+03 4.743807930114024018e-01
4.878014950166112612e+03 5.758202841236805813e-01
4.898064784053156473e+03 3.830997863079483312e-01
4.918114617940199423e+03 5.084702046265289210e-01
4.938164451827242374e+03 5.040857761352265376e-01
4.958214285714286234e+03 4.544465759937806326e-01
4.978264119601328275e+03 6.137981361709058392e-01
4.998313953488372135e+03 5.544924664777629575e-01
5.018363787375415086e+03 6.517614198105180501e-01
5.038413621262458037e+03 8.689568424168457872e-01
5.058463455149501897e+03 9.187711945498261423e-01
5.078513289036544847e+03 9.008689392941078289e-01
5.098563122923587798e+03 7.198958756175846130e-01
5.118612956810631658e+03 8.510161795410554619e-01
5.138662790697673699e+03 7.812977405061990455e-01
5.158712624584717560e+03 7.326058179598003983e-01
5.178762458471761420e+03 5.955730582464802136e-01
5.198812292358803461e+03 5.624517835373020747e-01
5.218862126245847321e+03 6.746477259709015017e-01
5.238911960132890272e+03 7.291994593796374824e-01
5.258961794019933222e+03 8.043075470311240593e-01
5.279011627906977083e+03 7.549424978329494218e-01
5.299061461794020033e+03 8.940691350405299831e-01
5.319111295681062984e+03 8.214737666021904028e-01
5.339161129568106844e+03 8.216022334693272589e-01
5.359210963455148885e+03 8.227163855515829960e-01
5.379260797342192745e+03 9.200389771123693716e-01
5.399310631229235696e+03 8.582861460403398146e-01
5.419360465116278647e+03 8.092346487060274596e-01
5.439410299003322507e+03 7.632885398945910005e-01
5.459460132890365458e+03 7.414246710685331587e-01
5.479509966777408408e+03 8.841129528374291890e-01
5.499559800664452268e+03 8.485312727424432211e-01
5.519609634551494310e+03 9.107608880636401949e-01
5.539659468438538170e+03 8.123652008420539916e-01
5.559709302325581120e+03 9.586138027715733756e-01
5.579759136212624071e+03 1.134705787697244617e+00
5.599808970099667931e+03 9.152770944238095563e-01
5.619858803986710882e+03 9.510508126191545841e-01
5.639908637873753833e+03 9.458949207246856172e-01
5.659958471760797693e+03 1.003959958069474023e+00
5.680008305647840643e+03 9.245222721153395495e-01
5.700058139534883594e+03 8.282262235310243748e-01
5.720107973421927454e+03 7.060714500929399229e-01
5.740157807308969495e+03 6.352136953626772442e-01
5.760207641196013356e+03 5.594814838850235006e-01
5.780257475083056306e+03 6.317447588498110722e-01
5.800307308970099257e+03 6.623642406515521941e-01
5.820357142857143117e+03 5.982605983509886594e-01
5.840406976744186068e+03 7.558507056075788322e-01
5.860456810631229018e+03 7.382808749255852510e-01
5.880506644518272878e+03 1.218265538365570499e+00
5.900556478405315829e+03 1.313396908981224520e+00
5.920606312292358780e+03 1.334407532661376461e+00
5.940656146179401730e+03 1.269266884618873936e+00
5.960705980066444681e+03 1.387582220450468196e+00
5.980755813953488541e+03 1.357957694668691317e+00
6.000805647840531492e+03 1.277228188279451171e+00
6.020855481727574443e+03 1.226738722893656375e+00
6.040905315614618303e+03 1.180323445137032357e+00
6.060955149501661253e+03 1.142205537716613817e+00
6.081004983388704204e+03 1.205673136584781258e+00
6.101054817275747155e+03 1.137206256203989518e+00
6.121104651162790105e+03 1.054181894515457962e+00
6.141154485049833966e+03 1.039546604667055618e+00
6.161204318936876916e+03 1.060186396153410593e+00
6.181254152823919867e+03 1.183191103735671046e+00
6.201303986710963727e+03 1.234453356925324430e+00
6.221353820598006678e+03 1.166899981921930562e+00
6.241403654485049628e+03 1.155815741429306653e+00
6.261453488372093489e+03 1.027686596469015390e+00
6.281503322259136439e+03 1.139711691213329603e+00
6.301553156146179390e+03 1.311119601991104000e+00
6.321602990033222341e+03 1.470396002428950855e+00
6.341652823920265291e+03 1.437372071170644361e+00
6.361702657807309151e+03 1.392805987880409324e+00
6.381752491694352102e+03 1.411420439608321642e+00
6.401802325581395053e+03 1.497013145339069817e+00
6.421852159468438913e+03 1.439808968444167059e+00
6.441901993355481864e+03 1.327031945206894603e+00
6.461951827242524814e+03 1.224480619713572027e+00
6.482001661129567765e+03 1.107146995895020192e+00
6.502051495016610716e+03 1.155805146223769508e+00
6.522101328903654576e+03 1.194594524795098645e+00
6.542151162790697526e+03 1.308572448359961449e+00
6.562200996677740477e+03 1.207234273900631427e+00
6.582250830564784337e+03 1.252502289557696491e+00
6.602300664451827288e+03 1.146707837869516133e+00
6.622350498338870239e+03 9.778162884067923555e-01
6.642400332225913189e+03 9.814067386831616391e-01
6.662450166112957049e+03 1.087307473526885726e+00
6.682500000000000000e+03 1.317434675591361293e+00
6.702549833887042951e+03 1.431011636846681423e+00
6.722599667774085901e+03 1.473574564090067263e+00
6.742649501661129761e+03 1.393603939297418659e+00
6.762699335548172712e+03 1.355841302362664758e+00
6.782749169435215663e+03 1.380369865381291694e+00
6.802799003322259523e+03 1.442033961606948189e+00
6.822848837209302474e+03 1.470892652688500446e+00
6.842898671096345424e+03 1.463201195668944798e+00
6.862948504983388375e+03 1.234515603757854629e+00
6.882998338870431326e+03 1.112381358530498021e+00
6.903048172757475186e+03 1.111361238897383696e+00
6.923098006644518136e+03 1.099716776911987548e+00
6.943147840531561087e+03 1.103187368925719003e+00
6.963197674418604947e+03 1.091591247565586009e+00
6.983247508305647898e+03 1.056269150006257984e+00
7.003297342192690849e+03 9.940312571807350395e-01
7.023347176079733799e+03 1.005897887382236178e+00
7.043397009966776750e+03 1.180599582681342019e+00
7.063446843853820610e+03 1.331057130010456113e+00
7.083496677740863561e+03 1.485050496087389371e+00
7.103546511627906511e+03 1.560829392689440764e+00
7.123596345514950372e+03 1.579020036195871057e+00
7.143646179401993322e+03 1.477140512953632134e+00
7.163696013289036273e+03 1.385117841862584021e+00
7.183745847176080133e+03 1.313171098663216352e+00
7.203795681063123084e+03 1.317691609325635227e+00
7.223845514950166034e+03 1.276899074707456450e+00
7.243895348837208985e+03 1.113146862130550252e+00
7.263945182724251936e+03 1.182937149902954843e+00
7.283995016611295796e+03 1.405813920378354842e+00
7.304044850498338747e+03 1.855419149642047572e+00
7.324094684385381697e+03 2.362535485661044543e+00
7.344144518272425557e+03 2.361095199908351372e+00
7.364194352159468508e+03 2.331852432626081217e+00
7.384244186046511459e+03 2.131556693951528025e+00
7.404294019933554409e+03 2.099751211329983214e+00
7.424343853820597360e+03 1.944461919175799025e+00
7.444393687707641220e+03 1.751602690387565886e+00
7.464443521594684171e+03 1.564415207563387478e+00
7.484493355481727122e+03 1.449142682321965747e+00
7.504543189368770982e+03 1.308015537868919997e+00
7.524593023255813932e+03 1.166957924452211248e+00
7.544642857142856883e+03 1.057608450206175998e+00
7.564692691029900743e+03 9.775391575619637452e-01
7.584742524916943694e+03 9.947755703697129803e-01
7.604792358803986644e+03 1.011189199247475523e+00
7.624842192691029595e+03 1.178151428001936285e+00
7.644892026578072546e+03 1.029775507460680251e+00
7.664941860465116406e+03 1.012361293860012168e+00
7.684991694352159357e+03 9.568021550648062590e-01
7.705041528239202307e+03 9.098755262009499134e-01
7.725091362126246167e+03 1.035404541502413345e+00
7.745141196013289118e+03 1.177084623244424089e+00
7.765191029900332069e+03 1.107723110196097371e+00
7.785240863787375929e+03 1.263267680583689767e+00
7.805290697674417970e+03 1.159705837362270620e+00
7.825340531561461830e+03 1.144650712494462486e+00
7.845390365448504781e+03 1.154217189793903309e+00
7.865440199335547732e+03 1.000000000000000000e+00
7.885490033222591592e+03 9.762432314847125925e-01
7.905539867109633633e+03 1.006742523923642940e+00
7.925589700996677493e+03 1.008628801609411818e+00
7.945639534883721353e+03 1.024458700882117101e+00
7.965689368770763394e+03 8.750868310203778755e-01
7.985739202657807255e+03 1.035322097559328247e+00
8.005789036544851115e+03 1.060314531920374392e+00
8.025838870431893156e+03 1.070654128123847082e+00
8.045888704318937016e+03 1.173682900066683521e+00
8.065938538205979967e+03 1.172009850892348215e+00
8.085988372093022917e+03 1.130753113831577172e+00
8.106038205980066778e+03 1.065727026448944015e+00
8.126088039867108819e+03 1.013525442068396121e+00
8.146137873754152679e+03 1.018461483447971272e+00
8.166187707641196539e+03 1.035399243899644883e+00
8.186237541528238580e+03 1.028999739755263931e+00
8.206287375415282440e+03 9.337955271015424552e-01
8.226337209302324482e+03 8.350458937949839511e-01
8.246387043189368342e+03 8.294966548949519458e-01
8.266436877076412202e+03 8.168436617824976764e-01
8.286486710963454243e+03 7.963214108575692451e-01
8.306536544850498103e+03 7.615373510794196665e-01
8.326586378737541963e+03 7.823082582342958391e-01
8.346636212624584005e+03 5.970573803221869147e-01
8.366686046511627865e+03 6.272600070060796451e-01
8.386735880398671725e+03 6.915288682929866537e-01
8.406785714285713766e+03 6.839946838556217878e-01
8.426835548172757626e+03 7.096751443762303602e-01
8.446885382059801486e+03 7.871654977726890712e-01
8.466935215946843527e+03 7.462852216086567347e-01
8.486985049833887388e+03 8.681602154005284566e-01
8.507034883720929429e+03 8.289361023020069830e-01
8.527084717607973289e+03 8.527379004408266461e-01
8.547134551495017149e+03 1.093375546398060560e+00
8.567184385382059190e+03 1.171950252861202246e+00
8.587234219269103050e+03 1.469233840821605463e+00
8.607284053156145092e+03 1.662510255827859718e+00
8.627333887043188952e+03 1.593303697660512164e+00
8.647383720930232812e+03 1.694183298380191660e+00
8.667433554817274853e+03 1.928658507916936271e+00
8.687483388704318713e+03 2.009698586268481080e+00
8.707533222591362573e+03 2.184158578441273146e+00
8.727583056478404615e+03 2.284283270766437557e+00
8.747632890365448475e+03 2.264586121472707436e+00
8.767682724252492335e+03 2.094821129753522193e+00
8.787732558139534376e+03 1.942627624217196480e+00
8.807782392026578236e+03 1.836596104805124252e+00
8.827832225913622096e+03 1.629728027695867221e+00
8.847882059800664138e+03 1.572881438987840053e+00
8.867931893687707998e+03 1.445947565652197842e+00
8.887981727574750039e+03 1.333844331267047600e+00
8.908031561461793899e+03 1.286319867930762806e+00
8.928081395348837759e+03 1.147175020213665464e+00
8.948131229235879800e+03 1.094683723181713697e+00
8.968181063122923661e+03 9.557183317584001525e-01
8.988230897009965702e+03 9.965598692021877536e-01
9.008280730897009562e+03 1.049973942416382311e+00
9.028330564784053422e+03 1.008933744868774962e+00
9.048380398671095463e+03 1.876995954618086104e+00
9.068430232558139323e+03 1.092013400286202973e+00
9.088480066445183184e+03 9.466494980190276465e-01
9.108529900332225225e+03 9.399874314374316864e-01
9.128579734219269085e+03 9.293627579849774722e-01
9.148629568106312945e+03 8.610127559652662743e-01
9.168679401993354986e+03 9.626065397581776706e-01
9.188729235880398846e+03 1.027737585895662553e+00
9.208779069767440888e+03 1.127590776078939649e+00
9.228828903654484748e+03 1.196712241501817209e+00
9.248878737541528608e+03 9.193665126609396054e-01
9.268928571428570649e+03 1.062599123114301713e+00
9.288978405315614509e+03 1.000812519824622937e+00
9.309028239202658369e+03 2.760017932385373796e-02
9.329078073089700410e+03 -5.704207025018591670e-01
9.349127906976744271e+03 1.077396983147663301e+00
9.369177740863786312e+03 8.357498127628522511e+00
9.389227574750830172e+03 3.977934822268738291e+00
9.409277408637874032e+03 2.667661843420079393e-01
9.429327242524916073e+03 1.410801282284749880e-01
9.449377076411959933e+03 1.203644816924781313e+00
9.469426910299003794e+03 2.707081636720863660e+00
9.489476744186045835e+03 1.508088048806814463e+00
9.509526578073089695e+03 2.111980727321128015e-01
9.529576411960133555e+03 1.319283538957577440e+00
9.549626245847175596e+03 6.425315389469822280e-01
9.569676079734219456e+03 -4.057197223791269569e-01
9.589725913621261498e+03 1.020147776629228176e+00
9.609775747508305358e+03 1.380509258554138530e+00
9.629825581395349218e+03 1.376918146077423133e+00
9.649875415282391259e+03 6.815160679602971783e-01
9.669925249169435119e+03 1.504572493389584986e+00
9.689975083056478979e+03 2.660207123024242559e+00
