3.195344743733583528e+03 1.067787009942917864e+00
3.215405096800750016e+03 9.873225847995622528e-01
3.235465449867916504e+03 9.856500134386633194e-01
3.255525802935083448e+03 1.053999854623720589e+00
3.275586156002250391e+03 1.124453369984820483e+00
3.295646509069416425e+03 1.058833043029680399e+00
3.315706862136583368e+03 1.063154931645253098e+00
3.335767215203750311e+03 1.072196375420860326e+00
3.355827568270916345e+03 1.047249102030866297e+00
3.375887921338083288e+03 1.052805498851951294e+00
3.395948274405250231e+03 1.012947020879815252e+00
3.416008627472416720e+03 9.606133035740785919e-01
3.436068980539583208e+03 9.876237574777951833e-01
3.456129333606750151e+03 9.963805815166456581e-01
3.476189686673917095e+03 1.018161415294079220e+00
3.496250039741083128e+03 1.011028435588344099e+00
3.516310392808250072e+03 1.056563005726094850e+00
3.536370745875417015e+03 1.059423018463063082e+00
3.556431098942583048e+03 1.066860115943900400e+00
3.576491452009749992e+03 1.074343270506683545e+00
3.596551805076916935e+03 1.050190912058642789e+00
3.616612158144083423e+03 1.056897743732715167e+00
3.636672511211249912e+03 1.080273038500807914e+00
3.656732864278416855e+03 1.087917416597018017e+00
3.676793217345583344e+03 1.107521743772146960e+00
3.696853570412749832e+03 1.116290220689460932e+00
3.716913923479916775e+03 1.135730369425907771e+00
3.736974276547083718e+03 1.078508940446699205e+00
3.757034629614249752e+03 1.093612396616139959e+00
3.777094982681416695e+03 1.094575554798310035e+00
3.797155335748583639e+03 1.102462631074488719e+00
3.817215688815749672e+03 1.107564112901062492e+00
3.837276041882916616e+03 1.126087483181551496e+00
3.857336394950083559e+03 1.057381365807299023e+00
3.877396748017250047e+03 1.080681203115372746e+00
3.897457101084416536e+03 1.054069814225429447e+00
3.917517454151583479e+03 9.920874841267701694e-01
3.937577807218750422e+03 9.258952493009697804e-01
3.957638160285916456e+03 9.289227794576112585e-01
3.977698513353083399e+03 9.088740740753857850e-01
3.997758866420250342e+03 9.107935720629595222e-01
4.017819219487416376e+03 9.486174749039734122e-01
4.037879572554583319e+03 9.716066248834375196e-01
4.057939925621750263e+03 9.852131097377143654e-01
4.078000278688916296e+03 9.913680839464569239e-01
4.098060631756083239e+03 1.012475215328867195e+00
4.118120984823250183e+03 1.022665562300596909e+00
4.138181337890417126e+03 1.005315598112445752e+00
4.158241690957583160e+03 9.910324889966635187e-01
4.178302044024750103e+03 9.564325416258282475e-01
4.198362397091917046e+03 9.618646109631717733e-01
4.218422750159083080e+03 9.653146512728363327e-01
4.238483103226250023e+03 9.582583055171753905e-01
4.258543456293416966e+03 9.687208119621849578e-01
4.278603809360583000e+03 9.793614830876797850e-01
4.298664162427749943e+03 1.007808692561715569e+00
4.318724515494916886e+03 1.033919278698913313e+00
4.338784868562082920e+03 1.082126777456914102e+00
4.358845221629249863e+03 1.096949734960292133e+00
4.378905574696416807e+03 1.113148925131802969e+00
4.398965927763583750e+03 1.109117135010756705e+00
4.419026280830749783e+03 1.108324916342413591e+00
4.439086633897916727e+03 1.063287536890309859e+00
4.459146986965083670e+03 1.109908450791383006e+00
4.479207340032249704e+03 1.091948729204548885e+00
4.499267693099416647e+03 1.092925115801667513e+00
4.519328046166583590e+03 1.074301336044124255e+00
4.539388399233749624e+03 1.082229171325268302e+00
4.559448752300916567e+03 1.052815328403132966e+00
4.579509105368083510e+03 1.059198091529322427e+00
4.599569458435249544e+03 1.050976180195128062e+00
4.619629811502416487e+03 1.084940300510504052e+00
4.639690164569583430e+03 1.094807511763456143e+00
4.659750517636750374e+03 1.100055138020993084e+00
4.679810870703916407e+03 1.101487006950302217e+00
4.699871223771083351e+03 1.103328835428762478e+00
4.719931576838250294e+03 1.100623823062598650e+00
4.739991929905416328e+03 1.107161979927482998e+00
4.760052282972583271e+03 1.100043613167774881e+00
4.780112636039750214e+03 1.079070576872589227e+00
4.800172989106916248e+03 1.111593489126760481e+00
4.820233342174083191e+03 1.105522667770091116e+00
4.840293695241250134e+03 1.108496924970283626e+00
4.860354048308417077e+03 1.120642388824206082e+00
4.880414401375583111e+03 1.069576126607838518e+00
4.900474754442750054e+03 1.085583502955792090e+00
4.920535107509916998e+03 1.108660069398619052e+00
4.940595460577083031e+03 1.120175704283064233e+00
4.960655813644249974e+03 1.104742201096530207e+00
4.980716166711416918e+03 1.078450565064753564e+00
5.000776519778582951e+03 1.088098070542552032e+00
5.020836872845749895e+03 1.082203693269020217e+00
5.040897225912916838e+03 1.069462772126560379e+00
5.060957578980083781e+03 1.059186619847879429e+00
5.081017932047249815e+03 1.043738053045806247e+00
5.101078285114416758e+03 1.036829814946944595e+00
5.121138638181583701e+03 1.021001779253300823e+00
5.141198991248749735e+03 1.007122282112417722e+00
5.161259344315916678e+03 1.024213178957299020e+00
5.181319697383083621e+03 1.011116487015624399e+00
5.201380050450249655e+03 1.002758432706513547e+00
5.221440403517416598e+03 9.956623722808508603e-01
5.241500756584583542e+03 1.000741847187259115e+00
5.261561109651750485e+03 1.004035933647781320e+00
5.281621462718916518e+03 1.010180259563250305e+00
5.301681815786083462e+03 1.010960105727356950e+00
5.321742168853249495e+03 1.023026972921599942e+00
5.341802521920416439e+03 1.024138072534243049e+00
5.361862874987583382e+03 1.030791120183347287e+00
5.381923228054750325e+03 1.032684254262573598e+00
5.401983581121916359e+03 1.033001843597343594e+00
5.422043934189083302e+03 1.016280703793479789e+00
5.442104287256250245e+03 1.024409005959307617e+00
5.462164640323416279e+03 1.021267346975147428e+00
5.482224993390583222e+03 1.027435574894148829e+00
5.502285346457750165e+03 1.006189753970151646e+00
5.522345699524917109e+03 1.015811304394417469e+00
5.542406052592083142e+03 1.019323509220299462e+00
5.562466405659250086e+03 1.013279296465389834e+00
5.582526758726416119e+03 1.012274795421188589e+00
5.602587111793583063e+03 1.010067995877710123e+00
5.622647464860750006e+03 1.010754168860827473e+00
5.642707817927916949e+03 9.992581528127409962e-01
5.662768170995082983e+03 9.814439680531863441e-01
5.682828524062249926e+03 9.893394067525358437e-01
5.702888877129416869e+03 9.949992200952439969e-01
5.722949230196582903e+03 1.002253707115712045e+00
5.743009583263749846e+03 1.005458136154850024e+00
5.763069936330916789e+03 9.980355747016461665e-01
5.783130289398083733e+03 9.540670630506701277e-01
5.803190642465249766e+03 9.759456544273982237e-01
5.823250995532416709e+03 9.734804302480301041e-01
5.843311348599583653e+03 9.682253903995827748e-01
5.863371701666749686e+03 9.653587905572587058e-01
5.883432054733916630e+03 9.485754593931745582e-01
5.903492407801083573e+03 9.297628279445608879e-01
5.923552760868250516e+03 9.689549866549648227e-01
5.943613113935416550e+03 9.898310567327143206e-01
5.963673467002583493e+03 9.779936391704892040e-01
5.983733820069749527e+03 9.834508830203543273e-01
6.003794173136916470e+03 9.814094936423120030e-01
6.023854526204083413e+03 9.894283326748376517e-01
6.043914879271250356e+03 9.842918235541731065e-01
6.063975232338416390e+03 1.008396331018143410e+00
6.084035585405583333e+03 1.013792566708844101e+00
6.104095938472750277e+03 1.007050198737085678e+00
6.124156291539916310e+03 1.006834278482588108e+00
6.144216644607083254e+03 9.942728100165274530e-01
6.164276997674250197e+03 1.004536706975369675e+00
6.184337350741417140e+03 9.989200262669709618e-01
6.204397703808583174e+03 9.903563727062918431e-01
6.224458056875750117e+03 1.032271072400598566e+00
6.244518409942916151e+03 1.049295456517004954e+00
6.264578763010083094e+03 1.046316876399864704e+00
6.284639116077250037e+03 1.025692064641661405e+00
6.304699469144416980e+03 1.049232605413787267e+00
6.324759822211583014e+03 1.022449908421206421e+00
6.344820175278749957e+03 1.007153508398927144e+00
6.364880528345916900e+03 1.004632693386696030e+00
6.384940881413082934e+03 1.021816597991030084e+00
6.405001234480249877e+03 1.008579587799508293e+00
6.425061587547416821e+03 1.004935016743442544e+00
6.445121940614583764e+03 1.003224669159297644e+00
6.465182293681749798e+03 9.849989069831790456e-01
6.485242646748916741e+03 9.860998420108335605e-01
6.505302999816082774e+03 9.871740398952523199e-01
6.525363352883249718e+03 9.778967942672973646e-01
6.545423705950416661e+03 9.733178650306827384e-01
6.565484059017583604e+03 1.037020977287198109e+00
6.585544412084749638e+03 9.783875129670634996e-01
6.605604765151916581e+03 9.716629059169166194e-01
6.625665118219083524e+03 9.613866581355325902e-01
6.645725471286249558e+03 9.436772878506810569e-01
6.665785824353416501e+03 9.583449770594547612e-01
6.685846177420583444e+03 9.491410929943601138e-01
6.705906530487750388e+03 9.512951048383672115e-01
6.725966883554916421e+03 9.605257688938562133e-01
6.746027236622083365e+03 9.506167310705879725e-01
6.766087589689250308e+03 9.427468137908762147e-01
6.786147942756416342e+03 9.657666402710189946e-01
6.806208295823583285e+03 9.568894673394118255e-01
6.826268648890750228e+03 9.308096898579841794e-01
6.846329001957916262e+03 9.154097076039868774e-01
6.866389355025083205e+03 9.072961680911255655e-01
6.886449708092250148e+03 8.878555733312443188e-01
6.906510061159416182e+03 8.911441800015351689e-01
6.926570414226583125e+03 8.763815198074723645e-01
6.946630767293750068e+03 8.900439233011877560e-01
6.966691120360917012e+03 8.729932408377490960e-01
6.986751473428083045e+03 8.903820457171115477e-01
7.006811826495249989e+03 8.688565102816780961e-01
7.026872179562416932e+03 9.025066300989947887e-01
7.046932532629582965e+03 8.784476562589115245e-01
7.066992885696749909e+03 8.895848531647478907e-01
7.087053238763916852e+03 8.692715500584003996e-01
7.107113591831083795e+03 8.797057113011471641e-01
7.127173944898249829e+03 8.678614996250050284e-01
7.147234297965416772e+03 8.545189326188508128e-01
7.167294651032582806e+03 8.437952717093369914e-01
7.187355004099749749e+03 8.727471897385574717e-01
7.207415357166916692e+03 8.236666346945128447e-01
7.227475710234083635e+03 8.393436377674901028e-01
7.247536063301249669e+03 8.186848399527747455e-01
7.267596416368416612e+03 8.174137526633049600e-01
7.287656769435583556e+03 8.062185840680300419e-01
7.307717122502750499e+03 8.079730822936753709e-01
7.327777475569916533e+03 7.959039524597169013e-01
7.347837828637083476e+03 7.780112020143323814e-01
7.367898181704249509e+03 7.983606691550521051e-01
7.387958534771416453e+03 7.729562232931387333e-01
7.408018887838583396e+03 8.062195664552945784e-01
7.428079240905750339e+03 7.717311187483752999e-01
7.448139593972916373e+03 7.981162400531197632e-01
7.468199947040083316e+03 7.752364179544810607e-01
7.488260300107249350e+03 7.843326952523284046e-01
7.508320653174416293e+03 7.844285871934129073e-01
7.528381006241583236e+03 7.989681685600966699e-01
7.548441359308750179e+03 7.739327399804254437e-01
7.568501712375917123e+03 7.625432078975374894e-01
7.588562065443083156e+03 7.806883890226764544e-01
7.608622418510250100e+03 7.901498165176390476e-01
7.628682771577416133e+03 8.276346661785471959e-01
7.648743124644583077e+03 7.858085403371178890e-01
7.668803477711750020e+03 7.866859179914167388e-01
7.688863830778916963e+03 7.897450910328449591e-01
7.708924183846082997e+03 7.841667786644502813e-01
7.728984536913249940e+03 8.308334042890455073e-01
7.749044889980416883e+03 7.895248545724007361e-01
7.769105243047582917e+03 8.161849787498215436e-01
7.789165596114749860e+03 8.016653326689936465e-01
7.809225949181916803e+03 8.158071437288190175e-01
7.829286302249083747e+03 8.183318950011081450e-01
7.849346655316249780e+03 7.969669662032632385e-01
7.869407008383416724e+03 8.343706060440447825e-01
7.889467361450582757e+03 8.145917407099920737e-01
7.909527714517749700e+03 8.282715654454344545e-01
7.929588067584916644e+03 8.130823648842802065e-01
7.949648420652083587e+03 7.933545155454995168e-01
7.969708773719249621e+03 8.198325294902224503e-01
7.989769126786416564e+03 8.151125918031446593e-01
