3.311997112672104322e+03 4.755029576545193315e+00
3.332022050916313674e+03 4.876300840185005647e+00
3.352046989160522571e+03 5.026278359664864581e+00
3.372071927404731468e+03 5.091982469103945697e+00
3.392096865648940366e+03 5.000615379803500460e+00
3.412121803893149718e+03 5.039339737349331827e+00
3.432146742137358615e+03 4.906226908596160285e+00
3.452171680381567967e+03 4.750516270032098198e+00
3.472196618625776864e+03 4.722770225626229390e+00
3.492221556869985761e+03 4.621134816656696565e+00
3.512246495114194659e+03 4.509087212689179225e+00
3.532271433358403556e+03 4.352128612033139277e+00
3.552296371602612908e+03 4.259137712408334941e+00
3.572321309846821805e+03 4.141022844118118051e+00
3.592346248091031157e+03 3.990350969790090296e+00
3.612371186335240054e+03 3.817900749480993117e+00
3.632396124579448951e+03 3.696967280091642216e+00
3.652421062823657849e+03 3.676580771531451131e+00
3.672446001067867201e+03 3.709525094124960010e+00
3.692470939312076098e+03 3.787574332328552451e+00
3.712495877556285450e+03 3.711836482560980421e+00
3.732520815800494347e+03 2.802776168302857585e+00
3.752545754044703244e+03 3.685810686652827073e+00
3.772570692288912142e+03 3.823433694194552146e+00
3.792595630533121039e+03 4.163263572043875982e+00
3.812620568777330391e+03 4.592603713390962739e+00
3.832645507021539743e+03 4.675178769005814416e+00
3.852670445265748640e+03 4.010143210687434845e+00
3.872695383509957537e+03 3.772920942852562742e+00
3.892720321754166434e+03 3.404634505839070791e+00
3.912745259998375332e+03 3.412263025995300403e+00
3.932770198242584684e+03 3.471111163239853248e+00
3.952795136486793581e+03 3.475205354664415491e+00
3.972820074731002933e+03 3.340147081246553906e+00
3.992845012975211830e+03 3.307928390746626590e+00
4.012869951219420727e+03 3.421955844348788744e+00
4.032894889463629625e+03 3.519110787912908656e+00
4.052919827707838522e+03 3.596079397287480717e+00
4.072944765952047874e+03 3.673227850823177487e+00
4.092969704196257226e+03 3.824303201617033743e+00
4.112994642440466123e+03 3.789873209866406967e+00
4.133019580684675020e+03 3.581010020447499276e+00
4.153044518928883917e+03 3.411584309769839063e+00
4.173069457173092815e+03 3.293481431090363731e+00
4.193094395417301712e+03 3.184477103101529760e+00
4.213119333661510609e+03 3.129629325545299601e+00
4.233144271905720416e+03 3.090160569558638937e+00
4.253169210149929313e+03 2.988578331906309060e+00
4.273194148394138210e+03 2.909762279902675441e+00
4.293219086638347108e+03 2.940004769779925642e+00
4.313244024882556914e+03 2.969583660766996314e+00
4.333268963126765811e+03 3.194173049179559243e+00
4.353293901370974709e+03 3.200331538801377551e+00
4.373318839615183606e+03 3.136491553188910597e+00
4.393343777859392503e+03 3.063243372156214228e+00
4.413368716103601400e+03 3.146565953936436788e+00
4.433393654347810298e+03 3.182913240830879342e+00
4.453418592592019195e+03 3.449195197378966959e+00
4.473443530836228092e+03 3.382652857762816545e+00
4.493468469080437899e+03 3.094636343377239029e+00
4.513493407324646796e+03 2.958148699844004970e+00
4.533518345568855693e+03 2.835512184441915995e+00
4.553543283813064591e+03 2.784144000437881239e+00
4.573568222057274397e+03 2.721392462965786407e+00
4.593593160301483294e+03 2.677895197769932345e+00
4.613618098545692192e+03 2.622528217939845696e+00
4.633643036789901089e+03 2.572409559890060482e+00
4.653667975034109986e+03 2.433985854865762022e+00
4.673692913278318883e+03 2.293366487213471139e+00
4.693717851522527781e+03 2.250795028481841875e+00
4.713742789766736678e+03 2.147148492632254158e+00
4.733767728010945575e+03 2.048981417406569250e+00
4.753792666255155382e+03 2.022233117129374591e+00
4.773817604499364279e+03 2.049836120266221418e+00
4.793842542743573176e+03 2.096260414345308742e+00
4.813867480987782983e+03 2.133452812410811195e+00
4.833892419231991880e+03 2.166671436446592214e+00
4.853917357476200777e+03 2.177965962537679712e+00
4.873942295720409675e+03 2.197680948638853327e+00
4.893967233964618572e+03 2.256334228644483186e+00
4.913992172208827469e+03 2.339719364915531674e+00
4.934017110453036366e+03 2.430163775476294141e+00
4.954042048697245264e+03 2.469957814815249453e+00
4.974066986941454161e+03 2.660467516625810713e+00
4.994091925185663058e+03 3.056587574332329194e+00
5.014116863429872865e+03 3.159256174975336950e+00
5.034141801674081762e+03 2.883227811726621237e+00
5.054166739918290659e+03 1.704593610840693385e+00
5.074191678162500466e+03 2.263096369102773675e+00
5.094216616406709363e+03 2.316855698518631712e+00
5.114241554650918260e+03 2.295946859960042996e+00
5.134266492895127158e+03 2.322279172873245034e+00
5.154291431139336055e+03 2.284458727719850035e+00
5.174316369383544952e+03 2.168703831853528552e+00
5.194341307627753849e+03 2.068834648932468490e+00
5.214366245871962747e+03 2.008030119987332718e+00
5.234391184116171644e+03 1.943402886107820082e+00
5.254416122360381451e+03 1.869623461061784564e+00
5.274441060604590348e+03 1.795180020095630491e+00
5.294465998848799245e+03 1.757724893168658431e+00
5.314490937093008142e+03 1.704542316158216275e+00
5.334515875337217949e+03 1.642966490341195795e+00
5.354540813581426846e+03 1.564590717695492517e+00
5.374565751825635743e+03 1.545054324665626755e+00
5.394590690069844641e+03 1.514967491213048856e+00
5.414615628314053538e+03 1.526330201699136468e+00
5.434640566558262435e+03 1.519471727324974486e+00
5.454665504802471332e+03 1.420061381594122984e+00
5.474690443046680230e+03 1.309472235580212640e+00
5.494715381290889127e+03 1.229756076582335433e+00
5.514740319535098024e+03 1.194216837323136771e+00
5.534765257779307831e+03 1.163851636386383559e+00
5.554790196023516728e+03 1.159136278867920034e+00
5.574815134267726535e+03 1.154495986738448110e+00
5.594840072511935432e+03 1.161524296555202396e+00
5.614865010756144329e+03 1.176296852336214727e+00
5.634889949000353226e+03 1.176339076617522350e+00
5.654914887244562124e+03 1.142753883265500869e+00
5.674939825488771021e+03 1.080291347541021851e+00
5.694964763732979918e+03 1.023102155393174506e+00
5.714989701977188815e+03 1.008304265043377779e+00
5.735014640221397713e+03 1.034270634185247228e+00
5.755039578465606610e+03 1.073186095700551679e+00
5.775064516709815507e+03 1.120944260039018481e+00
5.795089454954025314e+03 1.185419173733369247e+00
5.815114393198234211e+03 1.280491052752984249e+00
5.835139331442444018e+03 1.360605527471195675e+00
5.855164269686652915e+03 1.539734690765784508e+00
5.875189207930861812e+03 1.457501495443296324e+00
5.895214146175070709e+03 1.410845854005637667e+00
5.915239084419279607e+03 1.459933301274156880e+00
5.935264022663488504e+03 1.485355446345840269e+00
5.955288960907697401e+03 1.413980146768474278e+00
5.975313899151906298e+03 1.268231623640906136e+00
5.995338837396115196e+03 1.163070747825905693e+00
6.015363775640324093e+03 1.105332535763575263e+00
6.035388713884532990e+03 1.079382118016866121e+00
6.055413652128742797e+03 1.099195314668637069e+00
6.075438590372951694e+03 1.126641410290995848e+00
6.095463528617161501e+03 1.126950429475675808e+00
6.115488466861370398e+03 1.147059508869053834e+00
6.135513405105579295e+03 1.178890674298314512e+00
6.155538343349788192e+03 1.199176157355821948e+00
6.175563281593997090e+03 1.226052381566755445e+00
6.195588219838205987e+03 1.316020439679877585e+00
6.215613158082414884e+03 1.310380839559460275e+00
6.235638096326623781e+03 1.320313606514007754e+00
6.255663034570832679e+03 1.393430058214773171e+00
6.275687972815041576e+03 1.528141779753457108e+00
6.295712911059251383e+03 1.665531459044401918e+00
6.315737849303460280e+03 1.740047306833687468e+00
6.335762787547670086e+03 1.726053554463458539e+00
6.355787725791878984e+03 1.611820922131387945e+00
6.375812664036087881e+03 1.512346458047439723e+00
6.395837602280296778e+03 1.422041231228765801e+00
6.415862540524505675e+03 1.300975459091318065e+00
6.435887478768714573e+03 1.230986054258201623e+00
6.455912417012923470e+03 1.179482752553982383e+00
6.475937355257132367e+03 1.182403213215678761e+00
6.495962293501341264e+03 1.218610899338095521e+00
6.515987231745550162e+03 1.231964093722266007e+00
6.536012169989759059e+03 1.134823224918581452e+00
6.556037108233968866e+03 1.167272741489657095e+00
6.576062046478177763e+03 1.144494461972733967e+00
6.596086984722387569e+03 1.075212235658405513e+00
6.616111922966596467e+03 1.033672926025404948e+00
6.636136861210805364e+03 9.916957349566224433e-01
6.656161799455014261e+03 1.046419967393471540e+00
6.676186737699223158e+03 9.876941241784836789e-01
6.696211675943432056e+03 9.377312268108548565e-01
6.716236614187640953e+03 8.999415897441913614e-01
6.736261552431849850e+03 8.643660688803136427e-01
6.756286490676058747e+03 8.602330936714405185e-01
6.776311428920267645e+03 8.653872709430481258e-01
6.796336367164476542e+03 9.057952826094606280e-01
6.816361305408686349e+03 7.817694319661268043e-01
6.836386243652895246e+03 7.421855757163466905e-01
6.856411181897105052e+03 7.107635166570880347e-01
6.876436120141313950e+03 7.049340636570138319e-01
6.896461058385522847e+03 7.104460526161461287e-01
6.916485996629731744e+03 7.262929817770950036e-01
6.936510934873940641e+03 7.300900393702326463e-01
6.956535873118149539e+03 7.593292594721182676e-01
6.976560811362358436e+03 8.112983314892792119e-01
6.996585749606567333e+03 8.637314535708841001e-01
7.016610687850776230e+03 9.357188488409825533e-01
7.036635626094985128e+03 9.793781301680761775e-01
7.056660564339194025e+03 8.811932269125057893e-01
7.076685502583403832e+03 7.520207055364634963e-01
7.096710440827612729e+03 7.401569335788596993e-01
7.116735379071822535e+03 7.273048006662053977e-01
7.136760317316031433e+03 7.079432474381980311e-01
7.156785255560240330e+03 7.536311709027786465e-01
7.176810193804449227e+03 7.588378939466801087e-01
7.196835132048658124e+03 7.974868733310657154e-01
7.216860070292867022e+03 7.864733732900143215e-01
7.236885008537075919e+03 7.598766112668456918e-01
7.256909946781284816e+03 7.019439589955313030e-01
7.276934885025493713e+03 6.527076320388462971e-01
7.296959823269702611e+03 6.631611130007780686e-01
7.316984761513911508e+03 5.926950429475674742e-01
7.337009699758121315e+03 5.531871904041411048e-01
7.357034638002330212e+03 5.563361834723214994e-01
7.377059576246540018e+03 5.736243681019012053e-01
7.397084514490748916e+03 5.903411174577855025e-01
7.417109452734957813e+03 6.131112648909010643e-01
7.437134390979166710e+03 6.164279039944950966e-01
7.457159329223375607e+03 5.344609301592142536e-01
7.477184267467584505e+03 5.729644182236870442e-01
7.497209205711793402e+03 6.235475433678555612e-01
7.517234143956002299e+03 6.989075640108375342e-01
7.537259082200211196e+03 6.935660360392059687e-01
7.557284020444420094e+03 6.095331480156542803e-01
7.577308958688628991e+03 5.046305179902805804e-01
7.597333896932838798e+03 5.411135481298162686e-01
7.617358835177048604e+03 5.736766011017410127e-01
7.637383773421257501e+03 6.436522439468755907e-01
7.657408711665466399e+03 6.513555167196425355e-01
7.677433649909675296e+03 7.292884035702976719e-01
7.697458588153884193e+03 7.733310917974121068e-01
7.717483526398093090e+03 8.626398777059705036e-01
7.737508464642301988e+03 8.487656044132195765e-01
7.757533402886510885e+03 1.040831036410623467e+00
7.777558341130719782e+03 1.075721429213729152e+00
7.797583279374928679e+03 1.191554518193582712e+00
7.817608217619137577e+03 1.193925646168341848e+00
7.837633155863346474e+03 1.312321592637336387e+00
7.857658094107556281e+03 1.239845646793886758e+00
7.877683032351766087e+03 1.226824303983548248e+00
7.897707970595974984e+03 1.014903763825519833e+00
7.917732908840183882e+03 9.437955719239806696e-01
7.937757847084392779e+03 7.944128935231340449e-01
7.957782785328601676e+03 8.007666052850725968e-01
7.977807723572810573e+03 7.397587742447523373e-01
7.997832661817019471e+03 7.654852469143040850e-01
8.017857600061228368e+03 7.693617487107909936e-01
8.037882538305437265e+03 7.460220426387048631e-01
8.057907476549646162e+03 6.858111558115077555e-01
8.077932414793855060e+03 7.081165233777861889e-01
8.097957353038064866e+03 6.652588778506276501e-01
8.117982291282274673e+03 7.228843875719865864e-01
8.138007229526483570e+03 7.867206199150040824e-01
8.158032167770692467e+03 7.865642336879390406e-01
8.178057106014901365e+03 9.019003272381802550e-01
8.198082044259110262e+03 8.782073446791539562e-01
8.218106982503319159e+03 8.529905347236069746e-01
8.238131920747528056e+03 8.159163646457656682e-01
8.258156858991736954e+03 7.360308393639772850e-01
8.278181797235945851e+03 7.621510925532788416e-01
8.298206735480154748e+03 6.974844493445462312e-01
8.318231673724363645e+03 7.988095880395812420e-01
8.338256611968572543e+03 6.897686656736141675e-01
8.358281550212781440e+03 8.634984380925572189e-01
8.378306488456992156e+03 7.470982926533660251e-01
8.398331426701201053e+03 9.537207802108867982e-01
8.418356364945409950e+03 8.138185997959160867e-01
8.438381303189618848e+03 9.511821104581986708e-01
8.458406241433827745e+03 7.772348569261506857e-01
8.478431179678036642e+03 8.924486564468265826e-01
8.498456117922245539e+03 7.475002052569230671e-01
8.518481056166454437e+03 8.527190482334221500e-01
8.538505994410663334e+03 7.163709012147300159e-01
8.558530932654872231e+03 8.140656900346785463e-01
8.578555870899081128e+03 7.061488718688546662e-01
8.598580809143290026e+03 7.895168056549259905e-01
8.618605747387500742e+03 7.270142350563185696e-01
8.638630685631709639e+03 7.815260949968135806e-01
8.658655623875918536e+03 7.397581486998440203e-01
8.678680562120127433e+03 8.400226238741820284e-01
8.698705500364336331e+03 6.808743553955203254e-01
8.718730438608545228e+03 7.790173471422371376e-01
8.738755376852754125e+03 6.331512215719161674e-01
8.758780315096963022e+03 6.514440313241613989e-01
8.778805253341171920e+03 6.581858415729326950e-01
8.798830191585380817e+03 5.583889090887765860e-01
8.818855129829589714e+03 6.611021319352404779e-01
8.838880068073798611e+03 5.611043995355328162e-01
8.858905006318007509e+03 6.262026687309648620e-01
8.878929944562216406e+03 5.630798703558177465e-01
8.898954882806427122e+03 4.963242199259511600e-01
8.918979821050636019e+03 5.195842732797189001e-01
8.939004759294844916e+03 4.386180149114267679e-01
8.959029697539053814e+03 4.853906332469298812e-01
8.979054635783262711e+03 4.978205233465088364e-01
8.999079574027471608e+03 4.438938606676910426e-01
9.019104512271680505e+03 5.159247313089135867e-01
9.039129450515889403e+03 4.925903423685475402e-01
9.059154388760098300e+03 5.609201765600504430e-01
9.079179327004307197e+03 5.790612916720423442e-01
9.099204265248516094e+03 6.348445716385757720e-01
9.119229203492724992e+03 8.138664539813978971e-01
9.139254141736935708e+03 8.455856468720800434e-01
9.159279079981144605e+03 1.140634797760027963e+00
9.179304018225353502e+03 1.055004632941976661e+00
9.199328956469562399e+03 9.576079162708138748e-01
9.219353894713771297e+03 8.017612216892058274e-01
9.239378832957980194e+03 5.114871157297176119e-01
9.259403771202189091e+03 4.110561934810401663e-01
9.279428709446397988e+03 3.895549638943299198e-01
9.299453647690606886e+03 5.060539454290261530e-01
9.319478585934815783e+03 6.064873698573367555e-01
9.339503524179024680e+03 4.479136122481692794e-01
9.359528462423233577e+03 3.689179245983806310e-01
9.379553400667442475e+03 2.643021069134441903e-01
9.399578338911653191e+03 2.984906383294823051e-01
9.419603277155862088e+03 3.015047222124480619e-01
9.439628215400070985e+03 2.602166731175985515e-01
9.459653153644279882e+03 2.559867384479448948e-01
9.479678091888488780e+03 2.313383924277788717e-01
9.499703030132697677e+03 2.093984681969058570e-01
9.519727968376906574e+03 2.138052131348792406e-01
9.539752906621115471e+03 2.164789797362546286e-01
9.559777844865324369e+03 2.077133753230353541e-01
9.579802783109533266e+03 2.655760291191154310e-01
9.599827721353742163e+03 2.614443050000586632e-01
9.619852659597951060e+03 2.716178546155440521e-01
9.639877597842161776e+03 2.812718891847194591e-01
9.659902536086370674e+03 2.421312836311839134e-01
9.679927474330579571e+03 2.426019540459072310e-01
9.699952412574788468e+03 2.387607955367370971e-01
9.719977350818997365e+03 1.985293751979263221e-01
9.740002289063206263e+03 2.227037145638583737e-01
9.760027227307415160e+03 2.006434042153907304e-01
9.780052165551624057e+03 1.881433905315958999e-01
9.800077103795832954e+03 2.125182483178706394e-01
9.820102042040041852e+03 1.916187303784155915e-01
9.840126980284250749e+03 1.836810033740328696e-01
9.860151918528459646e+03 2.186310731613866631e-01
9.880176856772668543e+03 1.855567310586957175e-01
9.900201795016877441e+03 1.749588117774467655e-01
9.920226733261088157e+03 1.871289443538707575e-01
9.940251671505297054e+03 1.583607595679048519e-01
9.960276609749505951e+03 1.648940756987532230e-01
9.980301547993714848e+03 1.608046696927401820e-01
1.000032648623792375e+04 1.508510929442443971e-01
1.002035142448213264e+04 1.665092952063711718e-01
1.004037636272634154e+04 1.610141334052709872e-01
1.006040130097055044e+04 1.589632844235408238e-01
1.008042623921475933e+04 1.658256058988884785e-01
1.010045117745896823e+04 1.666433494802113113e-01
1.012047611570317713e+04 1.623954929489360155e-01
1.014050105394738603e+04 1.562995890951883737e-01
1.016052599219159674e+04 1.644338935869918139e-01
1.018055093043580564e+04 1.455376519389937340e-01
1.020057586868001454e+04 1.536335479734299569e-01
1.022060080692422343e+04 1.369972749699934211e-01
1.024062574516843233e+04 1.370462551363101633e-01
1.026065068341264123e+04 1.202739573925724337e-01
1.028067562165685013e+04 1.017403754051380838e-01
1.030070055990105902e+04 9.572970204514090475e-02
1.032072549814526792e+04 9.218930552786216981e-02
1.034075043638947682e+04 8.392845330111776969e-02
1.036077537463368571e+04 8.012545303135153174e-02
1.038080031287789461e+04 7.588285107730563528e-02
