4.242527888251925106e+03 1.858156511432523805e-01
4.262555557275773026e+03 2.038121145788219790e-01
4.282583226299620947e+03 2.748354276378414673e-01
4.302610895323470686e+03 1.193757716008415209e-01
4.322638564347318606e+03 1.050970090140929125e-01
4.342666233371167436e+03 1.492235274069837747e-01
4.362693902395016266e+03 1.828129286864474401e-01
4.382721571418864187e+03 2.347920726143549186e-01
4.402749240442713926e+03 1.585396830694183468e-01
4.422776909466561847e+03 2.541213086097444118e-01
4.442804578490409767e+03 2.088208434812354741e-01
4.462832247514259507e+03 2.194130460999820509e-01
4.482859916538107427e+03 2.346784565631865049e-01
4.502887585561955348e+03 2.880692426346646573e-01
4.522915254585805087e+03 2.989293776804556879e-01
4.542942923609653008e+03 3.513170087056423085e-01
4.562970592633501838e+03 3.589229356114189140e-01
4.582998261657350668e+03 3.646501650590570076e-01
4.603025930681198588e+03 3.489859632169993175e-01
4.623053599705047418e+03 4.087437940095331457e-01
4.643081268728896248e+03 4.124565798731863464e-01
4.663108937752744168e+03 3.715653469274137199e-01
4.683136606776593908e+03 3.949619328836526111e-01
4.703164275800441828e+03 3.986552787673904863e-01
4.723191944824289749e+03 3.970633696824803494e-01
4.743219613848139488e+03 3.824377264552868971e-01
4.763247282871987409e+03 2.665104995864990833e-01
4.783274951895836239e+03 2.785498265470383039e-01
4.803302620919685069e+03 2.545096632299694850e-01
4.823330289943532989e+03 1.866159505427089360e-01
4.843357958967381819e+03 2.335846524025909365e-01
4.863385627991230649e+03 2.411191325152310383e-01
4.883413297015078570e+03 2.990013528850634095e-01
4.903440966038928309e+03 3.317884225299482237e-01
4.923468635062776229e+03 3.776495600405638808e-01
4.943496304086624150e+03 4.504930281289354355e-01
4.963523973110473889e+03 4.743914103049338693e-01
4.983551642134321810e+03 5.468836238205868616e-01
5.003579311158170640e+03 5.076633568893604842e-01
5.023606980182019470e+03 4.217926371802953045e-01
5.043634649205867390e+03 3.209310964082936479e-01
5.063662318229716220e+03 3.452710915185914220e-01
5.083689987253565050e+03 3.573502162062534016e-01
5.103717656277412971e+03 4.381065070206670020e-01
5.123745325301262710e+03 4.084259127928923649e-01
5.143772994325110631e+03 4.378417450624499940e-01
5.163800663348958551e+03 4.512447629745874322e-01
5.183828332372808291e+03 4.420748771696158541e-01
5.203856001396656211e+03 4.248400417571477905e-01
5.223883670420505041e+03 4.919691569511012719e-01
5.243911339444353871e+03 5.076451532405906741e-01
5.263939008468201791e+03 5.349290095622249996e-01
5.283966677492050621e+03 5.715195571659044127e-01
5.303994346515899451e+03 6.260811007948674511e-01
5.324022015539747372e+03 6.552521951198547745e-01
5.344049684563597111e+03 6.774980399474017645e-01
5.364077353587445032e+03 7.045921990791481626e-01
5.384105022611293862e+03 6.786274499393339932e-01
5.404132691635142692e+03 7.351443941231542434e-01
5.424160360658990612e+03 7.635331613594182887e-01
5.444188029682839442e+03 7.856432878722486857e-01
5.464215698706688272e+03 8.745549144668696151e-01
5.484243367730536193e+03 8.910260562477578805e-01
5.504271036754385023e+03 8.476650407268716547e-01
5.524298705778233852e+03 8.005620123729189075e-01
5.544326374802081773e+03 7.880525660697640378e-01
5.564354043825931512e+03 7.936295319816620841e-01
5.584381712849779433e+03 7.903383628497911984e-01
5.604409381873628263e+03 7.997159977963471666e-01
5.624437050897477093e+03 7.021092213869614129e-01
5.644464719921325013e+03 5.924293553051374062e-01
5.664492388945173843e+03 3.823696650351646742e-01
5.684520057969022673e+03 3.475620889799408419e-01
5.704547726992870594e+03 3.876190158348989390e-01
5.724575396016719424e+03 4.920473062265832698e-01
5.744603065040568254e+03 6.224464642066964704e-01
5.764630734064416174e+03 8.048240174896611476e-01
5.784658403088265914e+03 9.089116721037425739e-01
5.804686072112113834e+03 1.045025182978273737e+00
5.824713741135962664e+03 1.116188858810730267e+00
5.844741410159811494e+03 1.125498078377326960e+00
5.864769079183659414e+03 1.176786251997660848e+00
5.884796748207508244e+03 1.137901286163634174e+00
5.904824417231357074e+03 1.153011629350450873e+00
5.924852086255204995e+03 1.163992575945243635e+00
5.944879755279053825e+03 1.125955015244291646e+00
5.964907424302902655e+03 1.122535358691521656e+00
5.984935093326750575e+03 1.050132140792076285e+00
6.004962762350600315e+03 1.000000000000000000e+00
6.024990431374448235e+03 9.814041637306961663e-01
6.045018100398297065e+03 9.367834304321016603e-01
6.065045769422145895e+03 9.242770433532535579e-01
6.085073438445993816e+03 9.130051923379831624e-01
6.105101107469842646e+03 9.062629400763692056e-01
6.125128776493691475e+03 9.085937908871016822e-01
6.145156445517539396e+03 9.271880343371381450e-01
6.165184114541388226e+03 9.483409017531380103e-01
6.185211783565237056e+03 9.518364826909847531e-01
6.205239452589084976e+03 9.317871609159570356e-01
6.225267121612934716e+03 9.128338757767837652e-01
6.245294790636782636e+03 9.057745766324311054e-01
6.265322459660631466e+03 8.944977196137491315e-01
6.285350128684480296e+03 8.539627194329766358e-01
6.305377797708328217e+03 8.436689858620857185e-01
6.325405466732177047e+03 8.544182657434382655e-01
6.345433135756025877e+03 8.635806425432925870e-01
6.365460804779873797e+03 9.058360392298744346e-01
6.385488473803722627e+03 9.057100548106807869e-01
6.405516142827571457e+03 8.844159068539517721e-01
6.425543811851419377e+03 8.144305886023416319e-01
6.445571480875268207e+03 6.880534762522022563e-01
6.465599149899117037e+03 6.265127295334733670e-01
6.485626818922965867e+03 6.466173954573301019e-01
6.505654487946814697e+03 7.473387403226748882e-01
6.525682156970662618e+03 8.444225157897691236e-01
6.545709825994511448e+03 9.745776437449861218e-01
6.565737495018360278e+03 1.160183285460265612e+00
6.585765164042208198e+03 1.233484246638203441e+00
6.605792833066057028e+03 1.288653463459082493e+00
6.625820502089905858e+03 1.338063829577440522e+00
6.645848171113753779e+03 1.329318619728558248e+00
6.665875840137602609e+03 1.278791636738098481e+00
6.685903509161451439e+03 1.264426075614417444e+00
6.705931178185300269e+03 1.272529126470102856e+00
6.725958847209149098e+03 1.274127710226228727e+00
6.745986516232997019e+03 1.246151938271427007e+00
6.766014185256845849e+03 1.192955137360435680e+00
6.786041854280694679e+03 1.116666375913943465e+00
6.806069523304542599e+03 9.900887453160368556e-01
6.826097192328391429e+03 8.440422112275555167e-01
6.846124861352240259e+03 7.222444795538892626e-01
6.866152530376088180e+03 7.482812595205716732e-01
6.886180199399937010e+03 8.696265041080832869e-01
6.906207868423785840e+03 9.967278182851101453e-01
6.926235537447634670e+03 1.130864792145934716e+00
6.946263206471483500e+03 1.267790388018358305e+00
6.966290875495331420e+03 1.385779663540948503e+00
6.986318544519180250e+03 1.454687300502547131e+00
7.006346213543029080e+03 1.443409609149962858e+00
7.026373882566877000e+03 1.359694745036408303e+00
7.046401551590725830e+03 1.283488936606046016e+00
7.066429220614574660e+03 1.268584952004310207e+00
7.086456889638422581e+03 1.269579756126728798e+00
7.106484558662271411e+03 1.274425011206621328e+00
7.126512227686120241e+03 1.280225022381639155e+00
7.146539896709969071e+03 1.266850093710867098e+00
7.166567565733817901e+03 1.281801357233713023e+00
7.186595234757665821e+03 1.286530918012535718e+00
7.206622903781514651e+03 1.352484734849950243e+00
7.226650572805363481e+03 1.376146444309097161e+00
7.246678241829211402e+03 1.407331342562077925e+00
7.266705910853060232e+03 1.397532368995039631e+00
7.286733579876909062e+03 1.372310126462264801e+00
7.306761248900756982e+03 1.390332901755160444e+00
7.326788917924605812e+03 1.348611200654522335e+00
7.346816586948454642e+03 1.300787181395061776e+00
7.366844255972303472e+03 1.275901782213063163e+00
7.386871924996152302e+03 1.282249950761658486e+00
7.406899594020000222e+03 1.272528570247501323e+00
7.426927263043849052e+03 1.299439454032121022e+00
7.446954932067697882e+03 1.315601892269289586e+00
7.466982601091545803e+03 1.309279031849053476e+00
7.487010270115394633e+03 1.245970331592103575e+00
7.507037939139243463e+03 1.252034270391436666e+00
7.527065608163091383e+03 1.166341150030680840e+00
7.547093277186940213e+03 9.915605103190672232e-01
7.567120946210789043e+03 1.020992751155362921e+00
7.587148615234637873e+03 9.742355668451890827e-01
7.607176284258486703e+03 9.786280567276260944e-01
7.627203953282334624e+03 1.027800637683929708e+00
7.647231622306183453e+03 1.091034247889704156e+00
7.667259291330032283e+03 1.177695397839479963e+00
7.687286960353880204e+03 1.255570177467877802e+00
7.707314629377729034e+03 1.336678279077611053e+00
7.727342298401577864e+03 1.395784439470465932e+00
7.747369967425425784e+03 1.374960299611832415e+00
7.767397636449274614e+03 1.328966808933238486e+00
7.787425305473123444e+03 1.400708829856815774e+00
7.807452974496972274e+03 1.400429732525192428e+00
7.827480643520821104e+03 1.493503572845313432e+00
7.847508312544669025e+03 1.397064307676048944e+00
7.867535981568517855e+03 1.489900640945416965e+00
7.887563650592366685e+03 1.446755566208061117e+00
7.907591319616214605e+03 1.349861589062236522e+00
7.927618988640063435e+03 1.405194891550498371e+00
7.947646657663912265e+03 1.353607748281967726e+00
7.967674326687760185e+03 1.255693380774064671e+00
7.987701995711609015e+03 1.265767406417443341e+00
8.007729664735457845e+03 1.283011975725434572e+00
8.027757333759306675e+03 1.186527100302863014e+00
8.047785002783155505e+03 1.200407508903986287e+00
8.067812671807003426e+03 1.103293672133576431e+00
8.087840340830852256e+03 1.153028316028489764e+00
8.107868009854701086e+03 1.087455233561662737e+00
8.127895678878549006e+03 1.172984748629100960e+00
8.147923347902397836e+03 1.147801214132807335e+00
8.167951016926246666e+03 1.068435479821634448e+00
8.187978685950094587e+03 1.125729188868165309e+00
8.208006354973942507e+03 1.091792379295271065e+00
8.228034023997792247e+03 8.519486373936824286e-01
8.248061693021641986e+03 7.103007116362527462e-01
8.268089362045489906e+03 5.591750308640336398e-01
8.288117031069337827e+03 5.870861293000114722e-01
8.308144700093187566e+03 6.075013191324647455e-01
8.328172369117035487e+03 7.430886434261693152e-01
8.348200038140883407e+03 8.801502357246102637e-01
8.368227707164733147e+03 9.113651699980611642e-01
8.388255376188581067e+03 8.861065454505921979e-01
8.408283045212428988e+03 9.421145459542265010e-01
8.428310714236278727e+03 9.769638387045477268e-01
8.448338383260126648e+03 1.124891795741914002e+00
8.468366052283974568e+03 1.369920644732786741e+00
8.488393721307824308e+03 1.490029406477616947e+00
8.508421390331672228e+03 1.631066599818823182e+00
8.528449059355520149e+03 1.837990028951386634e+00
8.548476728379369888e+03 2.131044275066234839e+00
8.568504397403217808e+03 2.148337766680294081e+00
8.588532066427065729e+03 2.304292015854366937e+00
8.608559735450915468e+03 2.388315558228794711e+00
8.628587404474763389e+03 2.287871212218896222e+00
8.648615073498613128e+03 2.276640521676120965e+00
8.668642742522461049e+03 2.409920078397048027e+00
8.688670411546308969e+03 2.281924080165835367e+00
8.708698080570158709e+03 2.174559490661907457e+00
8.728725749594006629e+03 2.117203484684031523e+00
8.748753418617854550e+03 2.002902243119337289e+00
8.768781087641704289e+03 1.905347195411871475e+00
8.788808756665552210e+03 2.020662708890029968e+00
8.808836425689401949e+03 1.897337994478732082e+00
8.828864094713249870e+03 1.747963454152467122e+00
8.848891763737097790e+03 1.756862181439307058e+00
8.868919432760947529e+03 1.586898353606383205e+00
8.888947101784795450e+03 1.462198530510453232e+00
8.908974770808643370e+03 1.519270584850367367e+00
8.929002439832493110e+03 1.487645158297159931e+00
8.949030108856341030e+03 1.474014367229791400e+00
8.969057777880188951e+03 1.542760143414412921e+00
8.989085446904038690e+03 1.396562038667078509e+00
9.009113115927886611e+03 1.394050137399624134e+00
9.029140784951734531e+03 1.319185634489442149e+00
9.049168453975584271e+03 1.261214269334613780e+00
9.069196122999432191e+03 1.325032924585569871e+00
9.089223792023281931e+03 1.365538166857173108e+00
9.109251461047129851e+03 1.299762897474774803e+00
9.129279130070977772e+03 1.342238836422770643e+00
9.149306799094827511e+03 1.505270183864437561e+00
9.169334468118675431e+03 1.513286742105621085e+00
9.189362137142523352e+03 1.482769867196797042e+00
9.209389806166373091e+03 1.467004015674352679e+00
9.229417475190221012e+03 1.424651280032544154e+00
9.249445144214070751e+03 1.424180993823147778e+00
9.269472813237918672e+03 1.448991024842671171e+00
9.289500482261766592e+03 1.605408885554924003e+00
9.309528151285616332e+03 1.501129511123314275e+00
9.329555820309464252e+03 1.504387458596179838e+00
9.349583489333312173e+03 1.537428749780987536e+00
9.369611158357161912e+03 1.409373235731436802e+00
9.389638827381009833e+03 1.468499698249239094e+00
9.409666496404857753e+03 1.435301830402166745e+00
9.429694165428707493e+03 1.296666684364658373e+00
9.449721834452555413e+03 1.367876804784323497e+00
9.469749503476403333e+03 1.469555130635198381e+00
9.489777172500253073e+03 1.447819063821739860e+00
9.509804841524100993e+03 1.292762279814859028e+00
9.529832510547950733e+03 1.392124494753935959e+00
9.549860179571798653e+03 1.431747567979883451e+00
9.569887848595646574e+03 1.373506763540417452e+00
9.589915517619496313e+03 1.439954910573311375e+00
9.609943186643344234e+03 1.496867885249255181e+00
9.629970855667192154e+03 1.421352323784255578e+00
9.649998524691041894e+03 1.478996731180903579e+00
9.670026193714889814e+03 1.346474471531642569e+00
9.690053862738739554e+03 1.310172881569336978e+00
9.710081531762587474e+03 1.376953801414878775e+00
9.730109200786435395e+03 1.333275031091579299e+00
9.750136869810285134e+03 1.274499545035195247e+00
9.770164538834133054e+03 1.285614541276900002e+00
9.790192207857980975e+03 1.234481275651027055e+00
9.810219876881830714e+03 1.245896404551822600e+00
9.830247545905678635e+03 1.161236771067120532e+00
9.850275214929526555e+03 1.118379541525936105e+00
9.870302883953376295e+03 1.075143246281967890e+00
9.890330552977224215e+03 1.216650725832570501e+00
9.910358222001072136e+03 1.040130702198166279e+00
9.930385891024921875e+03 9.306736032681618420e-01
9.950413560048769796e+03 9.806627190031682595e-01
9.970441229072619535e+03 9.799546476317180232e-01
9.990468898096467456e+03 9.061711633471554173e-01
1.001049656712031538e+04 8.341717630562511809e-01
1.003052423614416512e+04 8.111825267220714730e-01
1.005055190516801304e+04 7.764238982557619684e-01
1.007057957419186096e+04 5.488933572104526259e-01
1.009060724321571070e+04 5.085412531341247933e-01
1.011063491223955862e+04 8.289677443985224992e-01
1.013066258126340836e+04 7.751440300501790670e-01
1.015069025028725628e+04 6.299232084133220555e-01
1.017071791931110420e+04 5.601948650035104560e-01
1.019074558833495394e+04 5.856787597045041149e-01
1.021077325735880186e+04 7.074915093884054373e-01
1.023080092638264978e+04 4.789101627178654619e-01
1.025082859540649952e+04 4.454005321027667552e-01
1.027085626443034744e+04 4.182715534361788889e-01
1.029088393345419536e+04 4.871250143164113089e-01
1.031091160247804510e+04 3.969278738568045584e-01
1.033093927150189302e+04 4.722322805809290314e-01
1.035096694052574094e+04 4.854836014199858107e-01
1.037099460954959068e+04 3.383141373328772405e-01
1.039102227857343860e+04 4.463680535065916444e-01
1.041104994759728834e+04 3.541978802356664513e-01
1.043107761662113626e+04 3.757954476214026007e-01
1.045110528564498418e+04 4.827800536552547261e-01
1.047113295466883392e+04 3.418542995122181294e-01
1.049116062369268184e+04 3.256505061246429134e-01
1.051118829271652976e+04 4.266826403684621516e-01
1.053121596174037950e+04 4.541284990510083830e-01
1.055124363076422742e+04 3.345530991585617397e-01
1.057127129978807716e+04 2.297576032469241525e-01
