3.868359176850990480e+03 8.622958798464412933e-01
3.888417461460931008e+03 6.006663380626072746e-01
3.908475746070871537e+03 7.620276570770835312e-01
3.928534030680812066e+03 8.188861209510593930e-01
3.948592315290752595e+03 6.605322498640211482e-01
3.968650599900693578e+03 9.710638066654875278e-01
3.988708884510634107e+03 8.971872194829307867e-01
4.008767169120574636e+03 5.760717708363207734e-01
4.028825453730515164e+03 7.348702503730062396e-01
4.048883738340455693e+03 7.561222651058526756e-01
4.068942022950396222e+03 6.442715053152352489e-01
4.089000307560337205e+03 9.653557434648358804e-01
4.109058592170277734e+03 9.385298978869355269e-01
4.129116876780218263e+03 8.108648921677830135e-01
4.149175161390158792e+03 5.827828946516184772e-01
4.169233446000099320e+03 3.380918269073497351e-01
4.189291730610039849e+03 4.278471425585319010e-01
4.209350015219980378e+03 5.504683162294735643e-01
4.229408299829920907e+03 5.285599435348073971e-01
4.249466584439861435e+03 4.490240847554514692e-01
4.269524869049801964e+03 5.685866902049191429e-01
4.289583153659742493e+03 5.426933338320022449e-01
4.309641438269683022e+03 8.199987912989045169e-01
4.329699722879623550e+03 7.541754801121540730e-01
4.349758007489564079e+03 5.464869768001466843e-01
4.369816292099504608e+03 5.297309420272579006e-01
4.389874576709446046e+03 5.270715223922965986e-01
4.409932861319386575e+03 5.116154511920398829e-01
4.429991145929327104e+03 5.543999769348780804e-01
4.450049430539267632e+03 7.427809470198284414e-01
4.470107715149208161e+03 7.186864634902961901e-01
4.490165999759148690e+03 7.995064285710326013e-01
4.510224284369089219e+03 8.267753906239172501e-01
4.530282568979029747e+03 9.102811117166937915e-01
4.550340853588970276e+03 1.043302548418736153e+00
4.570399138198910805e+03 9.903525692383350343e-01
4.590457422808851334e+03 1.063934693043098623e+00
4.610515707418791862e+03 1.080481196103990182e+00
4.630573992028732391e+03 1.059629993307787954e+00
4.650632276638672920e+03 9.389140208772619456e-01
4.670690561248613449e+03 1.106327993794594899e+00
4.690748845858553977e+03 9.341418693505005866e-01
4.710807130468495416e+03 1.017674204045378339e+00
4.730865415078435944e+03 8.362770010240690999e-01
4.750923699688376473e+03 8.012562729091827762e-01
4.770981984298317002e+03 9.500828625590418408e-01
4.791040268908257531e+03 8.602619554676812497e-01
4.811098553518198059e+03 1.041146292198499745e+00
4.831156838128138588e+03 8.221069212553413497e-01
4.851215122738079117e+03 1.490680526439227549e+00
4.871273407348019646e+03 1.502470906620077651e+00
4.891331691957960174e+03 9.453578392860012558e-01
4.911389976567900703e+03 8.794886196356264119e-01
4.931448261177841232e+03 8.852892759935883094e-01
4.951506545787781761e+03 1.598150687323996344e+00
4.971564830397722289e+03 1.125002425718941490e+00
4.991623115007662818e+03 1.085406930292877048e+00
5.011681399617603347e+03 3.418228875869169681e+00
5.031739684227543876e+03 9.419314892291271724e-01
5.051797968837484405e+03 8.196972813651003387e-01
5.071856253447424933e+03 7.930703724629059037e-01
5.091914538057366372e+03 6.127014524927796302e-01
5.111972822667306900e+03 7.946427927870484131e-01
5.132031107277247429e+03 9.132801320034665826e-01
5.152089391887187958e+03 1.030702116723931860e+00
5.172147676497128487e+03 9.735008666306205205e-01
5.192205961107069015e+03 1.091036261587312817e+00
5.212264245717009544e+03 1.086800817702924471e+00
5.232322530326950073e+03 1.058674121432321868e+00
5.252380814936890602e+03 1.134193544094580286e+00
5.272439099546831130e+03 1.164472060985068946e+00
5.292497384156771659e+03 1.204132981516299106e+00
5.312555668766712188e+03 1.243415212667630776e+00
5.332613953376652717e+03 1.282987421191856603e+00
5.352672237986593245e+03 1.281769848895729424e+00
5.372730522596534684e+03 1.332042388814746126e+00
5.392788807206475212e+03 1.338041538288379462e+00
5.412847091816415741e+03 1.278294556021355222e+00
5.432905376426356270e+03 1.224909888006635583e+00
5.452963661036296799e+03 1.266600650148121288e+00
5.473021945646237327e+03 1.400441513610312105e+00
5.493080230256177856e+03 1.336787926739406718e+00
5.513138514866118385e+03 1.563834665214746789e+00
5.533196799476058914e+03 1.461856886463601013e+00
5.553255084085999442e+03 1.296285351041728262e+00
5.573313368695939971e+03 1.149466979450417981e+00
5.593371653305880500e+03 1.071444769290564203e+00
5.613429937915821029e+03 1.000343809431688991e+00
5.633488222525761557e+03 8.399363713129761599e-01
5.653546507135702086e+03 8.344462069795278714e-01
5.673604791745642615e+03 8.281909015856715461e-01
5.693663076355583144e+03 6.750750863971779481e-01
5.713721360965523672e+03 7.117136997397965903e-01
5.733779645575464201e+03 6.442834259911763839e-01
5.753837930185404730e+03 6.304626749523006835e-01
5.773896214795345259e+03 5.894124437441125020e-01
5.793954499405286697e+03 6.427595200458640079e-01
5.814012784015227226e+03 7.501863229372102149e-01
5.834071068625167754e+03 9.496043721712649210e-01
5.854129353235108283e+03 1.247475450338186409e+00
5.874187637845048812e+03 1.525300941622509621e+00
5.894245922454989341e+03 1.464643804406355443e+00
5.914304207064929869e+03 1.584242862425973453e+00
5.934362491674870398e+03 1.689045009700103517e+00
5.954420776284810927e+03 1.545759593787719544e+00
5.974479060894751456e+03 1.373587885044763368e+00
5.994537345504691984e+03 1.401034271111655460e+00
6.014595630114633423e+03 1.257767706500760196e+00
6.034653914724573951e+03 1.160585920628258272e+00
6.054712199334514480e+03 1.165065876981951076e+00
6.074770483944455009e+03 1.123796496873733508e+00
6.094828768554395538e+03 1.076896676570992417e+00
6.114887053164336066e+03 9.624448807350232116e-01
6.134945337774276595e+03 1.056195729736652877e+00
6.155003622384217124e+03 1.119735704753133776e+00
6.175061906994157653e+03 1.316756755557945802e+00
6.195120191604098181e+03 1.588585063146063847e+00
6.215178476214038710e+03 1.816884556293035580e+00
6.235236760823979239e+03 2.106721098875631082e+00
6.255295045433919768e+03 2.306289293181539524e+00
6.275353330043860296e+03 2.349431051087581324e+00
6.295411614653800825e+03 2.383959427563596467e+00
6.315469899263741354e+03 2.176423786128657945e+00
6.335528183873681883e+03 1.979045921518402640e+00
6.355586468483622411e+03 1.780737185689200475e+00
6.375644753093562940e+03 1.673277004905219467e+00
6.395703037703503469e+03 1.571665163182964342e+00
6.415761322313443998e+03 1.342966163577178573e+00
6.435819606923384526e+03 1.371236462409118673e+00
6.455877891533325055e+03 1.317002931377381447e+00
6.475936176143265584e+03 1.343367938240716875e+00
6.495994460753206113e+03 1.402748630647004502e+00
6.516052745363147551e+03 1.385673787098945287e+00
6.536111029973088080e+03 1.395962162111212601e+00
6.556169314583028608e+03 4.184796536239685949e+00
6.576227599192969137e+03 2.300438181869594256e+00
6.596285883802909666e+03 1.402218576405156458e+00
6.616344168412850195e+03 1.195129267255455430e+00
6.636402453022790723e+03 1.122237131327894266e+00
6.656460737632731252e+03 1.194958496641973289e+00
6.676519022242671781e+03 1.097052599012302343e+00
6.696577306852613219e+03 1.008654410733265783e+00
6.716635591462553748e+03 1.400311268254574637e+00
6.736693876072494277e+03 1.199281543633277547e+00
6.756752160682434805e+03 9.484699673817036381e-01
6.776810445292375334e+03 8.528600977878501022e-01
6.796868729902315863e+03 8.952749212819547386e-01
6.816927014512256392e+03 9.155611394835517780e-01
6.836985299122196921e+03 8.323598114648069757e-01
6.857043583732137449e+03 8.249163196271432907e-01
6.877101868342077978e+03 8.149822381928477633e-01
6.897160152952018507e+03 7.231420240420626255e-01
6.917218437561959036e+03 7.693715142418809938e-01
6.937276722171899564e+03 7.998773556503171456e-01
6.957335006781840093e+03 8.190613271648918836e-01
6.977393291391780622e+03 8.803014433997988775e-01
6.997451576001721151e+03 9.205888924804930262e-01
7.017509860611661679e+03 9.905948639074645401e-01
7.037568145221602208e+03 1.006487065512153611e+00
7.057626429831542737e+03 9.664030995975247951e-01
7.077684714441483266e+03 1.000504599944383566e+00
7.097742999051423794e+03 8.742895415751591459e-01
7.117801283661364323e+03 9.295926067413361471e-01
7.137859568271304852e+03 1.096789235241510063e+00
7.157917852881245381e+03 1.009425096294111146e+00
7.177976137491185909e+03 1.162128400650036975e+00
7.198034422101127348e+03 1.217206913548485980e+00
7.218092706711067876e+03 1.315550675499089328e+00
7.238150991321008405e+03 1.525289852621633635e+00
7.258209275930948934e+03 1.620477281686681037e+00
7.278267560540889463e+03 1.671521061616587644e+00
7.298325845150829991e+03 1.768810410797581723e+00
7.318384129760770520e+03 1.606626010693123385e+00
7.338442414370711049e+03 1.592768086299040098e+00
7.358500698980651578e+03 1.564593001660980809e+00
7.378558983590593016e+03 1.503176167075758629e+00
7.398617268200533545e+03 1.317544629070148465e+00
7.418675552810474073e+03 1.218581949657044916e+00
7.438733837420414602e+03 1.087913044490734782e+00
7.458792122030355131e+03 1.021504344947767873e+00
7.478850406640295660e+03 1.022182437351303319e+00
7.498908691250236188e+03 1.019143698279576515e+00
7.518966975860176717e+03 7.281941728409300207e-01
7.539025260470117246e+03 7.580557432985008948e-01
7.559083545080057775e+03 6.443271720996301966e-01
7.579141829689998303e+03 5.909395100546742663e-01
7.599200114299938832e+03 5.396181724328547036e-01
7.619258398909879361e+03 5.153577117624913440e-01
7.639316683519819890e+03 6.817234968720700117e-01
7.659374968129760418e+03 7.770647606219901471e-01
7.679433252739700947e+03 9.449303583022515829e-01
7.699491537349641476e+03 1.087915816740953945e+00
7.719549821959582005e+03 1.326211237704377099e+00
7.739608106569522533e+03 1.447213306357490126e+00
7.759666391179463062e+03 1.482682030107746129e+00
7.779724675789403591e+03 1.686320442184998658e+00
7.799782960399344120e+03 1.714752690834270288e+00
7.819841245009284648e+03 1.440483946176207564e+00
7.839899529619225177e+03 1.524511959210219203e+00
7.859957814229165706e+03 1.249369451687718069e+00
7.880016098839107144e+03 1.253786200736420442e+00
7.900074383449047673e+03 1.107975819324690692e+00
7.920132668058988202e+03 9.819393442741111144e-01
7.940190952668928730e+03 9.808785805312729700e-01
7.960249237278869259e+03 9.883432422796989414e-01
7.980307521888809788e+03 8.831768213268098577e-01
8.000365806498750317e+03 7.711773580344524204e-01
8.020424091108690845e+03 7.086342841966766226e-01
8.040482375718631374e+03 6.471485465923777491e-01
8.060540660328571903e+03 5.694626658290774524e-01
8.080598944938512432e+03 3.725442084441833446e-01
8.100657229548452960e+03 4.675102254449323147e-01
8.120715514158393489e+03 4.307400411069262081e-01
8.140773798768334018e+03 4.155642444037970229e-01
8.160832083378275456e+03 3.328696837250614826e-01
8.180890367988215985e+03 2.805050929008770511e-01
8.200948652598155604e+03 3.194131257176662242e-01
8.221006937208097952e+03 4.083236812821546269e-01
8.241065221818036662e+03 2.195183653764294640e-01
8.261123506427979009e+03 4.018600690068524495e-01
8.281181791037917719e+03 2.556709982152252647e-01
8.301240075647860067e+03 2.294284895283791870e-01
8.321298360257798777e+03 2.173311658032954785e-01
8.341356644867741124e+03 4.104335300337272341e-01
8.361414929477679834e+03 2.838226447377977801e-01
8.381473214087622182e+03 5.176682311062703601e-01
8.401531498697560892e+03 5.212497969326713720e-01
8.421589783307503239e+03 7.762954863885286327e-01
8.441648067917441949e+03 8.702287494545595248e-01
8.461706352527384297e+03 1.038611346598365737e+00
8.481764637137323007e+03 1.155784383249176761e+00
8.501822921747265354e+03 1.220097261626678975e+00
8.521881206357205883e+03 1.500919454588499624e+00
8.541939490967146412e+03 2.101056837228437058e+00
8.561997775577086941e+03 2.461772610056947475e+00
8.582056060187027470e+03 2.977683385738103095e+00
8.602114344796967998e+03 3.225253092583732162e+00
8.622172629406908527e+03 3.449931774922113448e+00
8.642230914016849056e+03 3.513114684110404173e+00
8.662289198626789585e+03 3.376504292275013253e+00
8.682347483236730113e+03 3.614902387305634512e+00
8.702405767846670642e+03 3.529544147807510246e+00
8.722464052456611171e+03 3.185424728139282013e+00
8.742522337066551700e+03 3.106967274695065395e+00
8.762580621676492228e+03 2.917525555988642161e+00
8.782638906286432757e+03 2.636141049873335973e+00
8.802697190896373286e+03 2.325571402353862283e+00
8.822755475506313815e+03 1.955447015518905429e+00
8.842813760116256162e+03 1.673289757256225974e+00
8.862872044726194872e+03 1.531998698151296967e+00
8.882930329336137220e+03 1.160909719453822264e+00
8.902988613946075930e+03 1.000000000000000000e+00
8.923046898556018277e+03 8.691941456728777826e-01
8.943105183165956987e+03 8.374740586685769372e-01
8.963163467775899335e+03 8.941333590463741432e-01
8.983221752385838045e+03 8.450456284663521167e-01
9.003280036995780392e+03 9.973114717377405958e-01
9.023338321605719102e+03 8.572346582286759498e-01
9.043396606215661450e+03 8.227656079073446538e-01
9.063454890825600160e+03 1.031905827768965001e+00
9.083513175435542507e+03 7.804860198193711573e-01
9.103571460045481217e+03 8.494935779311543200e-01
9.123629744655423565e+03 8.466446623925960591e-01
9.143688029265362275e+03 8.162779879451470544e-01
9.163746313875304622e+03 8.560259571332492490e-01
9.183804598485245151e+03 7.671731198183177058e-01
9.203862883095185680e+03 9.616093245190558969e-01
9.223921167705126209e+03 1.438457985716257603e+00
9.243979452315066737e+03 1.007595965599701326e+00
9.264037736925007266e+03 8.568450814661008330e-01
9.284096021534947795e+03 1.196574164069530211e+00
9.304154306144888324e+03 1.165473952214168385e+00
9.324212590754828852e+03 1.111626872862941484e+00
9.344270875364769381e+03 1.146924825999714903e+00
9.364329159974709910e+03 1.092466742700249238e+00
9.384387444584650439e+03 1.243552161828442859e+00
9.404445729194590967e+03 1.161681715532953074e+00
9.424504013804531496e+03 8.338185695299760170e-01
9.444562298414472025e+03 5.517572462462345673e-01
9.464620583024412554e+03 7.570821290216339650e-01
9.484678867634353082e+03 7.292581624749319147e-01
9.504737152244295430e+03 9.397906063964684975e-01
9.524795436854234140e+03 1.330356860681674025e+00
9.544853721464176488e+03 7.613723122467076498e-01
9.564912006074115197e+03 6.345472832225079740e-01
9.584970290684057545e+03 5.519610620823257596e-01
9.605028575293996255e+03 7.668917918661068978e-01
9.625086859903938603e+03 7.115196422244758345e-01
9.645145144513877312e+03 6.592961589364317865e-01
9.665203429123819660e+03 8.339050637368046193e-01
9.685261713733758370e+03 8.846046309986265177e-01
