3.360737871005089801e+03 2.085494468299458060e-01
3.380782218501290117e+03 3.527419492295665315e-01
3.400826565997489524e+03 3.692078813336808207e-01
3.420870913493688931e+03 4.313684844191588152e-01
3.440915260989889248e+03 4.561325786330601706e-01
3.460959608486088655e+03 5.242495881358401055e-01
3.481003955982288971e+03 5.440477353252033410e-01
3.501048303478488378e+03 5.282431265696955203e-01
3.521092650974688695e+03 5.786303731495783254e-01
3.541136998470888102e+03 5.976475589253371634e-01
3.561181345967087509e+03 5.927712269975988768e-01
3.581225693463287826e+03 6.618365574511037019e-01
3.601270040959487233e+03 6.814454011080941509e-01
3.621314388455687549e+03 7.205368164036828338e-01
3.641358735951886956e+03 7.390985881457373674e-01
3.661403083448086363e+03 7.824153003208167423e-01
3.681447430944286680e+03 7.994890004828127950e-01
3.701491778440486087e+03 8.260008936132270385e-01
3.721536125936686403e+03 8.601474758889605665e-01
3.741580473432885810e+03 8.512850515578647137e-01
3.761624820929086127e+03 8.526940351876889368e-01
3.781669168425285534e+03 8.860628804736104813e-01
3.801713515921484941e+03 9.075158676357910625e-01
3.821757863417685257e+03 9.373836693951711485e-01
3.841802210913884664e+03 9.675186504926585052e-01
3.861846558410084981e+03 9.971184668079829949e-01
3.881890905906284388e+03 1.031360145700963127e+00
3.901935253402484250e+03 1.084704350119400029e+00
3.921979600898684112e+03 1.081249003843378853e+00
3.942023948394883519e+03 1.092331581291911213e+00
3.962068295891083835e+03 1.098712560726461618e+00
3.982112643387283242e+03 1.124620352088269160e+00
4.002156990883483559e+03 1.114917469753449186e+00
4.022201338379682966e+03 1.123520787748228722e+00
4.042245685875882373e+03 1.118162547771293980e+00
4.062290033372082689e+03 1.097814749777324517e+00
4.082334380868282096e+03 1.111318170868576205e+00
4.102378728364482413e+03 1.108575299841930040e+00
4.122423075860681820e+03 1.104323714951800817e+00
4.142467423356882136e+03 1.110661230347864903e+00
4.162511770853081543e+03 1.122271556403837689e+00
4.182556118349280950e+03 1.128435938155730511e+00
4.202600465845481267e+03 1.133059063248461174e+00
4.222644813341680674e+03 1.116675706249200317e+00
4.242689160837880991e+03 1.143781777088328289e+00
4.262733508334080398e+03 1.148790471612732844e+00
4.282777855830279805e+03 1.168128111373030853e+00
4.302822203326480121e+03 1.175638331788819491e+00
4.322866550822679528e+03 1.160386484809762031e+00
4.342910898318879845e+03 1.152401470976162745e+00
4.362955245815079252e+03 1.157147658591380912e+00
4.382999593311278659e+03 1.173859220134592096e+00
4.403043940807478975e+03 1.195314965970461385e+00
4.423088288303678382e+03 1.196682318706436376e+00
4.443132635799878699e+03 1.217255109827233506e+00
4.463176983296078106e+03 1.263174006641984759e+00
4.483221330792278422e+03 1.305678644699443502e+00
4.503265678288477829e+03 1.312180516141577602e+00
4.523310025784678146e+03 1.328956655727958402e+00
4.543354373280877553e+03 1.324470586559858054e+00
4.563398720777076960e+03 1.319762211284757791e+00
4.583443068273277277e+03 1.303245518390538482e+00
4.603487415769476684e+03 1.298666776894191077e+00
4.623531763265677000e+03 1.278831196533063874e+00
4.643576110761876407e+03 1.252185955565380038e+00
4.663620458258075814e+03 1.228641822093223368e+00
4.683664805754276131e+03 1.208515058350202676e+00
4.703709153250475538e+03 1.204188004029872694e+00
4.723753500746675854e+03 1.212457274705367016e+00
4.743797848242875261e+03 1.232493038043587896e+00
4.763842195739074668e+03 1.243557182536108696e+00
4.783886543235274985e+03 1.252642480233946420e+00
4.803930890731474392e+03 1.257437341720537338e+00
4.823975238227674708e+03 1.295810833087657432e+00
4.844019585723874116e+03 1.317656035577217333e+00
4.864063933220073523e+03 1.340252528810338406e+00
4.884108280716273839e+03 1.346373380841038303e+00
4.904152628212473246e+03 1.356018348941858465e+00
4.924196975708673563e+03 1.357546904953973232e+00
4.944241323204872970e+03 1.380961774858997293e+00
4.964285670701073286e+03 1.395630992343441346e+00
4.984330018197272693e+03 1.408145817042342651e+00
5.004374365693473010e+03 1.446947637283313659e+00
5.024418713189672417e+03 1.474028856174621316e+00
5.044463060685871824e+03 1.509205349265330565e+00
5.064507408182072140e+03 1.537310322710633281e+00
5.084551755678271547e+03 1.572517358260040021e+00
5.104596103174471864e+03 1.611123832159605751e+00
5.124640450670671271e+03 1.651523175254911768e+00
5.144684798166870678e+03 1.694770759366581725e+00
5.164729145663070994e+03 1.716675165859657737e+00
5.184773493159270402e+03 1.763217752817553219e+00
5.204817840655470718e+03 1.786444561190479785e+00
5.224862188151670125e+03 1.811588408930919325e+00
5.244906535647869532e+03 1.827898619279340275e+00
5.264950883144069849e+03 1.835960037028924630e+00
5.284995230640269256e+03 1.836262058057452462e+00
5.305039578136469572e+03 1.820637575168819966e+00
5.325083925632668979e+03 1.806819038305751413e+00
5.345128273128869296e+03 1.770829363448137794e+00
5.365172620625068703e+03 1.748803682793547587e+00
5.385216968121269019e+03 1.720803503121488331e+00
5.405261315617468426e+03 1.668006967084141756e+00
5.425305663113667833e+03 1.603244594354275909e+00
5.445350010609868150e+03 1.557198031256399995e+00
5.465394358106067557e+03 1.510777614133294477e+00
5.485438705602266964e+03 1.477304691612749910e+00
5.505483053098467281e+03 1.432397783190729523e+00
5.525527400594666688e+03 1.387481918035953221e+00
5.545571748090867004e+03 1.349753651783099695e+00
5.565616095587066411e+03 1.337414140200006374e+00
5.585660443083266728e+03 1.322824368935106909e+00
5.605704790579466135e+03 1.315566877661912937e+00
5.625749138075665542e+03 1.307634795133323591e+00
5.645793485571865858e+03 1.286222650672509626e+00
5.665837833068065265e+03 1.284022697973015159e+00
5.685882180564265582e+03 1.283306338487201659e+00
5.705926528060464989e+03 1.289862398162508361e+00
5.725970875556665305e+03 1.266762536548507789e+00
5.746015223052864712e+03 1.252628400250054286e+00
5.766059570549064119e+03 1.236503361394627687e+00
5.786103918045264436e+03 1.218108077401039324e+00
5.806148265541463843e+03 1.198133416893678582e+00
5.826192613037664159e+03 1.166846367088736347e+00
5.846236960533863567e+03 1.132709105786224191e+00
5.866281308030062974e+03 1.123997053055788564e+00
5.886325655526263290e+03 1.113769019566027696e+00
5.906370003022462697e+03 1.106071925878020723e+00
5.926414350518663014e+03 1.094937668081487292e+00
5.946458698014862421e+03 1.086846857320575843e+00
5.966503045511062737e+03 1.087670067642589222e+00
5.986547393007262144e+03 1.080779456085385615e+00
6.006591740503461551e+03 1.070849825104118747e+00
6.026636087999661868e+03 1.052826926231587912e+00
6.046680435495861275e+03 1.035332152149273099e+00
6.066724782992061591e+03 1.033909560256815352e+00
6.086769130488260998e+03 1.035885445358533774e+00
6.106813477984461315e+03 1.048057967616126573e+00
6.126857825480660722e+03 1.061621165941790901e+00
6.146902172976860129e+03 1.085768875720899418e+00
6.166946520473060446e+03 1.110769965083520994e+00
6.186990867969259853e+03 1.135091990795523920e+00
6.207035215465460169e+03 1.134083438802593324e+00
6.227079562961659576e+03 1.137106413732713595e+00
6.247123910457858983e+03 1.164491176297117292e+00
6.267168257954059300e+03 1.186252310893030737e+00
6.287212605450258707e+03 1.195196504223032363e+00
6.307256952946459023e+03 1.206723837193289572e+00
6.327301300442658430e+03 1.215892032438360193e+00
6.347345647938857837e+03 1.222355879564367864e+00
6.367389995435058154e+03 1.209097747556368230e+00
6.387434342931257561e+03 1.205409866584539413e+00
6.407478690427457877e+03 1.192947988118535640e+00
6.427523037923657284e+03 1.174218474685429614e+00
6.447567385419857601e+03 1.173979064204442979e+00
6.467611732916057008e+03 1.163139784458913306e+00
6.487656080412256415e+03 1.155129885836140957e+00
6.507700427908456732e+03 1.128810437065718819e+00
6.527744775404656139e+03 1.120256667716545085e+00
6.547789122900856455e+03 1.091052147844667530e+00
6.567833470397055862e+03 1.080532462237332236e+00
6.587877817893256179e+03 1.060062873576926190e+00
6.607922165389455586e+03 1.030427911042267608e+00
6.627966512885654993e+03 1.015606650033715530e+00
6.648010860381855309e+03 1.002881533192016894e+00
6.668055207878054716e+03 9.886498043334556174e-01
6.688099555374255033e+03 9.619197968469704874e-01
6.708143902870454440e+03 9.547754231373278833e-01
6.728188250366653847e+03 9.446844634856623735e-01
6.748232597862854163e+03 9.090099760537271312e-01
6.768276945359053570e+03 8.925720606096732013e-01
6.788321292855253887e+03 8.674433378052808230e-01
6.808365640351453294e+03 8.390006746360391121e-01
6.828409987847652701e+03 8.320796131730431311e-01
6.848454335343853018e+03 8.193293637392317086e-01
6.868498682840052425e+03 8.043869360499581456e-01
6.888543030336252741e+03 8.011331341744092338e-01
6.908587377832452148e+03 7.840877731148530039e-01
6.928631725328652465e+03 7.711756038662811452e-01
6.948676072824851872e+03 7.625522884728357376e-01
6.968720420321051279e+03 7.463459463686069606e-01
6.988764767817251595e+03 7.234704688236062164e-01
7.008809115313451002e+03 7.032455392895814450e-01
7.028853462809651319e+03 6.947528369443372043e-01
7.048897810305850726e+03 6.785275722493728789e-01
7.068942157802051042e+03 6.649434330825254591e-01
7.088986505298250449e+03 6.493977873556101565e-01
7.109030852794449856e+03 6.222963799886706004e-01
7.129075200290650173e+03 5.878544464647350587e-01
7.149119547786849580e+03 5.767472021741931743e-01
7.169163895283049897e+03 5.656299621698955837e-01
7.189208242779249304e+03 5.560675064768000331e-01
7.209252590275448711e+03 5.477437967796155993e-01
7.229296937771649027e+03 5.432145561596324335e-01
7.249341285267848434e+03 5.184326738744778895e-01
7.269385632764048751e+03 5.187571763022227334e-01
7.289429980260248158e+03 5.015223086910177708e-01
7.309474327756448474e+03 5.032194065289775642e-01
7.329518675252647881e+03 5.011304695464144920e-01
7.349563022748847288e+03 4.890910622510392658e-01
7.369607370245047605e+03 4.860188312619171946e-01
7.389651717741247012e+03 4.783230273434272428e-01
7.409696065237447328e+03 4.621268899433850219e-01
7.429740412733646735e+03 4.622465817487790285e-01
7.449784760229847052e+03 4.618406506779731413e-01
7.469829107726046459e+03 4.521355649868955551e-01
7.489873455222246776e+03 4.545505330129271937e-01
7.509917802718446183e+03 4.441436873104280258e-01
7.529962150214645590e+03 4.473078681180216454e-01
7.550006497710844997e+03 4.623397019136641362e-01
7.570050845207045313e+03 4.701810706529023776e-01
7.590095192703245630e+03 4.505773980162896541e-01
7.610139540199445037e+03 4.696394032827589937e-01
7.630183887695644444e+03 4.420617306082594289e-01
7.650228235191843851e+03 4.737049001075748778e-01
7.670272582688044167e+03 4.608336452142318129e-01
7.690316930184244484e+03 4.708258688295743899e-01
7.710361277680443891e+03 4.677265317815554879e-01
7.730405625176643298e+03 4.676862981380162099e-01
7.750449972672843614e+03 4.805503697316889644e-01
7.770494320169043021e+03 4.708810034908418318e-01
7.790538667665243338e+03 4.728562138520261970e-01
7.810583015161442745e+03 4.801876578820076791e-01
7.830627362657642152e+03 4.709799574743286366e-01
7.850671710153842469e+03 4.986623343547442189e-01
7.870716057650041876e+03 5.000057726142612680e-01
7.890760405146242192e+03 4.971849212866651380e-01
7.910804752642441599e+03 5.122815301735980098e-01
7.930849100138641006e+03 5.146391452542160572e-01
7.950893447634841323e+03 5.269596625927117639e-01
7.970937795131041639e+03 5.427538755670675563e-01
7.990982142627241046e+03 5.372587229732267433e-01
8.011026490123440453e+03 5.475229237498561163e-01
8.031070837619639860e+03 5.381220087031677313e-01
8.051115185115840177e+03 5.336800544294678650e-01
8.071159532612040493e+03 5.338018003122406707e-01
8.091203880108239900e+03 5.224525092757044131e-01
8.111248227604439307e+03 5.316964486241138044e-01
8.131292575100638715e+03 5.368562611435752085e-01
8.151336922596839031e+03 5.554530537107049692e-01
8.171381270093039348e+03 5.649043324656798370e-01
8.191425617589238755e+03 5.696211360263033763e-01
8.211469965085438162e+03 5.930020778276483551e-01
8.231514312581639388e+03 5.918851553395271248e-01
8.251558660077836976e+03 6.137131429887301426e-01
8.271603007574038202e+03 6.200324762172996218e-01
8.291647355070237609e+03 6.305255036023755810e-01
8.311691702566437016e+03 6.539945915963484291e-01
8.331736050062638242e+03 6.331609147349942512e-01
8.351780397558835830e+03 6.679801954099342520e-01
8.371824745055037056e+03 6.661624623240635090e-01
8.391869092551236463e+03 6.688292936751896178e-01
8.411913440047435870e+03 6.964567657838118819e-01
8.431957787543637096e+03 6.814679302765527247e-01
8.452002135039834684e+03 6.969112662307753725e-01
8.472046482536035910e+03 6.771649665817582875e-01
8.492090830032235317e+03 6.982701458975633102e-01
8.512135177528434724e+03 6.738124973381709459e-01
8.532179525024635950e+03 6.896395098678788083e-01
8.552223872520833538e+03 6.612231944208272205e-01
8.572268220017034764e+03 6.581551969807212243e-01
8.592312567513235990e+03 6.272960461264571741e-01
8.612356915009433578e+03 6.284053374782703205e-01
8.632401262505634804e+03 6.146733226536237327e-01
8.652445610001832392e+03 5.942458276515927285e-01
8.672489957498033618e+03 6.027293642736502033e-01
8.692534304994234844e+03 6.030328482351945407e-01
8.712578652490432432e+03 5.991012724785442778e-01
8.732622999986633658e+03 5.906288123493281805e-01
8.752667347482831246e+03 5.880778452931317846e-01
8.772711694979032472e+03 5.755555447079568898e-01
8.792756042475233698e+03 5.715504580600018203e-01
8.812800389971431287e+03 5.653126788687520277e-01
8.832844737467632513e+03 5.658485064491387551e-01
8.852889084963831920e+03 5.431414513068791861e-01
8.872933432460031327e+03 5.558145116178004885e-01
8.892977779956232553e+03 5.229069918092023039e-01
8.913022127452430141e+03 5.279045083311274533e-01
