3.399418393532169830e+03 6.907869133446674637e-01
3.419461039838029592e+03 7.287788757677617912e-01
3.439503686143889354e+03 8.075001144040704348e-01
3.459546332449748661e+03 9.763289943161783668e-01
3.479588978755608423e+03 1.417129834615988626e+00
3.499631625061468185e+03 1.243484739618035073e+00
3.519674271367327492e+03 1.027563039813119472e+00
3.539716917673186799e+03 1.094895820581533785e+00
3.559759563979047016e+03 9.930494580439221952e-01
3.579802210284906323e+03 9.554621291479729051e-01
3.599844856590765630e+03 9.003625687261471722e-01
3.619887502896625847e+03 8.730438407111404953e-01
3.639930149202485154e+03 8.395245084784621614e-01
3.659972795508344461e+03 7.460602856649414250e-01
3.680015441814204678e+03 8.039454438308372142e-01
3.700058088120063985e+03 8.378422821658494390e-01
3.720100734425923292e+03 2.939100368369081728e+00
3.740143380731783054e+03 8.850805700914985419e-01
3.760186027037642816e+03 8.055708234003672308e-01
3.780228673343502123e+03 1.082395659060259030e+00
3.800271319649361885e+03 9.070693713268395131e-01
3.820313965955221647e+03 1.065951963440690875e+00
3.840356612261080954e+03 8.479072166699835877e-01
3.860399258566940262e+03 1.350015257884484843e+00
3.880441904872800478e+03 1.209424516587868315e+00
3.900484551178659785e+03 1.254992428560424589e+00
3.920527197484519093e+03 1.267873980048928040e+00
3.940569843790379309e+03 1.149362871542386921e+00
3.960612490096238616e+03 9.865839718552650295e-01
3.980655136402097924e+03 1.053481219115137035e+00
4.000697782707958140e+03 1.328621642049220952e+00
4.020740429013817447e+03 1.281145905675244556e+00
4.040783075319676755e+03 1.211714565768828411e+00
4.060825721625536971e+03 1.100454557489756180e+00
4.080868367931396278e+03 1.199212217834358052e+00
4.100911014237255586e+03 1.057772710935251492e+00
4.120953660543114893e+03 1.090066908397967271e+00
4.140996306848975109e+03 1.137038616900931443e+00
4.161038953154834417e+03 1.166126976077512811e+00
4.181081599460694633e+03 1.198908743682823630e+00
4.201124245766553940e+03 1.010189800561728912e+00
4.221166892072413248e+03 1.332944180936711520e+00
4.241209538378272555e+03 1.235033258793273525e+00
4.261252184684132772e+03 1.207358793400766794e+00
4.281294830989992079e+03 1.199443933904816628e+00
4.301337477295851386e+03 1.123447753218842715e+00
4.321380123601711603e+03 1.090059474593102484e+00
4.341422769907570910e+03 1.158068334074530581e+00
4.361465416213430217e+03 1.060464622861543083e+00
4.381508062519290434e+03 1.085103750444197157e+00
4.401550708825149741e+03 1.092662618143656950e+00
4.421593355131009048e+03 1.081742358797445736e+00
4.441636001436869265e+03 1.091872885697444673e+00
4.461678647742728572e+03 1.147940073093661528e+00
4.481721294048587879e+03 1.197845272304535635e+00
4.501763940354448096e+03 1.258934968834538148e+00
4.521806586660307403e+03 1.303352827466264907e+00
4.541849232966166710e+03 1.287319422221072651e+00
4.561891879272026927e+03 1.350915145802782824e+00
4.581934525577886234e+03 1.346759251353755849e+00
4.601977171883745541e+03 1.350082599410906026e+00
4.622019818189604848e+03 1.377386964678866565e+00
4.642062464495465065e+03 1.269224229332530429e+00
4.662105110801324372e+03 1.247523243554947481e+00
4.682147757107183679e+03 1.245104593525125480e+00
4.702190403413043896e+03 1.224959856907127387e+00
4.722233049718903203e+03 1.176742449424272641e+00
4.742275696024762510e+03 1.137564111374226306e+00
4.762318342330622727e+03 1.064672315426819393e+00
4.782360988636482034e+03 1.105742616444376658e+00
4.802403634942341341e+03 1.107412161560455521e+00
4.822446281248201558e+03 1.128830265223508711e+00
4.842488927554060865e+03 1.044584266540035555e+00
4.862531573859920172e+03 1.802199614758367874e+00
4.882574220165780389e+03 1.016844725540237304e+00
4.902616866471639696e+03 1.159324170061054815e+00
4.922659512777499003e+03 1.203110592561922765e+00
4.942702159083359220e+03 1.299618433728362055e+00
4.962744805389218527e+03 1.670033560786627014e+00
4.982787451695077834e+03 1.179845804560988753e+00
5.002830098000937141e+03 1.961932403581528650e+00
5.022872744306797358e+03 1.097356409991742110e+00
5.042915390612656665e+03 1.087795225087849538e+00
5.062958036918515973e+03 1.164911767623457717e+00
5.083000683224376189e+03 1.305583644726110437e+00
5.103043329530235496e+03 1.388150676840280484e+00
5.123085975836094804e+03 1.423773469751814957e+00
5.143128622141955020e+03 1.440809126805821183e+00
5.163171268447814327e+03 1.283867950350667142e+00
5.183213914753673635e+03 1.277244430216239124e+00
5.203256561059533851e+03 1.324780750112214189e+00
5.223299207365393158e+03 1.298122927102644653e+00
5.243341853671252466e+03 1.426557648314956461e+00
5.263384499977112682e+03 1.288836792978745205e+00
5.283427146282971989e+03 1.371245330012725638e+00
5.303469792588831297e+03 1.438697250423810692e+00
5.323512438894691513e+03 1.420319374185574635e+00
5.343555085200550820e+03 1.422372416176143295e+00
5.363597731506410128e+03 1.357713618745817197e+00
5.383640377812269435e+03 1.379260283504765372e+00
5.403683024118129651e+03 1.335258439674690489e+00
5.423725670423988959e+03 1.362371116134857063e+00
5.443768316729848266e+03 1.420661766491988720e+00
5.463810963035708482e+03 1.452868944709524213e+00
5.483853609341567790e+03 1.245594787363554889e+00
5.503896255647427097e+03 1.608052841250009912e+00
5.523938901953287314e+03 1.529041394027318423e+00
5.543981548259146621e+03 1.506183318633713020e+00
5.564024194565005928e+03 1.382674149068208402e+00
5.584066840870866145e+03 1.359771908128054374e+00
5.604109487176725452e+03 1.241157243141981725e+00
5.624152133482584759e+03 1.219489053562330838e+00
5.644194779788444976e+03 1.097197239111110223e+00
5.664237426094304283e+03 9.975671999015064406e-01
5.684280072400163590e+03 9.904906549529725046e-01
5.704322718706022897e+03 9.951429049503432989e-01
5.724365365011883114e+03 1.012472296678922135e+00
5.744408011317742421e+03 9.660316878176271604e-01
5.764450657623602638e+03 9.518370560698447003e-01
5.784493303929461945e+03 9.490690569643502883e-01
5.804535950235321252e+03 9.498539793015323696e-01
5.824578596541180559e+03 1.140261787480760791e+00
5.844621242847040776e+03 1.128119243652334402e+00
5.864663889152900083e+03 1.195759434116035136e+00
5.884706535458759390e+03 1.267564304434511291e+00
5.904749181764619607e+03 1.176564912672798169e+00
5.924791828070478914e+03 1.180343034674610880e+00
5.944834474376338221e+03 1.151404544184338796e+00
5.964877120682198438e+03 1.178377886494501592e+00
5.984919766988057745e+03 1.122085617798050494e+00
6.004962413293917052e+03 1.072801240675794965e+00
6.025005059599777269e+03 1.011117277039257134e+00
6.045047705905636576e+03 1.031631636746195291e+00
6.065090352211495883e+03 1.052454916761172310e+00
6.085132998517355190e+03 1.024588643301970192e+00
6.105175644823215407e+03 1.046988883772439038e+00
6.125218291129074714e+03 1.062717503018179466e+00
6.145260937434934931e+03 1.139794292586597146e+00
6.165303583740794238e+03 1.107840261264132709e+00
6.185346230046653545e+03 1.223148194933341593e+00
6.205388876352512852e+03 1.276811083120892309e+00
6.225431522658373069e+03 1.363274542067234751e+00
6.245474168964232376e+03 1.368453280362080582e+00
6.265516815270091683e+03 1.356409800927893317e+00
6.285559461575951900e+03 1.383586320653368507e+00
6.305602107881811207e+03 1.486546267159708723e+00
6.325644754187670515e+03 1.386450521939464942e+00
6.345687400493530731e+03 1.374329921748927763e+00
6.365730046799390038e+03 1.373851415282852262e+00
6.385772693105249346e+03 1.353946428809981617e+00
6.405815339411109562e+03 1.317985616418423600e+00
6.425857985716968869e+03 1.316222055534938873e+00
6.445900632022828177e+03 1.309506706046300595e+00
6.465943278328687484e+03 1.279431360200306012e+00
6.485985924634547700e+03 1.217018366898456438e+00
6.506028570940407008e+03 1.179077101434420571e+00
6.526071217246267224e+03 1.188021717817183909e+00
6.546113863552126531e+03 1.457204164793548307e+00
6.566156509857985839e+03 4.898554691234837222e+00
6.586199156163845146e+03 1.707368076712429739e+00
6.606241802469705362e+03 1.032671375603070318e+00
6.626284448775564670e+03 9.780403436525548777e-01
6.646327095081424886e+03 9.454199333410717720e-01
6.666369741387284193e+03 9.319074625102835574e-01
6.686412387693143501e+03 9.411200933978473016e-01
6.706455033999002808e+03 1.108161664003870506e+00
6.726497680304863025e+03 1.665032359243254989e+00
6.746540326610722332e+03 8.014564310490875920e-01
6.766582972916581639e+03 8.002705205318519921e-01
6.786625619222441856e+03 7.646391807323711376e-01
6.806668265528301163e+03 7.711969097060982214e-01
6.826710911834160470e+03 7.682312588477309134e-01
6.846753558140019777e+03 7.824044637461972096e-01
6.866796204445879994e+03 7.683235254845806050e-01
6.886838850751739301e+03 7.888264760899347250e-01
6.906881497057599518e+03 7.991864968695263638e-01
6.926924143363458825e+03 7.719547205196560791e-01
6.946966789669318132e+03 8.131196335991276447e-01
6.967009435975177439e+03 8.035772518487162008e-01
6.987052082281037656e+03 8.252463557466122035e-01
7.007094728586896963e+03 8.750713334696953449e-01
7.027137374892757180e+03 8.461782011149877603e-01
7.047180021198616487e+03 8.564722717220094594e-01
7.067222667504475794e+03 8.668144434193323367e-01
7.087265313810335101e+03 8.408118685679685234e-01
7.107307960116195318e+03 8.870365790644509918e-01
7.127350606422054625e+03 8.338267156910063038e-01
7.147393252727913932e+03 8.898168220838404974e-01
7.167435899033774149e+03 8.591930443024815567e-01
7.187478545339633456e+03 9.554424514292135795e-01
7.207521191645492763e+03 9.273715296949128772e-01
7.227563837951352980e+03 9.634783944879299344e-01
7.247606484257212287e+03 9.812329442006144653e-01
7.267649130563071594e+03 1.035316498286978026e+00
7.287691776868931811e+03 9.682648902555039960e-01
7.307734423174791118e+03 1.003920479364971197e+00
7.327777069480650425e+03 1.034714876881512646e+00
7.347819715786509732e+03 8.989857644604611897e-01
7.367862362092369949e+03 9.682220365568723341e-01
7.387905008398229256e+03 9.987552968319375335e-01
7.407947654704089473e+03 8.893594244433429274e-01
7.427990301009948780e+03 9.165579275596744679e-01
7.448032947315808087e+03 8.683038280881025806e-01
7.468075593621667394e+03 7.629716232646520657e-01
7.488118239927527611e+03 8.335114349082162200e-01
7.508160886233386918e+03 8.554018038214961095e-01
7.528203532539246225e+03 7.404701717397154104e-01
7.548246178845105533e+03 7.393159443373309436e-01
7.568288825150965749e+03 6.652044080976086127e-01
7.588331471456825057e+03 5.057026356926838107e-01
7.608374117762685273e+03 6.851252560043880058e-01
7.628416764068544580e+03 6.943539470906967548e-01
7.648459410374403888e+03 8.083388225058616428e-01
7.668502056680263195e+03 8.144332306469800331e-01
7.688544702986123411e+03 8.534510859684768525e-01
7.708587349291982719e+03 9.076697603903217670e-01
7.728629995597842935e+03 8.458567983752500741e-01
7.748672641903702242e+03 8.556011251989906752e-01
7.768715288209561550e+03 8.615154523987347268e-01
7.788757934515420857e+03 7.819488152362563671e-01
7.808800580821281073e+03 8.597295901006556385e-01
7.828843227127140381e+03 7.948057993910356833e-01
7.848885873433000597e+03 7.816566309274041169e-01
7.868928519738859904e+03 7.051134454375884708e-01
7.888971166044719212e+03 6.724514932753909990e-01
7.909013812350578519e+03 7.447181340607558209e-01
7.929056458656438735e+03 6.548714193357068059e-01
7.949099104962298043e+03 6.967021548626568528e-01
7.969141751268157350e+03 6.305239592733317133e-01
7.989184397574017567e+03 6.836795995995279540e-01
8.009227043879876874e+03 6.850338639328164003e-01
8.029269690185736181e+03 6.668166691879654495e-01
8.049312336491595488e+03 6.427411989271095694e-01
8.069354982797455705e+03 6.120859765487028925e-01
8.089397629103315012e+03 6.707697042454174863e-01
8.109440275409175229e+03 6.371697808223532045e-01
8.129482921715034536e+03 6.072526517857782524e-01
8.149525568020893843e+03 4.472208928222656810e-01
8.169568214326753150e+03 4.487784419038778894e-01
8.189610860632613367e+03 4.462031524623745748e-01
8.209653506938473583e+03 3.097657479088761212e-01
8.229696153244331072e+03 4.167876390867623626e-01
8.249738799550192198e+03 4.381059548515732205e-01
8.269781445856051505e+03 2.733350021761469795e-01
8.289824092161910812e+03 3.469564964337742419e-01
8.309866738467771938e+03 5.012678900800006110e-01
8.329909384773629426e+03 4.476328043226437958e-01
8.349952031079490553e+03 5.697991313773927979e-01
8.369994677385348041e+03 5.447338281346730815e-01
8.390037323691209167e+03 7.275250155037069621e-01
8.410079969997068474e+03 8.560966459350236590e-01
8.430122616302927781e+03 8.706577205343708492e-01
8.450165262608788908e+03 9.621547399393782785e-01
8.470207908914646396e+03 1.004224828081784038e+00
8.490250555220507522e+03 1.089268271287104017e+00
8.510293201526366829e+03 1.212510857454626834e+00
8.530335847832226136e+03 1.241954409393058567e+00
8.550378494138087262e+03 1.311089669199837937e+00
8.570421140443944751e+03 1.619206450513631212e+00
8.590463786749805877e+03 1.670170032722992914e+00
8.610506433055663365e+03 1.486014968753203824e+00
8.630549079361524491e+03 1.283780493822846980e+00
8.650591725667383798e+03 1.427922844714222705e+00
8.670634371973243105e+03 1.535213638478196030e+00
8.690677018279104232e+03 1.149724583790856069e+00
8.710719664584961720e+03 1.449324768919629358e+00
8.730762310890822846e+03 9.628917667090998167e-01
8.750804957196680334e+03 1.193329891773202700e+00
8.770847603502541460e+03 1.001244703168062467e+00
8.790890249808400768e+03 1.057782768435950871e+00
8.810932896114260075e+03 8.005409838194311734e-01
8.830975542420121201e+03 1.087382430276540468e+00
8.851018188725978689e+03 9.000286835547116615e-01
8.871060835031839815e+03 8.872276715777369649e-01
8.891103481337699122e+03 6.849787663202897559e-01
8.911146127643558430e+03 8.428595041549991063e-01
8.931188773949419556e+03 8.727265046999467257e-01
8.951231420255277044e+03 6.537231151254337957e-01
8.971274066561138170e+03 7.046118822505423873e-01
8.991316712866995658e+03 6.962278622111033322e-01
9.011359359172856784e+03 7.240744579515464574e-01
9.031402005478716092e+03 7.349422433810657296e-01
9.051444651784575399e+03 7.324869013625268099e-01
9.071487298090436525e+03 9.939521843240778365e-01
9.091529944396294013e+03 7.140934817141191271e-01
9.111572590702155139e+03 7.073973726616008539e-01
9.131615237008012627e+03 6.795256927988605478e-01
9.151657883313873754e+03 3.556162144315121454e-01
9.171700529619733061e+03 2.405561894088876496e-01
9.191743175925592368e+03 7.273335254607488087e-01
9.211785822231453494e+03 3.398902057631272289e-01
9.231828468537310982e+03 2.653111479947532492e-01
9.251871114843172109e+03 7.105065396821204082e-01
9.271913761149031416e+03 5.884481864566175613e-01
9.291956407454890723e+03 2.200852268236429821e-01
9.311999053760751849e+03 2.849940624670056488e-01
9.332041700066609337e+03 4.555507176415333759e-01
9.352084346372470463e+03 6.462097248204402566e-01
9.372126992678327952e+03 4.664710366171955225e-01
9.392169638984189078e+03 3.455187854544664039e-01
9.412212285290048385e+03 4.281692753454865996e-01
9.432254931595907692e+03 6.421211321448675458e-01
9.452297577901768818e+03 6.080148751786942363e-01
9.472340224207626306e+03 5.624206864948252393e-01
9.492382870513487433e+03 5.540514903368516375e-01
9.512425516819346740e+03 5.653544157205382392e-01
9.532468163125206047e+03 9.353828537410481259e-01
9.552510809431065354e+03 4.778348396948380317e-01
9.572553455736924661e+03 3.320959357005613954e-01
9.592596102042785787e+03 5.724559732360285924e-01
9.612638748348643276e+03 4.551442356014141488e-01
9.632681394654504402e+03 3.288226433871090926e-01
9.652724040960363709e+03 4.761085670945779391e-01
9.672766687266223016e+03 6.201966989140020869e-01
9.692809333572084142e+03 4.794089617884720322e-01
9.712851979877941631e+03 3.744950615375832736e-01
9.732894626183802757e+03 4.781322276670956217e-01
9.752937272489660245e+03 3.411684238627688548e-01
