4.125041315485040286e+03 7.912307979218602405e-01
4.145079325731280733e+03 8.132009940891942179e-01
4.165117335977520270e+03 7.869714509555403303e-01
4.185155346223760716e+03 8.045251955215741990e-01
4.205193356470001163e+03 7.668997804622726955e-01
4.225231366716241610e+03 8.202267988061712201e-01
4.245269376962482056e+03 8.564358888910513778e-01
4.265307387208722503e+03 8.867756145015504021e-01
4.285345397454962949e+03 8.768344104683836182e-01
4.305383407701202486e+03 8.724650930947914773e-01
4.325421417947442933e+03 8.883481645746706956e-01
4.345459428193683380e+03 9.375933117823842533e-01
4.365497438439923826e+03 9.613216928692583929e-01
4.385535448686164273e+03 1.001168143749561645e+00
4.405573458932403810e+03 9.988318562504385767e-01
4.425611469178644256e+03 1.055268262325035789e+00
4.445649479424884703e+03 1.087089540455445924e+00
4.465687489671125149e+03 1.123374915113349637e+00
4.485725499917365596e+03 1.124573710904964718e+00
4.505763510163606043e+03 1.122011058328598931e+00
4.525801520409846489e+03 1.168089177780484489e+00
4.545839530656086026e+03 1.149898093663679344e+00
4.565877540902326473e+03 1.139091543471651313e+00
4.585915551148566919e+03 1.119225141344368568e+00
4.605953561394807366e+03 1.125311945831979132e+00
4.625991571641046903e+03 1.113288052576344667e+00
4.646029581887287350e+03 1.118598858821130859e+00
4.666067592133527796e+03 1.054943818819547019e+00
4.686105602379768243e+03 9.381959603145856308e-01
4.706143612626008689e+03 9.793572206591913965e-01
4.726181622872249136e+03 1.018479926668723445e+00
4.746219633118489583e+03 1.022422069077932427e+00
4.766257643364730029e+03 1.080651719928435339e+00
4.786295653610969566e+03 1.091079210249133569e+00
4.806333663857210013e+03 1.064184595826297874e+00
4.826371674103450459e+03 1.110719522914229707e+00
4.846409684349690906e+03 1.110082807550496486e+00
4.866447694595930443e+03 1.158645673740690052e+00
4.886485704842170890e+03 1.152004218272216995e+00
4.906523715088411336e+03 1.151012847129082139e+00
4.926561725334651783e+03 1.164575272264255945e+00
4.946599735580892229e+03 1.170732030284931335e+00
4.966637745827132676e+03 1.163757230565931389e+00
4.986675756073373122e+03 1.181198353956361968e+00
5.006713766319613569e+03 1.205428938100240988e+00
5.026751776565853106e+03 1.267401615694773165e+00
5.046789786812093553e+03 1.250353819307973513e+00
5.066827797058333999e+03 1.280792701487966312e+00
5.086865807304574446e+03 1.331381792292647859e+00
5.106903817550813983e+03 1.374269659367089336e+00
5.126941827797054430e+03 1.431565481823684705e+00
5.146979838043294876e+03 1.472677338169534833e+00
5.167017848289535323e+03 1.549261119708173373e+00
5.187055858535775769e+03 1.538264549147807747e+00
5.207093868782016216e+03 1.612917140575102826e+00
5.227131879028256662e+03 1.602246440233456415e+00
5.247169889274497109e+03 1.667233406204941204e+00
5.267207899520736646e+03 1.684257706408232247e+00
5.287245909766977093e+03 1.725226088904877608e+00
5.307283920013217539e+03 1.778564833048135840e+00
5.327321930259457076e+03 1.797330971766259999e+00
5.347359940505697523e+03 1.821381165856104323e+00
5.367397950751937969e+03 1.877113043103749268e+00
5.387435960998178416e+03 1.858365719166347851e+00
5.407473971244418863e+03 1.896489146312541063e+00
5.427511981490659309e+03 1.868957905695548538e+00
5.447549991736899756e+03 1.826239168989479023e+00
5.467588001983140202e+03 1.782576568258939620e+00
5.487626012229379739e+03 1.714745408931568571e+00
5.507664022475620186e+03 1.651293943074008785e+00
5.527702032721860633e+03 1.601395584130838490e+00
5.547740042968100170e+03 1.529646933729103875e+00
5.567778053214340616e+03 1.524718620384357459e+00
5.587816063460581063e+03 1.467985457957893480e+00
5.607854073706821509e+03 1.458881110403773773e+00
5.627892083953061956e+03 1.459575250975019500e+00
5.647930094199302403e+03 1.455386153422632889e+00
5.667968104445542849e+03 1.451980811866259380e+00
5.688006114691783296e+03 1.485583386049272869e+00
5.708044124938023742e+03 1.484078649439372510e+00
5.728082135184263279e+03 1.508837697080648521e+00
5.748120145430503726e+03 1.530914078001400114e+00
5.768158155676744173e+03 1.555521002344513626e+00
5.788196165922983710e+03 1.569087440110647158e+00
5.808234176169224156e+03 1.571336831857097938e+00
5.828272186415464603e+03 1.583702779609655886e+00
5.848310196661705049e+03 1.533850557816197169e+00
5.868348206907945496e+03 1.535708993659129495e+00
5.888386217154185942e+03 1.491191974096059969e+00
5.908424227400426389e+03 1.477600167585302993e+00
5.928462237646666836e+03 1.431031935660405541e+00
5.948500247892906373e+03 1.397602395041333878e+00
5.968538258139146819e+03 1.357267473218865428e+00
5.988576268385387266e+03 1.355814811641864237e+00
6.008614278631627712e+03 1.317470288529789757e+00
6.028652288877867250e+03 1.304461071449598331e+00
6.048690299124107696e+03 1.271871516351089415e+00
6.068728309370348143e+03 1.262346993644372084e+00
6.088766319616588589e+03 1.229664069892541178e+00
6.108804329862829036e+03 1.237809443232072537e+00
6.128842340109069482e+03 1.217239716067125332e+00
6.148880350355309929e+03 1.218366997858080225e+00
6.168918360601550376e+03 1.200991414106658439e+00
6.188956370847790822e+03 1.230256780070082767e+00
6.208994381094030359e+03 1.187834264698418130e+00
6.229032391340270806e+03 1.200956451526195234e+00
6.249070401586510343e+03 1.230256467976563517e+00
6.269108411832750789e+03 1.258811954938422240e+00
6.289146422078991236e+03 1.315089728335744557e+00
6.309184432325231683e+03 1.330979345673199088e+00
6.329222442571472129e+03 1.354573080698980192e+00
6.349260452817712576e+03 1.374857242293960002e+00
6.369298463063953022e+03 1.414654426983035229e+00
6.389336473310193469e+03 1.393140171074954470e+00
6.409374483556433916e+03 1.401567231107859302e+00
6.429412493802673453e+03 1.398980559490011544e+00
6.449450504048913899e+03 1.388272180948969314e+00
6.469488514295153436e+03 1.374564587742630239e+00
6.489526524541393883e+03 1.346852644978084435e+00
6.509564534787634329e+03 1.330065045416629177e+00
6.529602545033874776e+03 1.336115245792929507e+00
6.549640555280115223e+03 1.303184029354268247e+00
6.569678565526355669e+03 1.324664668331864137e+00
6.589716575772596116e+03 1.248689647494606314e+00
6.609754586018836562e+03 1.187613764547436723e+00
6.629792596265077009e+03 1.177929887700504219e+00
6.649830606511317455e+03 1.169866550371704728e+00
6.669868616757556993e+03 1.133875747411033919e+00
6.689906627003797439e+03 1.091872551974661487e+00
6.709944637250036976e+03 1.051550113892957050e+00
6.729982647496277423e+03 1.034651186114763366e+00
6.750020657742517869e+03 1.018092930705051469e+00
6.770058667988758316e+03 9.973277884123648018e-01
6.790096678234998762e+03 1.002133805682416279e+00
6.810134688481239209e+03 9.879502739126264643e-01
6.830172698727479656e+03 9.487912272473518760e-01
6.850210708973720102e+03 9.330998784640961441e-01
6.870248719219960549e+03 9.752148925498799192e-01
6.890286729466200995e+03 9.817500416700579713e-01
6.910324739712440532e+03 9.671674719905544171e-01
6.930362749958680979e+03 9.779147244139549944e-01
6.950400760204920516e+03 9.770035450925759202e-01
6.970438770451160963e+03 9.892255285632561845e-01
6.990476780697401409e+03 9.471344565088655187e-01
7.010514790943641856e+03 9.784392441841560650e-01
7.030552801189882302e+03 9.877891404340363168e-01
7.050590811436122749e+03 9.366893551967329090e-01
7.070628821682363196e+03 9.755964491693621676e-01
7.090666831928603642e+03 9.212176756661286658e-01
7.110704842174844089e+03 8.838984243490550785e-01
7.130742852421083626e+03 8.462219597069882138e-01
7.150780862667324072e+03 8.672293311552776718e-01
7.170818872913563609e+03 8.912880855245032263e-01
7.190856883159804056e+03 8.516001011418087296e-01
7.210894893406044503e+03 8.572245492137932077e-01
7.230932903652284949e+03 8.539067275971305992e-01
7.250970913898525396e+03 8.492177899815263054e-01
7.271008924144765842e+03 8.408172578977439748e-01
7.291046934391006289e+03 7.737149220538637184e-01
7.311084944637246736e+03 7.895846099908849780e-01
7.331122954883487182e+03 7.313790795109291754e-01
7.351160965129727629e+03 6.833122636769357605e-01
7.371198975375967166e+03 6.990056633604595504e-01
7.391236985622207612e+03 6.227032969533013995e-01
7.411274995868447149e+03 5.939605133483626398e-01
7.431313006114687596e+03 5.897826957474517906e-01
7.451351016360928043e+03 5.828492261273371389e-01
7.471389026607168489e+03 6.038400120343262456e-01
7.491427036853408936e+03 6.363575708058272218e-01
7.511465047099649382e+03 5.581650809306425431e-01
7.531503057345889829e+03 7.068148673951422101e-01
7.551541067592130275e+03 4.478067795138873652e-01
7.571579077838370722e+03 4.589994445120411659e-01
7.591617088084611169e+03 4.493167815873028714e-01
7.611655098330850706e+03 4.982214927259138726e-01
7.631693108577091152e+03 5.054582369939653042e-01
7.651731118823330689e+03 4.892771109342432534e-01
7.671769129069571136e+03 4.339535188867519322e-01
7.691807139315811582e+03 4.769077078605813980e-01
7.711845149562052029e+03 4.097879170720261643e-01
7.731883159808292476e+03 4.531372610258125877e-01
7.751921170054532922e+03 4.330450191111581693e-01
7.771959180300773369e+03 4.239597566837052245e-01
7.791997190547013815e+03 4.612350668545561194e-01
7.812035200793254262e+03 4.340778614032363980e-01
7.832073211039493799e+03 4.142461417828820491e-01
7.852111221285734246e+03 4.852654028796289931e-01
7.872149231531973783e+03 4.299681292327545146e-01
7.892187241778214229e+03 4.516229654372701519e-01
7.912225252024454676e+03 4.063859728765319979e-01
7.932263262270695122e+03 4.520984265381680633e-01
7.952301272516935569e+03 4.275903734219020369e-01
7.972339282763176016e+03 4.097492105852824085e-01
7.992377293009416462e+03 4.082807728835495809e-01
8.012415303255656909e+03 2.717288190878358045e-01
8.032453313501897355e+03 3.210673669688557386e-01
8.052491323748137802e+03 3.898894317309806179e-01
8.072529333994377339e+03 3.745365037843904066e-01
8.092567344240617786e+03 3.509128300731710892e-01
8.112605354486857323e+03 3.866647432788934413e-01
8.132643364733097769e+03 2.562736760552645765e-01
8.152681374979338216e+03 3.918918557694497373e-01
8.172719385225578662e+03 3.150991713939361727e-01
8.192757395471819109e+03 4.280112939510992698e-01
8.212795405718059556e+03 3.771712240234254554e-01
8.232833415964300002e+03 4.091307997091023219e-01
8.252871426210540449e+03 4.702784848367916326e-01
8.272909436456780895e+03 3.955452083178542244e-01
8.292947446703021342e+03 5.222353145453482171e-01
8.312985456949261788e+03 4.694561005800727549e-01
8.333023467195502235e+03 5.409843193292735997e-01
8.353061477441742682e+03 6.287609510955962655e-01
8.373099487687981309e+03 5.728655773755739755e-01
8.393137497934221756e+03 7.757494151200261534e-01
8.413175508180462202e+03 6.934186989360666686e-01
8.433213518426702649e+03 8.717612411459905175e-01
8.453251528672943095e+03 7.402849355869072223e-01
8.473289538919183542e+03 9.314476553740311804e-01
8.493327549165423989e+03 8.970730509943646291e-01
8.513365559411662616e+03 9.560502995774546875e-01
8.533403569657903063e+03 9.799753928040952911e-01
8.553441579904143509e+03 9.025422224076951050e-01
8.573479590150383956e+03 1.020730388450096671e+00
8.593517600396624402e+03 9.009474245251427593e-01
8.613555610642864849e+03 1.022309715411059861e+00
8.633593620889105296e+03 8.466190318328480346e-01
8.653631631135345742e+03 1.005965244061924890e+00
8.673669641381586189e+03 8.022915422054434087e-01
8.693707651627826635e+03 9.744996633737010860e-01
8.713745661874067082e+03 7.559838191994094903e-01
8.733783672120307529e+03 9.582587097970022283e-01
8.753821682366547975e+03 7.119214753088664027e-01
8.773859692612788422e+03 8.797267148641606527e-01
8.793897702859028868e+03 6.721043166345689324e-01
8.813935713105269315e+03 8.956737128243399404e-01
8.833973723351507942e+03 5.750527109234450096e-01
8.854011733597748389e+03 7.333403197696822806e-01
8.874049743843988836e+03 5.208611667807927503e-01
8.894087754090229282e+03 6.811005906615067440e-01
8.914125764336469729e+03 4.845317220860959062e-01
