3.360047915609249685e+03 2.147468653234269054e-01
3.380080624570489817e+03 3.036728203881289279e-01
3.400113333531729950e+03 1.968207738556109754e-01
3.420146042492969173e+03 1.485618891116385898e-01
3.440178751454209305e+03 3.727096477459855839e-01
3.460211460415449437e+03 4.001129027363908297e-01
3.480244169376688660e+03 3.695115889860561831e-01
3.500276878337928792e+03 3.858392099216478299e-01
3.520309587299168925e+03 2.768106672325525985e-01
3.540342296260408148e+03 3.746616265461574224e-01
3.560375005221648280e+03 4.164877214068984368e-01
3.580407714182887958e+03 4.137095465336799172e-01
3.600440423144127635e+03 4.365774322940469965e-01
3.620473132105367768e+03 4.720247571540976406e-01
3.640505841066607445e+03 5.106431058229876641e-01
3.660538550027847123e+03 4.591655046506867288e-01
3.680571258989087255e+03 5.048511414426368749e-01
3.700603967950326933e+03 5.157319180165718109e-01
3.720636676911566610e+03 5.200376056206552633e-01
3.740669385872806743e+03 5.353822439974386116e-01
3.760702094834045965e+03 5.599818583637253822e-01
3.780734803795286098e+03 6.428088479784308529e-01
3.800767512756526230e+03 6.427694077141306028e-01
3.820800221717765453e+03 6.971358422520452791e-01
3.840832930679005585e+03 6.802530261900251451e-01
3.860865639640245718e+03 7.390437125833455578e-01
3.880898348601484940e+03 7.556152633645781824e-01
3.900931057562725073e+03 7.586782358993917619e-01
3.920963766523965205e+03 8.080172097659672481e-01
3.940996475485204428e+03 8.496214210477730511e-01
3.961029184446444560e+03 8.310842459907138435e-01
3.981061893407684693e+03 8.596299082296759986e-01
4.001094602368923915e+03 8.409319473289657010e-01
4.021127311330164048e+03 8.672148332222390232e-01
4.041160020291404180e+03 8.502377692409451848e-01
4.061192729252643403e+03 8.619820264385665842e-01
4.081225438213883535e+03 8.434358950626035245e-01
4.101258147175123668e+03 8.139891194299968546e-01
4.121290856136363800e+03 8.194857392348274816e-01
4.141323565097603023e+03 8.380367840443901928e-01
4.161356274058842246e+03 8.481247272020721040e-01
4.181388983020082378e+03 8.611560826769750765e-01
4.201421691981322510e+03 8.799848471478394218e-01
4.221454400942562643e+03 8.729616692642574449e-01
4.241487109903801866e+03 8.601835769455764558e-01
4.261519818865041998e+03 8.969336256870590329e-01
4.281552527826281221e+03 8.675082670180260802e-01
4.301585236787521353e+03 8.668070624986321526e-01
4.321617945748761485e+03 8.999346269872822157e-01
4.341650654710001618e+03 9.058429349830489086e-01
4.361683363671240841e+03 9.004895793930416392e-01
4.381716072632480063e+03 9.500492151199276814e-01
4.401748781593720196e+03 9.806818619691233252e-01
4.421781490554960328e+03 9.955781974838662229e-01
4.441814199516200460e+03 1.003594752125353429e+00
4.461846908477440593e+03 1.028073087310040545e+00
4.481879617438679816e+03 1.047692243235413656e+00
4.501912326399919039e+03 1.051651496883079462e+00
4.521945035361159171e+03 1.074091413723879729e+00
4.541977744322399303e+03 1.072385257105262113e+00
4.562010453283639436e+03 1.084378417340100542e+00
4.582043162244879568e+03 1.059991888112942870e+00
4.602075871206118791e+03 1.083596738746073651e+00
4.622108580167358014e+03 1.077771442694546611e+00
4.642141289128598146e+03 1.043326236962995202e+00
4.662173998089838278e+03 1.004729268370039064e+00
4.682206707051078411e+03 9.624955178751267715e-01
4.702239416012318543e+03 9.528301447620743936e-01
4.722272124973557766e+03 9.581932977091692782e-01
4.742304833934796989e+03 9.728103642817459429e-01
4.762337542896037121e+03 9.866495590647061942e-01
4.782370251857277253e+03 1.000723447766095120e+00
4.802402960818517386e+03 1.003681733179618174e+00
4.822435669779757518e+03 1.020030674433167528e+00
4.842468378740996741e+03 1.022330058072432379e+00
4.862501087702235964e+03 1.066980568675935936e+00
4.882533796663476096e+03 1.078718805810768400e+00
4.902566505624716228e+03 1.099521752489855064e+00
4.922599214585956361e+03 1.095916089000696703e+00
4.942631923547195584e+03 1.100605142466003272e+00
4.962664632508435716e+03 1.133536508976950241e+00
4.982697341469674939e+03 1.117956822560397745e+00
5.002730050430915071e+03 1.173513591719297589e+00
5.022762759392155203e+03 1.155322776843377142e+00
5.042795468353395336e+03 1.188733417078604138e+00
5.062828177314634559e+03 1.192792842800468600e+00
5.082860886275873781e+03 1.224696814772236575e+00
5.102893595237113914e+03 1.236174034968995583e+00
5.122926304198354046e+03 1.325353518780924889e+00
5.142959013159594178e+03 1.348547050099516031e+00
5.162991722120834311e+03 1.389974333506565074e+00
5.183024431082073534e+03 1.432071570224707324e+00
5.203057140043312756e+03 1.451315187845989119e+00
5.223089849004552889e+03 1.478841659356827876e+00
5.243122557965793021e+03 1.525176489096283117e+00
5.263155266927033153e+03 1.577148487925115639e+00
5.283187975888273286e+03 1.595075438137182111e+00
5.303220684849512509e+03 1.645041560897815280e+00
5.323253393810751732e+03 1.664177341193381343e+00
5.343286102771991864e+03 1.702646302299267944e+00
5.363318811733231996e+03 1.731535786849761838e+00
5.383351520694472129e+03 1.747677080202264310e+00
5.403384229655712261e+03 1.763544106576536041e+00
5.423416938616950574e+03 1.730213276438428149e+00
5.443449647578190707e+03 1.708798275287423341e+00
5.463482356539430839e+03 1.680697839481355649e+00
5.483515065500670971e+03 1.667703511819121021e+00
5.503547774461911104e+03 1.613545079303593255e+00
5.523580483423151236e+03 1.557138109071276588e+00
5.543613192384389549e+03 1.498152117381131854e+00
5.563645901345629682e+03 1.464099765011718457e+00
5.583678610306869814e+03 1.452015721010341709e+00
5.603711319268109946e+03 1.443891033942021673e+00
5.623744028229350079e+03 1.457911892972667989e+00
5.643776737190590211e+03 1.429348509911624099e+00
5.663809446151828524e+03 1.439768441826041689e+00
5.683842155113068657e+03 1.458822206143637779e+00
5.703874864074308789e+03 1.462295509404249128e+00
5.723907573035548921e+03 1.480837442966821405e+00
5.743940281996789054e+03 1.499399598333443162e+00
5.763972990958029186e+03 1.522571616780597603e+00
5.784005699919267499e+03 1.525775706669608045e+00
5.804038408880507632e+03 1.532360283140373758e+00
5.824071117841747764e+03 1.504166425698160836e+00
5.844103826802987896e+03 1.481541082070431559e+00
5.864136535764228029e+03 1.475622120924337421e+00
5.884169244725467252e+03 1.461916164295747000e+00
5.904201953686706474e+03 1.415613515333111305e+00
5.924234662647946607e+03 1.397640308020939193e+00
5.944267371609186739e+03 1.368091124923171531e+00
5.964300080570426871e+03 1.350420396256025501e+00
5.984332789531667004e+03 1.318874603265136169e+00
6.004365498492906227e+03 1.295328367091389099e+00
6.024398207454145449e+03 1.280526139322888612e+00
6.044430916415385582e+03 1.256178349494877944e+00
6.064463625376625714e+03 1.229379464543302269e+00
6.084496334337865846e+03 1.224968794716810860e+00
6.104529043299105979e+03 1.191344663578418617e+00
6.124561752260344292e+03 1.184636985676654986e+00
6.144594461221584424e+03 1.183593788472655506e+00
6.164627170182824557e+03 1.183606669636416919e+00
6.184659879144064689e+03 1.183349798869038461e+00
6.204692588105304822e+03 1.201054788775879345e+00
6.224725297066544954e+03 1.177841707008280503e+00
6.244758006027783267e+03 1.214583478163428376e+00
6.264790714989023400e+03 1.252198025627451861e+00
6.284823423950263532e+03 1.280090525808883495e+00
6.304856132911503664e+03 1.298771710211086727e+00
6.324888841872743797e+03 1.325874667353721170e+00
6.344921550833983929e+03 1.353451188014019646e+00
6.364954259795222242e+03 1.383148688933240944e+00
6.384986968756462375e+03 1.392331232353552828e+00
6.405019677717702507e+03 1.391820279524352166e+00
6.425052386678942639e+03 1.383847281807748963e+00
6.445085095640182772e+03 1.387225776456964432e+00
6.465117804601421994e+03 1.380186685245643030e+00
6.485150513562661217e+03 1.379794230270013689e+00
6.505183222523901350e+03 1.363670465923866315e+00
6.525215931485141482e+03 1.350039892875638747e+00
6.545248640446381614e+03 1.338640195742341721e+00
6.565281349407621747e+03 1.357845369065592944e+00
6.585314058368860969e+03 1.295271176494895204e+00
6.605346767330100192e+03 1.270580907065435916e+00
6.625379476291340325e+03 1.238894837758533152e+00
6.645412185252580457e+03 1.214962830649458647e+00
6.665444894213820589e+03 1.202022395828733936e+00
6.685477603175060722e+03 1.174234103229277792e+00
6.705510312136299035e+03 1.140315247227711382e+00
6.725543021097539167e+03 1.131775788161781371e+00
6.745575730058779300e+03 1.116517761962866340e+00
6.765608439020019432e+03 1.105545312226904775e+00
6.785641147981259564e+03 1.093024821050867068e+00
6.805673856942499697e+03 1.079257970306763292e+00
6.825706565903738010e+03 1.067743965755758362e+00
6.845739274864978142e+03 1.073631719958719311e+00
6.865771983826218275e+03 1.064396102602497729e+00
6.885804692787458407e+03 1.034073223395920671e+00
6.905837401748698539e+03 1.046095642906519130e+00
6.925870110709938672e+03 1.055620223276603875e+00
6.945902819671176985e+03 1.045744339781669252e+00
6.965935528632417117e+03 1.046341270321335948e+00
6.985968237593657250e+03 1.028052850750935221e+00
7.006000946554897382e+03 1.032082928666704591e+00
7.026033655516137514e+03 1.034107661696286096e+00
7.046066364477377647e+03 1.035657916394740363e+00
7.066099073438615960e+03 1.015595230867895493e+00
7.086131782399856093e+03 1.003837059652603170e+00
7.106164491361096225e+03 9.730555490448871137e-01
7.126197200322336357e+03 9.360895305508560860e-01
7.146229909283576490e+03 9.387584102988402179e-01
7.166262618244815712e+03 9.181614737096002177e-01
7.186295327206054935e+03 9.268542304283352573e-01
7.206328036167295068e+03 8.832002689197461232e-01
7.226360745128535200e+03 8.970632783628564866e-01
7.246393454089775332e+03 8.726916738746959279e-01
7.266426163051015465e+03 8.414332946168046057e-01
7.286458872012254687e+03 8.179752346568464061e-01
7.306491580973493910e+03 7.718636562900039744e-01
7.326524289934734043e+03 7.345313214017903380e-01
7.346556998895974175e+03 7.293971816766199323e-01
7.366589707857214307e+03 6.851687542009026188e-01
7.386622416818454440e+03 6.640651585037160576e-01
7.406655125779692753e+03 6.420379700852899552e-01
7.426687834740932885e+03 6.118564074261636510e-01
7.446720543702173018e+03 6.241771520335650525e-01
7.466753252663413150e+03 6.032747415229603449e-01
7.486785961624653282e+03 6.078175871398002750e-01
7.506818670585892505e+03 6.104430870235709738e-01
7.526851379547131728e+03 5.564386972911687934e-01
7.546884088508371860e+03 6.003057882040544468e-01
7.566916797469611993e+03 5.579181424765752295e-01
7.586949506430852125e+03 5.798787413279279379e-01
7.606982215392092257e+03 5.973682631541195054e-01
7.627014924353331480e+03 5.603117223924182211e-01
7.647047633314570703e+03 5.410843500876328926e-01
7.667080342275810835e+03 5.245373222092312160e-01
7.687113051237050968e+03 4.891260955933296461e-01
7.707145760198291100e+03 5.373990092968582433e-01
7.727178469159531232e+03 5.161997123073964744e-01
7.747211178120770455e+03 5.259234859315227162e-01
7.767243887082009678e+03 5.397385119329929370e-01
7.787276596043249810e+03 4.932663273785837799e-01
7.807309305004489943e+03 5.470278857792535421e-01
7.827342013965730075e+03 5.239140243847513201e-01
7.847374722926970207e+03 5.774396863299403604e-01
7.867407431888209430e+03 5.785804882284202311e-01
7.887440140849448653e+03 5.417150844602636184e-01
7.907472849810688786e+03 5.888873226397099980e-01
7.927505558771928918e+03 5.356486243983155093e-01
7.947538267733169050e+03 5.856500781401936528e-01
7.967570976694409183e+03 5.737505387347550112e-01
7.987603685655648405e+03 5.512741031307137884e-01
8.007636394616887628e+03 5.617090852021036085e-01
8.027669103578127761e+03 5.397537391506351812e-01
8.047701812539367893e+03 5.079850267758891924e-01
8.067734521500608025e+03 5.403978416038704990e-01
8.087767230461848158e+03 4.735872290387999062e-01
8.107799939423087380e+03 5.068809207013206253e-01
8.127832648384326603e+03 4.996943822168408156e-01
8.147865357345566736e+03 4.940063967150996049e-01
8.167898066306806868e+03 5.554989404062402603e-01
8.187930775268047000e+03 5.455353012166083149e-01
8.207963484229287133e+03 5.557824661820206513e-01
8.227996193190525446e+03 6.203661424320739970e-01
8.248028902151765578e+03 5.826836036706712907e-01
8.268061611113005711e+03 6.745221403633856472e-01
8.288094320074245843e+03 7.007300853279715414e-01
8.308127029035485975e+03 6.822861474688598493e-01
8.328159737996724289e+03 8.301196932344211410e-01
8.348192446957964421e+03 7.897831920865036048e-01
8.368225155919204553e+03 8.837593379860892995e-01
8.388257864880444686e+03 9.096435717802742182e-01
8.408290573841684818e+03 9.115050548718763856e-01
8.428323282802924950e+03 1.023088740911909378e+00
8.448355991764165083e+03 9.581129121648714886e-01
8.468388700725403396e+03 1.120321689137546928e+00
8.488421409686643528e+03 1.014182449024841670e+00
8.508454118647883661e+03 1.154328492649536742e+00
8.528486827609123793e+03 1.054188510696888237e+00
8.548519536570363925e+03 1.097935738913536241e+00
8.568552245531602239e+03 1.097795853606503558e+00
8.588584954492842371e+03 1.070440599763805789e+00
8.608617663454082503e+03 1.110365080732029996e+00
8.628650372415322636e+03 9.992542868546198109e-01
8.648683081376562768e+03 1.055998601928948011e+00
8.668715790337802900e+03 9.992765522339047690e-01
8.688748499299043033e+03 1.041492198275282943e+00
8.708781208260281346e+03 9.286617911683157089e-01
8.728813917221521478e+03 9.765645374080837993e-01
8.748846626182761611e+03 8.554799602401412795e-01
8.768879335144001743e+03 9.154531979624831450e-01
8.788912044105240057e+03 7.730821140474484210e-01
8.808944753066480189e+03 8.660024102826392456e-01
8.828977462027720321e+03 7.211760776958158203e-01
8.849010170988960454e+03 7.946526703748040266e-01
8.869042879950200586e+03 6.632298747917685366e-01
8.889075588911440718e+03 7.149313691816121530e-01
8.909108297872680851e+03 6.151131949971597734e-01
