3.910000000000000000e+03 2.210269272029900645e+00
3.930000000000000000e+03 2.161768956074908044e+00
3.950000000000000000e+03 2.293358903644341140e+00
3.970000000000000000e+03 2.403244294440662010e+00
3.990000000000000000e+03 2.374616486155945783e+00
4.010000000000000000e+03 2.350974561949222164e+00
4.030000000000000000e+03 2.304742264001214291e+00
4.050000000000000000e+03 2.345315946828121945e+00
4.070000000000000000e+03 2.363735224817897329e+00
4.090000000000000000e+03 2.255754544608435719e+00
4.110000000000000000e+03 2.200100746372232852e+00
4.130000000000000000e+03 2.199915418766909880e+00
4.150000000000000000e+03 2.278315527187641187e+00
4.170000000000000000e+03 2.443939624021723045e+00
4.190000000000000000e+03 2.488351302763258666e+00
4.210000000000000000e+03 2.448406264236343333e+00
4.230000000000000000e+03 2.364545931038537496e+00
4.250000000000000000e+03 2.260447333486820476e+00
4.270000000000000000e+03 2.185085128235272567e+00
4.290000000000000000e+03 2.239406527123960711e+00
4.310000000000000000e+03 2.336084672672260609e+00
4.330000000000000000e+03 2.235528526572059693e+00
4.350000000000000000e+03 2.085565837019474511e+00
4.370000000000000000e+03 2.025455195622676285e+00
4.390000000000000000e+03 2.007627006559127736e+00
4.410000000000000000e+03 1.985688136910564339e+00
4.430000000000000000e+03 1.939766079006709276e+00
4.450000000000000000e+03 1.915667775366614034e+00
4.470000000000000000e+03 1.877545805309676963e+00
4.490000000000000000e+03 1.870132701096780092e+00
4.510000000000000000e+03 2.030357804741447669e+00
4.530000000000000000e+03 2.129644415924131451e+00
4.550000000000000000e+03 2.045136660739448775e+00
4.570000000000000000e+03 1.937701349870760259e+00
4.590000000000000000e+03 1.974270486864599938e+00
4.610000000000000000e+03 2.057467886073323982e+00
4.630000000000000000e+03 2.019346732437556025e+00
4.650000000000000000e+03 1.922380390216661850e+00
4.670000000000000000e+03 1.876992271757216058e+00
4.690000000000000000e+03 1.912878880653920532e+00
4.710000000000000000e+03 1.921356598070959709e+00
4.730000000000000000e+03 1.874039276389589892e+00
4.750000000000000000e+03 1.862089319741553561e+00
4.770000000000000000e+03 1.831845813963740799e+00
4.790000000000000000e+03 1.757958881764253301e+00
4.810000000000000000e+03 1.680969549123245255e+00
4.830000000000000000e+03 1.647620377219236820e+00
4.850000000000000000e+03 1.674220195320600180e+00
4.870000000000000000e+03 1.686039524581624871e+00
4.890000000000000000e+03 1.647968172637154227e+00
4.910000000000000000e+03 1.593736580077037557e+00
4.930000000000000000e+03 1.556459605929830348e+00
4.950000000000000000e+03 1.559807749143165889e+00
4.970000000000000000e+03 1.596047051984801346e+00
4.990000000000000000e+03 1.562777889355337457e+00
5.010000000000000000e+03 1.499923256410131023e+00
5.030000000000000000e+03 1.478868570887400757e+00
5.050000000000000000e+03 1.529581388209898085e+00
5.070000000000000000e+03 1.595669865404805599e+00
5.090000000000000000e+03 1.610178485995927611e+00
5.110000000000000000e+03 1.590526412041232796e+00
5.130000000000000000e+03 1.558970917445124726e+00
5.150000000000000000e+03 1.536876927774484924e+00
5.170000000000000000e+03 1.559930212318489051e+00
5.190000000000000000e+03 1.609037129201915217e+00
5.210000000000000000e+03 1.626347707244431673e+00
5.230000000000000000e+03 1.605643266403125491e+00
5.250000000000000000e+03 1.597933801305947421e+00
5.270000000000000000e+03 1.599822999890599506e+00
5.290000000000000000e+03 1.583594179896771426e+00
5.310000000000000000e+03 1.545286065813342935e+00
5.330000000000000000e+03 1.505456959092400737e+00
5.350000000000000000e+03 1.491352466979845914e+00
5.370000000000000000e+03 1.481290076074124773e+00
5.390000000000000000e+03 1.465088197978867468e+00
5.410000000000000000e+03 1.419996440403704208e+00
5.430000000000000000e+03 1.361687640526493714e+00
5.450000000000000000e+03 1.329590042274288342e+00
5.470000000000000000e+03 1.340081870714809220e+00
5.490000000000000000e+03 1.364190787830099616e+00
5.510000000000000000e+03 1.384498447983358416e+00
5.530000000000000000e+03 1.370215976055999985e+00
5.550000000000000000e+03 1.338564143761970637e+00
5.570000000000000000e+03 1.308397381574027296e+00
5.590000000000000000e+03 1.270955490350718309e+00
5.610000000000000000e+03 1.236599671145552914e+00
5.630000000000000000e+03 1.221993080014172950e+00
5.650000000000000000e+03 1.216229962983463864e+00
5.670000000000000000e+03 1.222428232497154710e+00
5.690000000000000000e+03 1.229987476099270172e+00
5.710000000000000000e+03 1.234423092309475889e+00
5.730000000000000000e+03 1.224088833154537204e+00
5.750000000000000000e+03 1.201785839664679445e+00
5.770000000000000000e+03 1.182471764073876441e+00
5.790000000000000000e+03 1.164735014181235595e+00
5.810000000000000000e+03 1.134051457393428386e+00
5.830000000000000000e+03 1.094814256019881471e+00
5.850000000000000000e+03 1.068176882544752182e+00
5.870000000000000000e+03 1.070671865636669606e+00
5.890000000000000000e+03 1.118591706140630304e+00
5.910000000000000000e+03 1.223516521915193334e+00
5.930000000000000000e+03 1.328388270313783481e+00
5.950000000000000000e+03 1.344497076395794188e+00
5.970000000000000000e+03 1.269408372235801830e+00
5.990000000000000000e+03 1.212858143556232449e+00
6.010000000000000000e+03 1.170548749324411553e+00
6.030000000000000000e+03 1.138469112337920031e+00
6.050000000000000000e+03 1.113690729864196260e+00
6.070000000000000000e+03 1.087997139260224344e+00
6.090000000000000000e+03 1.075629174973752100e+00
6.110000000000000000e+03 1.064723421000638659e+00
6.130000000000000000e+03 1.053785826601940645e+00
6.150000000000000000e+03 1.053562127201683740e+00
6.170000000000000000e+03 1.046322920697746239e+00
6.190000000000000000e+03 1.030720295740404246e+00
6.210000000000000000e+03 1.007659663405880535e+00
6.230000000000000000e+03 9.753873510235470112e-01
6.250000000000000000e+03 9.351394202429996749e-01
6.270000000000000000e+03 8.970052038685298879e-01
6.290000000000000000e+03 8.787598235877137620e-01
6.310000000000000000e+03 8.740107016486808877e-01
6.330000000000000000e+03 8.775580516272087905e-01
6.350000000000000000e+03 9.018841367734056202e-01
6.370000000000000000e+03 9.406853692428019942e-01
6.390000000000000000e+03 9.955847943190150318e-01
6.410000000000000000e+03 1.037575784294995751e+00
6.430000000000000000e+03 1.058981530920318992e+00
6.450000000000000000e+03 1.054769614110370402e+00
6.470000000000000000e+03 1.027715865839142095e+00
6.490000000000000000e+03 9.899425076212916563e-01
6.510000000000000000e+03 9.382352893151696405e-01
6.530000000000000000e+03 8.642365074155534677e-01
6.550000000000000000e+03 8.010335891997274471e-01
6.570000000000000000e+03 7.859893963218593793e-01
6.590000000000000000e+03 8.202526333664800218e-01
6.610000000000000000e+03 9.025095153887224830e-01
6.630000000000000000e+03 1.000000000000000000e+00
6.650000000000000000e+03 1.057422166487870241e+00
6.670000000000000000e+03 1.006189288880833477e+00
6.690000000000000000e+03 9.481074540885555679e-01
6.710000000000000000e+03 9.276626351789349911e-01
6.730000000000000000e+03 9.413703466034428757e-01
6.750000000000000000e+03 9.433591485706913637e-01
6.770000000000000000e+03 9.051563528180409657e-01
6.790000000000000000e+03 8.625726410734959604e-01
6.810000000000000000e+03 8.365933030604364440e-01
6.830000000000000000e+03 8.203583599078423383e-01
6.850000000000000000e+03 8.297974132511687362e-01
6.870000000000000000e+03 8.349274773075736622e-01
6.890000000000000000e+03 8.156860632007953971e-01
6.910000000000000000e+03 8.059328509917065286e-01
6.930000000000000000e+03 7.957195038118705099e-01
6.950000000000000000e+03 7.869822461052627949e-01
6.970000000000000000e+03 7.684614869642031332e-01
6.990000000000000000e+03 7.613036776507970949e-01
7.010000000000000000e+03 7.455081323712624553e-01
7.030000000000000000e+03 7.320123638821804946e-01
7.050000000000000000e+03 7.251437309467708703e-01
7.070000000000000000e+03 7.340556211413894472e-01
7.090000000000000000e+03 7.451327419178386258e-01
7.110000000000000000e+03 7.684947969478911345e-01
7.130000000000000000e+03 7.821491144279579810e-01
7.150000000000000000e+03 7.835052716314869770e-01
7.170000000000000000e+03 7.583697865385211623e-01
7.190000000000000000e+03 7.235315440646997720e-01
7.210000000000000000e+03 6.767927384235561394e-01
7.230000000000000000e+03 6.577178742352174368e-01
7.250000000000000000e+03 6.758768771563724576e-01
7.270000000000000000e+03 7.098030955425036481e-01
7.290000000000000000e+03 7.574950728982460246e-01
7.310000000000000000e+03 7.881829567182480067e-01
7.330000000000000000e+03 7.785939268062094243e-01
7.350000000000000000e+03 7.520322355734297970e-01
7.370000000000000000e+03 7.260755940688634613e-01
7.390000000000000000e+03 6.919687833201889626e-01
7.410000000000000000e+03 6.653247151914752910e-01
7.430000000000000000e+03 6.432924469611988050e-01
7.450000000000000000e+03 6.302360763451763104e-01
7.470000000000000000e+03 6.260324053890327090e-01
7.490000000000000000e+03 6.225935577838410673e-01
7.510000000000000000e+03 6.198138069882386247e-01
7.530000000000000000e+03 6.113017998821088650e-01
7.550000000000000000e+03 6.083886458675209497e-01
7.570000000000000000e+03 6.050534021086525494e-01
7.590000000000000000e+03 5.795993494756127573e-01
7.610000000000000000e+03 6.208890336675760846e-01
7.630000000000000000e+03 5.553554779411163933e-01
7.650000000000000000e+03 5.490555639919075803e-01
7.670000000000000000e+03 5.383684476078042236e-01
7.690000000000000000e+03 5.328525429070144481e-01
7.710000000000000000e+03 5.253015451587040863e-01
7.730000000000000000e+03 5.153558208380073502e-01
7.750000000000000000e+03 5.108713009997893906e-01
7.770000000000000000e+03 5.256882838663747837e-01
7.790000000000000000e+03 5.268893210478275968e-01
7.810000000000000000e+03 5.356396414931362537e-01
7.830000000000000000e+03 5.495897483626672742e-01
7.850000000000000000e+03 5.677796936461205757e-01
7.870000000000000000e+03 5.803326589694478566e-01
7.890000000000000000e+03 5.789049832715302824e-01
7.910000000000000000e+03 5.877073913874097943e-01
7.930000000000000000e+03 5.817195136089244878e-01
7.950000000000000000e+03 5.739835964658759337e-01
7.970000000000000000e+03 5.639148374750379000e-01
7.990000000000000000e+03 5.582092781367309353e-01
8.010000000000000000e+03 5.459472853179715424e-01
8.030000000000000000e+03 5.479486601712199034e-01
8.050000000000000000e+03 5.331058783956997837e-01
8.070000000000000000e+03 5.195190789462941217e-01
8.090000000000000000e+03 5.208778486975632616e-01
8.110000000000000000e+03 5.198183789467839544e-01
8.130000000000000000e+03 5.201061674087934517e-01
8.150000000000000000e+03 5.247479299641265582e-01
8.170000000000000000e+03 5.286487903087541129e-01
8.190000000000000000e+03 5.322758229933591823e-01
8.210000000000000000e+03 5.204532280476593664e-01
8.230000000000000000e+03 5.280710906896961543e-01
8.250000000000000000e+03 4.998678214127676989e-01
8.270000000000000000e+03 4.992035811498148345e-01
8.290000000000000000e+03 5.043434422602456335e-01
8.310000000000000000e+03 5.039636431325099641e-01
8.330000000000000000e+03 4.899322207145644925e-01
8.350000000000000000e+03 4.683555971386070826e-01
8.370000000000000000e+03 4.806257541690547308e-01
8.390000000000000000e+03 4.754233551970921678e-01
8.410000000000000000e+03 4.709588376775103447e-01
8.430000000000000000e+03 4.621815753336305233e-01
8.450000000000000000e+03 4.571205805081078877e-01
8.470000000000000000e+03 4.608535030183090742e-01
8.490000000000000000e+03 4.463093681063437512e-01
8.510000000000000000e+03 4.293681390006025000e-01
8.530000000000000000e+03 4.501604267596733266e-01
8.550000000000000000e+03 4.372482361220648150e-01
8.570000000000000000e+03 4.502441915715943432e-01
8.590000000000000000e+03 4.458858088039592826e-01
8.610000000000000000e+03 4.450731431725147291e-01
8.630000000000000000e+03 4.465541311727563301e-01
8.650000000000000000e+03 4.515294834176696304e-01
8.670000000000000000e+03 4.386301105924114707e-01
8.690000000000000000e+03 4.438134053090235787e-01
8.710000000000000000e+03 4.345928262704737421e-01
8.730000000000000000e+03 4.300812012494509839e-01
8.750000000000000000e+03 4.332741427985938309e-01
8.770000000000000000e+03 4.186890235439535424e-01
8.790000000000000000e+03 4.218792560592181662e-01
