4.012529264214046634e+03 1.066086066746808614e+00
4.032587792642140812e+03 9.836303773827924646e-01
4.052646321070234080e+03 1.154936405203503380e+00
4.072704849498327349e+03 1.341978683668212380e+00
4.092763377926421526e+03 1.433674008243173814e+00
4.112821906354514795e+03 1.306575057959814767e+00
4.132880434782608063e+03 9.823864953632148733e-01
4.152938963210702241e+03 9.719505087583720782e-01
4.172997491638796419e+03 8.827068843379701768e-01
4.193056020066889687e+03 7.636818972179290066e-01
4.213114548494982955e+03 8.933581272539928841e-01
4.233173076923077133e+03 8.471298621844410848e-01
4.253231605351170401e+03 6.041038768675941473e-01
4.273290133779264579e+03 5.671261591962907245e-01
4.293348662207357847e+03 6.648220955692943912e-01
4.313407190635451116e+03 8.117772733127254225e-01
4.333465719063545293e+03 8.043128541988666669e-01
4.353524247491638562e+03 7.460331336939721725e-01
4.373582775919732740e+03 8.328912287480678689e-01
4.393641304347826008e+03 9.009205950540959407e-01
4.413699832775919276e+03 8.943465030911902369e-01
4.433758361204013454e+03 9.471717220504894952e-01
4.453816889632107632e+03 8.807045337454921796e-01
4.473875418060200900e+03 7.424170852653271258e-01
4.493933946488294168e+03 6.268857869654816950e-01
4.513992474916387437e+03 6.272095569294178219e-01
4.534051003344481614e+03 7.837361540443071872e-01
4.554109531772575792e+03 1.214984866048429035e+00
4.574168060200669061e+03 1.580923654044307236e+00
4.594226588628762329e+03 1.601254829984544159e+00
4.614285117056855597e+03 1.751964837712519651e+00
4.634343645484949775e+03 1.774123357805255097e+00
4.654402173913043953e+03 1.863299040443070709e+00
4.674460702341137221e+03 1.743187628799587996e+00
4.694519230769230489e+03 1.589779752704791660e+00
4.714577759197323758e+03 1.600149568521380905e+00
4.734636287625417935e+03 1.505088066718186735e+00
4.754694816053512113e+03 1.327361701442555608e+00
4.774753344481605382e+03 1.149807122617207522e+00
4.794811872909698650e+03 9.705791151468315947e-01
4.814870401337791918e+03 9.107182187017002217e-01
4.834928929765886096e+03 1.357342542503864102e+00
4.854987458193980274e+03 1.553226000343465696e+00
4.875045986622073542e+03 1.379790861669242474e+00
4.895104515050166810e+03 1.730603104070067122e+00
4.915163043478260988e+03 2.078787029881504544e+00
4.935221571906355166e+03 1.959719216898506478e+00
4.955280100334448434e+03 1.411723982483256368e+00
4.975338628762541703e+03 1.194303033230293964e+00
4.995397157190634971e+03 1.615915443070582214e+00
5.015455685618729149e+03 1.965387686759402452e+00
5.035514214046823326e+03 1.993515101751674123e+00
5.055572742474916595e+03 1.892481163060278471e+00
5.075631270903009863e+03 1.596410355486862498e+00
5.095689799331103131e+03 1.150644802936630517e+00
5.115748327759197309e+03 8.356002060793406017e-01
5.135806856187291487e+03 9.466578116950026267e-01
5.155865384615384755e+03 1.259135593766099959e+00
5.175923913043478024e+03 1.453203728748067913e+00
5.195982441471571292e+03 1.523158809891808518e+00
5.216040969899665470e+03 1.512206497939206917e+00
5.236099498327759648e+03 1.445181929417825639e+00
5.256158026755852916e+03 1.401703052550232087e+00
5.276216555183946184e+03 1.369716318907779673e+00
5.296275083612039452e+03 1.544910967284904846e+00
5.316333612040133630e+03 1.663638266357547968e+00
5.336392140468227808e+03 1.757520446934569991e+00
5.356450668896321076e+03 1.783868012622359833e+00
5.376509197324414345e+03 1.709662384080370856e+00
5.396567725752507613e+03 1.745908520092736005e+00
5.416626254180602700e+03 1.755807090417310867e+00
5.436684782608695969e+03 1.685877125193199655e+00
5.456743311036789237e+03 1.571990275631118150e+00
5.476801839464882505e+03 1.427510303967027383e+00
5.496860367892976683e+03 1.483259756568779064e+00
5.516918896321070861e+03 1.635979037867079100e+00
5.536977424749164129e+03 1.674052035033487984e+00
5.557035953177257397e+03 1.633276822514168058e+00
5.577094481605350666e+03 1.535896606130860320e+00
5.597153010033444843e+03 1.385118656620298871e+00
5.617211538461539021e+03 1.279983900051520074e+00
5.637270066889632290e+03 1.360386720762493562e+00
5.657328595317725558e+03 1.453629250386398786e+00
5.677387123745818826e+03 1.456207174137042815e+00
5.697445652173913004e+03 1.460603104070067104e+00
5.717504180602007182e+03 1.455593479878642516e+00
5.737562709030100450e+03 1.418413189077795122e+00
5.757621237458193718e+03 1.361748454404946074e+00
5.777679765886286987e+03 1.288789605873261301e+00
5.797738294314381164e+03 1.178183925811437716e+00
5.817796822742475342e+03 9.991045208655333631e-01
5.837855351170568611e+03 9.049690880989180730e-01
5.857913879598661879e+03 1.184902917310664661e+00
5.877972408026755147e+03 1.466090449510561555e+00
5.898030936454849325e+03 1.526551230036064188e+00
5.918089464882943503e+03 1.522182992014425640e+00
5.938147993311036771e+03 1.574326056156620579e+00
5.958206521739130039e+03 1.532804289026275191e+00
5.978265050167223308e+03 1.481859866048428787e+00
5.998323578595318395e+03 1.435191267387944558e+00
6.018382107023411663e+03 1.402775631117980648e+00
6.038440635451504932e+03 1.383375515198351335e+00
6.058499163879598200e+03 1.362514811952601823e+00
6.078557692307691468e+03 1.311471213292117577e+00
6.098616220735786555e+03 1.294523119526017396e+00
6.118674749163879824e+03 1.357719281298299885e+00
6.138733277591973092e+03 1.395592800103039766e+00
6.158791806020066360e+03 1.375225077279752739e+00
6.178850334448159629e+03 1.262654076506955159e+00
6.198908862876254716e+03 1.236909614889232456e+00
6.218967391304347984e+03 1.324947514167954976e+00
6.239025919732441253e+03 1.371319551777434587e+00
6.259084448160534521e+03 1.369839000515198579e+00
6.279142976588628699e+03 1.309030783101494233e+00
6.299201505016722876e+03 1.206850528078310170e+00
6.319260033444816145e+03 1.070083075734157729e+00
6.339318561872909413e+03 9.831517259144771925e-01
6.359377090301002681e+03 9.623225785677484989e-01
6.379435618729097769e+03 9.007797205048942990e-01
6.399494147157191037e+03 7.367172205048944100e-01
6.419552675585284305e+03 5.889829662545079669e-01
6.439611204013377574e+03 4.970564464193715226e-01
6.459669732441470842e+03 4.881633178773828186e-01
6.479728260869565929e+03 6.378501738794436493e-01
6.499786789297659197e+03 1.154951217156105159e+00
6.519845317725752466e+03 1.898671754250386590e+00
6.539903846153845734e+03 2.364489148634724813e+00
6.559962374581939002e+03 2.538429450025760925e+00
6.580020903010034090e+03 2.527916738221993143e+00
6.600079431438127358e+03 2.399644030139103990e+00
6.620137959866220626e+03 2.190928162029881943e+00
6.640196488294313895e+03 1.946328728748067727e+00
6.660255016722407163e+03 1.748002318392581467e+00
6.680313545150502250e+03 1.594028368109222438e+00
6.700372073578595518e+03 1.471359318650180326e+00
6.720430602006688787e+03 1.374436984801648887e+00
6.740489130434782055e+03 1.304903239309634477e+00
6.760547658862875323e+03 1.250778754507985591e+00
6.780606187290970411e+03 1.213502221792890579e+00
6.800664715719063679e+03 1.187620588614116457e+00
6.820723244147156947e+03 1.165048299845440560e+00
6.840781772575250216e+03 1.151323576764554435e+00
6.860840301003344393e+03 1.131074188562596561e+00
6.880898829431438571e+03 1.121147604327666247e+00
6.900957357859531839e+03 1.125879862184441249e+00
6.921015886287625108e+03 1.111450766357547693e+00
6.941074414715718376e+03 1.091940365790829759e+00
6.961132943143813463e+03 1.096927485832045468e+00
6.981191471571906732e+03 1.104986476043276822e+00
7.001250000000000000e+03 1.101351751674394697e+00
7.021308528428093268e+03 1.096873712004121870e+00
7.041367056856186537e+03 1.085256633178774077e+00
7.061425585284281624e+03 1.072973338485317063e+00
7.081484113712374892e+03 1.066444648377125270e+00
7.101542642140468161e+03 1.056924587841318930e+00
7.121601170568561429e+03 1.057054836424523581e+00
7.141659698996654697e+03 1.042827311952601921e+00
7.161718227424749784e+03 1.050280300103039632e+00
7.181776755852843053e+03 1.070427131633178819e+00
7.201835284280936321e+03 1.081669886656362989e+00
7.221893812709029589e+03 1.077305190623390141e+00
7.241952341137122858e+03 1.052575025759917793e+00
7.262010869565217945e+03 1.070739953632148467e+00
7.282069397993311213e+03 1.089499774600721560e+00
7.302127926421404482e+03 1.107866273827923909e+00
7.322186454849497750e+03 1.099102588871715636e+00
7.342244983277591018e+03 1.077730068263781593e+00
7.362303511705686105e+03 1.048201474755281026e+00
7.382362040133779374e+03 1.027212937918598579e+00
7.402420568561872642e+03 1.013671110252447383e+00
7.422479096989965910e+03 1.034568807602037843e+00
7.442537625418060088e+03 1.052126803194229909e+00
7.462596153846154266e+03 1.053711843122102199e+00
7.482654682274247534e+03 1.053831787738279457e+00
7.502713210702340803e+03 1.041349497681607561e+00
7.522771739130434071e+03 1.028472114889232625e+00
7.542830267558529158e+03 1.014305448222565742e+00
7.562888795986622426e+03 9.896786450283360237e-01
7.582947324414715695e+03 9.847889296754251953e-01
7.603005852842808963e+03 8.948745814013395750e-01
7.623064381270902231e+03 9.675212519319940085e-01
7.643122909698997319e+03 9.212627189592993426e-01
7.663181438127090587e+03 9.607330306543021559e-01
7.683239966555183855e+03 9.136007534775889560e-01
7.703298494983277124e+03 8.046411321483772916e-01
7.723357023411370392e+03 8.423786063884597386e-01
7.743415551839465479e+03 9.031654108706854700e-01
7.763474080267558747e+03 9.512963678516229704e-01
7.783532608695652016e+03 9.775420208655333232e-01
7.803591137123745284e+03 9.733268933539412915e-01
7.823649665551838552e+03 9.642713163317877534e-01
7.843708193979933640e+03 9.494841576506956038e-01
7.863766722408026908e+03 9.293289541473468418e-01
7.883825250836120176e+03 9.144699896960331031e-01
7.903883779264213445e+03 9.134574639361154880e-01
7.923942307692306713e+03 9.003741628026791233e-01
7.944000836120401800e+03 9.023171045852654837e-01
7.964059364548495068e+03 8.947312918598662179e-01
7.984117892976588337e+03 8.970290765069552918e-01
8.004176421404681605e+03 8.899198222565689598e-01
8.024234949832775783e+03 8.916288317877384406e-01
8.044293478260869961e+03 8.832892194744977887e-01
8.064352006688963229e+03 8.762326120556415132e-01
8.084410535117056497e+03 8.716338227717672638e-01
8.104469063545149766e+03 8.489359544049460693e-01
8.124527591973243943e+03 8.244224948480165516e-01
8.144586120401338121e+03 8.183170723853684381e-01
8.164644648829431389e+03 8.108225463678516709e-01
8.184703177257525567e+03 8.159695388974755881e-01
8.204761705685619745e+03 8.349789090674910597e-01
8.224820234113713013e+03 8.444426197836167880e-01
8.244878762541806282e+03 8.335400566718187410e-01
8.264937290969899550e+03 8.229305126223596112e-01
8.284995819397992818e+03 7.963161886770850906e-01
8.305054347826086087e+03 7.163237377640393477e-01
8.325112876254179355e+03 5.439460973724883353e-01
8.345171404682274442e+03 3.290043308861412275e-01
8.365229933110367710e+03 1.900706787738279668e-01
8.385288461538460979e+03 1.502881085780525816e-01
8.405346989966556066e+03 1.734128509788768757e-01
8.425405518394649334e+03 2.300963098918083760e-01
8.445464046822742603e+03 3.404582045337455343e-01
8.465522575250835871e+03 4.770941202988150942e-01
8.485581103678929139e+03 5.392210844925297009e-01
8.505639632107022408e+03 5.129081336939721458e-01
8.525698160535117495e+03 4.723599304482226091e-01
8.545756688963210763e+03 4.739093894899537029e-01
8.565815217391304031e+03 5.607958204533746160e-01
8.585873745819397300e+03 7.603455048943843497e-01
8.605932274247492387e+03 9.890328760947966202e-01
8.625990802675585655e+03 1.174705531942297876e+00
8.646049331103678924e+03 1.270439689592993471e+00
8.666107859531772192e+03 1.312875611798042463e+00
8.686166387959865460e+03 1.332680802421432498e+00
8.706224916387958729e+03 1.320198029366306258e+00
8.726283444816053816e+03 1.245518740340031183e+00
8.746341973244147084e+03 1.196680190623389928e+00
8.766400501672240352e+03 1.103288897475528163e+00
8.786459030100335440e+03 1.000000000000000000e+00
8.806517558528428708e+03 9.390170981452858889e-01
8.826576086956521976e+03 8.377592091705308164e-01
8.846634615384615245e+03 7.535473016486348152e-01
8.866693143812708513e+03 7.568558410613086540e-01
8.886751672240801781e+03 7.391030718701701030e-01
8.906810200668895050e+03 7.468044822256567628e-01
8.926868729096990137e+03 7.428929997424007503e-01
8.946927257525083405e+03 7.294554997424010923e-01
8.966985785953176674e+03 7.123966383307575034e-01
8.987044314381271761e+03 6.571007212776919237e-01
9.007102842809365029e+03 6.306430319422978714e-01
9.027161371237458297e+03 6.128429289026275928e-01
9.047219899665551566e+03 6.497517387944359291e-01
9.067278428093644834e+03 6.935571226172076997e-01
9.087336956521738102e+03 7.156683088614116395e-01
9.107395484949833190e+03 7.133219023699124417e-01
9.127454013377926458e+03 6.757021187532200601e-01
9.147512541806019726e+03 6.139561508958727432e-01
9.167571070234112995e+03 6.231676648634725257e-01
9.187629598662208082e+03 6.386323093766100856e-01
9.207688127090301350e+03 6.892801713034518718e-01
9.227746655518394618e+03 7.453553258629573852e-01
9.247805183946487887e+03 7.270553194229779637e-01
9.267863712374581155e+03 7.134412029881505024e-01
9.287922240802674423e+03 6.926614824832562078e-01
9.307980769230769511e+03 6.638649536321483691e-01
9.328039297658862779e+03 6.605018353941268794e-01
9.348097826086956047e+03 6.814583333333333881e-01
9.368156354515051135e+03 6.849074252962391585e-01
9.388214882943144403e+03 6.905514232354457160e-01
9.408273411371237671e+03 6.956803838227718639e-01
9.428331939799330939e+03 6.930453052550232806e-01
9.448390468227424208e+03 6.833360703245751067e-01
9.468448996655517476e+03 6.734069100978878897e-01
9.488507525083610744e+03 6.817492594023699670e-01
9.508566053511705832e+03 6.786979971664092171e-01
9.528624581939799100e+03 6.739621973209686256e-01
9.548683110367892368e+03 6.869411707882534524e-01
9.568741638795987456e+03 6.333330113343639267e-01
9.588800167224080724e+03 6.368494010819165663e-01
9.608858695652173992e+03 6.447351558475012956e-01
9.628917224080267260e+03 6.493593830499743147e-01
9.648975752508360529e+03 6.322760497166409754e-01
9.669034280936453797e+03 6.442808153013911410e-01
9.689092809364548884e+03 6.281607418856260949e-01
9.709151337792642153e+03 6.108447642967543834e-01
9.729209866220735421e+03 6.053292439464194041e-01
9.749268394648828689e+03 6.141409067490984919e-01
9.769326923076923777e+03 6.163321097372489454e-01
9.789385451505017045e+03 5.955358062854199108e-01
9.809443979933110313e+03 5.855512622359609898e-01
9.829502508361203581e+03 6.145012235960846114e-01
9.849561036789296850e+03 6.043395801133437661e-01
9.869619565217390118e+03 5.946717220504894597e-01
9.889678093645485205e+03 5.799333462132921779e-01
9.909736622073578474e+03 5.346123132405977696e-01
9.929795150501671742e+03 5.024837390520351388e-01
9.949853678929766829e+03 4.951189786192684017e-01
9.969912207357860098e+03 5.503857547655847116e-01
9.989970735785953366e+03 5.860093594367165037e-01
