3.273322867035333729e+03 5.230964484834575989e-01
3.293343562515382473e+03 1.307060682281530051e-01
3.313364257995430307e+03 -5.806508264704709349e-02
3.333384953475479051e+03 -2.493014447570137959e-01
3.353405648955526885e+03 -9.490942136206800828e-02
3.373426344435575629e+03 2.030882669288928688e-01
3.393447039915624373e+03 3.995500006569189799e-01
3.413467735395672207e+03 1.655444201787485969e-01
3.433488430875720951e+03 2.366633237812265905e-03
3.453509126355768785e+03 1.390815644399333306e-01
3.473529821835817529e+03 1.925835052233021705e-01
3.493550517315865363e+03 9.347425444332475852e-02
3.513571212795914107e+03 8.481681781014427379e-02
3.533591908275961941e+03 2.704982229676865524e-01
3.553612603756010685e+03 4.289560636054961518e-01
3.573633299236059429e+03 2.541785131738680814e-01
3.593653994716107263e+03 3.942162010629490787e-01
3.613674690196156007e+03 1.597422616523853645e-01
3.633695385676203841e+03 1.204014032528807482e-01
3.653716081156252585e+03 2.277657336982196190e-01
3.673736776636300419e+03 3.114493397594585988e-01
3.693757472116349163e+03 3.648523008966938486e-01
3.713778167596396997e+03 4.866066782123694145e-01
3.733798863076445741e+03 5.348332327114856399e-01
3.753819558556494030e+03 4.563184081828648986e-01
3.773840254036542319e+03 3.651490275908416683e-01
3.793860949516591063e+03 2.749073481740435532e-01
3.813881644996638897e+03 3.652627166865311525e-01
3.833902340476687641e+03 3.941626785990692272e-01
3.853923035956735475e+03 4.117482223476793823e-01
3.873943731436784219e+03 3.568655496443863817e-01
3.893964426916832053e+03 4.392798086470406371e-01
3.913985122396880797e+03 4.293763072270632697e-01
3.934005817876928631e+03 5.122333261981580899e-01
3.954026513356977375e+03 5.609067932706711668e-01
3.974047208837026119e+03 7.071933303258475245e-01
3.994067904317073953e+03 7.485239306145388127e-01
4.014088599797122697e+03 8.414433573552684287e-01
4.034109295277170531e+03 9.327250428413293992e-01
4.054129990757219275e+03 8.353009163841729201e-01
4.074150686237267109e+03 9.567809449324093940e-01
4.094171381717315853e+03 8.589001242101813594e-01
4.114192077197363687e+03 6.714810661227244015e-01
4.134212772677412431e+03 6.789888374633621382e-01
4.154233468157461175e+03 6.803297597437729660e-01
4.174254163637509009e+03 5.191108705266105350e-01
4.194274859117556844e+03 4.732392582981531648e-01
4.214295554597605587e+03 5.715360777568817552e-01
4.234316250077654331e+03 4.778488343597515065e-01
4.254336945557703075e+03 4.902761506519398016e-01
4.274357641037750909e+03 5.535334740505040152e-01
4.294378336517798743e+03 5.156876014208875425e-01
4.314399031997847487e+03 5.136353840515353042e-01
4.334419727477896231e+03 7.675292961377276901e-01
4.354440422957944065e+03 5.537792621238558644e-01
4.374461118437991900e+03 6.240439679658361660e-01
4.394481813918040643e+03 6.489451097257225021e-01
4.414502509398089387e+03 7.322230182791553688e-01
4.434523204878138131e+03 5.657708778760291990e-01
4.454543900358185056e+03 7.054715218908432783e-01
4.474564595838233799e+03 5.737433257112651841e-01
4.494585291318282543e+03 6.968117717953016266e-01
4.514605986798331287e+03 8.665302128368067569e-01
4.534626682278379121e+03 9.711135225185555386e-01
4.554647377758426956e+03 1.118139038695714405e+00
4.574668073238475699e+03 1.255504857503879634e+00
4.594688768718524443e+03 1.307843183010456212e+00
4.614709464198573187e+03 1.333140944683714357e+00
4.634730159678620112e+03 1.318091027661412618e+00
4.654750855158668855e+03 1.357022852627129517e+00
4.674771550638717599e+03 1.204152268133793946e+00
4.694792246118766343e+03 1.161129019924901806e+00
4.714812941598814177e+03 1.093022146038326481e+00
4.734833637078862012e+03 1.017936957943027965e+00
4.754854332558910755e+03 8.950500268356326172e-01
4.774875028038959499e+03 8.559109407425463667e-01
4.794895723519007333e+03 7.862598976329814304e-01
4.814916418999055168e+03 7.900833394363164786e-01
4.834937114479103911e+03 1.162358698532541812e+00
4.854957809959152655e+03 1.410771864177380985e+00
4.874978505439201399e+03 1.225057496564497583e+00
4.894999200919249233e+03 1.289443313429935900e+00
4.915019896399297068e+03 1.371565275183729282e+00
4.935040591879345811e+03 1.092250545897409886e+00
4.955061287359394555e+03 8.880222966279310848e-01
4.975081982839442389e+03 8.209867486799992120e-01
4.995102678319490224e+03 1.139700424849552141e+00
5.015123373799538967e+03 1.402865304340783270e+00
5.035144069279587711e+03 1.193960622069911715e+00
5.055164764759636455e+03 1.171210668097500296e+00
5.075185460239683380e+03 9.972016171950879304e-01
5.095206155719732124e+03 9.302837263875814999e-01
5.115226851199780867e+03 7.861313514395597002e-01
5.135247546679829611e+03 8.841053750730264449e-01
5.155268242159877445e+03 1.074015073333099979e+00
5.175288937639925280e+03 1.132689720322171301e+00
5.195309633119974023e+03 1.074349219611908435e+00
5.215330328600022767e+03 1.166663288830134926e+00
5.235351024080071511e+03 1.181268554141738258e+00
5.255371719560118436e+03 1.184505094444597395e+00
5.275392415040167180e+03 1.117344829927814365e+00
5.295413110520215923e+03 1.320360333989863744e+00
5.315433806000264667e+03 1.301292125711670966e+00
5.335454501480312501e+03 1.260115171806358791e+00
5.355475196960360336e+03 1.286164462696578470e+00
5.375495892440409079e+03 1.139413064586583424e+00
5.395516587920457823e+03 1.270666110479062416e+00
5.415537283400506567e+03 1.210598402947352659e+00
5.435557978880553492e+03 1.184275870651015694e+00
5.455578674360602236e+03 1.080453548897517102e+00
5.475599369840650979e+03 1.054407822326551836e+00
5.495620065320699723e+03 1.247061873387051545e+00
5.515640760800746648e+03 1.330375309782887427e+00
5.535661456280795392e+03 1.260362563246624212e+00
5.555682151760844135e+03 1.262110083227315549e+00
5.575702847240892879e+03 1.062451487336786515e+00
5.595723542720941623e+03 8.773306769273226946e-01
5.615744238200988548e+03 8.616228949998492315e-01
5.635764933681037292e+03 1.055865109825846249e+00
5.655785629161086035e+03 1.163199081960551995e+00
5.675806324641134779e+03 1.167418820696873638e+00
5.695827020121181704e+03 1.145699277969273400e+00
5.715847715601230448e+03 1.061955147229397323e+00
5.735868411081279191e+03 1.000000080745096387e+00
5.755889106561327935e+03 1.010262190363077739e+00
5.775909802041376679e+03 9.133130334778049031e-01
5.795930497521423604e+03 8.704373065599816384e-01
5.815951193001472348e+03 7.754850297380150304e-01
5.835971888481521091e+03 7.420590629386223380e-01
5.855992583961569835e+03 9.764995434268521901e-01
5.876013279441616760e+03 1.182729108356931569e+00
5.896033974921665504e+03 1.286980587990636193e+00
5.916054670401714247e+03 1.245269932068342689e+00
5.936075365881762991e+03 1.112917414803628047e+00
5.956096061361811735e+03 1.106577697413080319e+00
5.976116756841858660e+03 1.093709125318246489e+00
5.996137452321907404e+03 1.108262298507676880e+00
6.016158147801956147e+03 1.139493209862238121e+00
6.036178843282004891e+03 1.037008303744965332e+00
6.056199538762051816e+03 1.026356410631771077e+00
6.076220234242100560e+03 1.075266945307227884e+00
6.096240929722149303e+03 1.085093946515901298e+00
6.116261625202198047e+03 1.119022390050007587e+00
6.136282320682246791e+03 1.058305630363644223e+00
6.156303016162293716e+03 1.086617444994219639e+00
6.176323711642342460e+03 9.118630476422249220e-01
6.196344407122391203e+03 9.615274646774516487e-01
6.216365102602439947e+03 1.034441578621540403e+00
6.236385798082486872e+03 9.999999192549035021e-01
6.256406493562535616e+03 1.008772066524592725e+00
6.276427189042584359e+03 1.048148866181393579e+00
6.296447884522633103e+03 1.096477390202212021e+00
6.316468580002680937e+03 9.789441819645652298e-01
6.336489275482728772e+03 9.855481619065141752e-01
6.356509970962777516e+03 9.308976198202723040e-01
6.376530666442826259e+03 8.606752244087901849e-01
6.396551361922875003e+03 8.539743503511963985e-01
6.416572057402921928e+03 8.354423817930141105e-01
6.436592752882970672e+03 7.607706085911325466e-01
6.456613448363019415e+03 7.770371927255449451e-01
6.476634143843068159e+03 7.277400505286661936e-01
6.496654839323115084e+03 1.162698935298619451e+00
6.516675534803163828e+03 2.076699282571743854e+00
6.536696230283212572e+03 2.488999893658707219e+00
6.556716925763261315e+03 3.444187161089038440e+00
6.576737621243310059e+03 3.141872444871889769e+00
6.596758316723356984e+03 2.267409510787261606e+00
6.616779012203405728e+03 1.724869735377901891e+00
6.636799707683454471e+03 1.431916421073726964e+00
6.656820403163503215e+03 1.302123477223901427e+00
6.676841098643550140e+03 1.332154239606066826e+00
6.696861794123598884e+03 1.236421238447294346e+00
6.716882489603647628e+03 1.141959165105392637e+00
6.736903185083696371e+03 1.039514954516690626e+00
6.756923880563745115e+03 1.009682871211651900e+00
6.776944576043792040e+03 1.001089793495684388e+00
6.796965271523840784e+03 9.978886887551181584e-01
6.816985967003889527e+03 1.082791465487855653e+00
6.837006662483938271e+03 7.153343739223051445e-01
6.857027357963985196e+03 9.175861677928549565e-01
6.877048053444033940e+03 8.648943171843408440e-01
6.897068748924082684e+03 1.008777095790595268e+00
6.917089444404131427e+03 9.071833386969222479e-01
6.937110139884180171e+03 8.788368267449350180e-01
6.957130835364227096e+03 9.841875839626440525e-01
6.977151530844275840e+03 1.040805860977406905e+00
6.997172226324324583e+03 9.703308949044777698e-01
7.017192921804373327e+03 9.883611595738691635e-01
7.037213617284420252e+03 1.009065840255216173e+00
7.057234312764468996e+03 1.113283213160213725e+00
7.077255008244517740e+03 1.035900319532569558e+00
7.097275703724566483e+03 1.010340689976768402e+00
7.117296399204615227e+03 1.020087684329952227e+00
7.137317094684662152e+03 9.830245777345786307e-01
7.157337790164710896e+03 8.857776636939279635e-01
7.177358485644759639e+03 1.002763743158568754e+00
7.197379181124808383e+03 1.201560189050108640e+00
7.217399876604855308e+03 1.084701386927375610e+00
7.237420572084904052e+03 8.959590551305713912e-01
7.257441267564952796e+03 1.192811619348559615e+00
7.277461963045001539e+03 1.276890034787409256e+00
7.297482658525049374e+03 1.455932192851910667e+00
7.317503354005097208e+03 1.228727603429825344e+00
7.337524049485145952e+03 1.237592580645308526e+00
7.357544744965194695e+03 1.231994388538782292e+00
7.377565440445242530e+03 1.166736497717510757e+00
7.397586135925290364e+03 1.437714241973513163e+00
7.417606831405339108e+03 1.221139582998409079e+00
7.437627526885387852e+03 1.574531963067515417e+00
7.457648222365436595e+03 1.530094125366289859e+00
