3.900487659399112999e+03 1.934319670075420605e+00
3.920504700572599631e+03 1.835689876095289330e+00
3.940521741746086263e+03 1.834192006063839253e+00
3.960538782919572441e+03 1.845878266552548386e+00
3.980555824093059073e+03 1.947817057437571719e+00
4.000572865266545705e+03 1.960760469833526809e+00
4.020589906440031882e+03 1.910618934453840456e+00
4.040606947613518514e+03 1.887435149471629492e+00
4.060623988787005146e+03 1.868189557226427544e+00
4.080641029960491323e+03 1.846731204269271620e+00
4.100658071133977501e+03 1.841924223800315730e+00
4.120675112307464588e+03 1.874970118721910772e+00
4.140692153480951674e+03 1.855606956508544902e+00
4.160709194654436942e+03 1.826605201091334729e+00
4.180726235827924029e+03 1.790871433502937426e+00
4.200743277001411116e+03 1.770657634165168304e+00
4.220760318174896383e+03 1.771747801632690633e+00
4.240777359348383470e+03 1.743655057546679377e+00
4.260794400521870557e+03 1.676171571025603990e+00
4.280811441695355825e+03 1.654535727790060307e+00
4.300828482868842912e+03 1.673402135235301680e+00
4.320845524042329998e+03 1.664725106268488020e+00
4.340862565215815266e+03 1.699341026706868485e+00
4.360879606389302353e+03 1.702318976400728046e+00
4.380896647562789440e+03 1.632419481357090030e+00
4.400913688736274707e+03 1.601525224445400575e+00
4.420930729909761794e+03 1.566834459906506716e+00
4.440947771083248881e+03 1.573389423474708337e+00
4.460964812256734149e+03 1.591008952756214345e+00
4.480981853430221236e+03 1.574787982408708320e+00
4.500998894603708322e+03 1.567820942157165831e+00
4.521015935777193590e+03 1.558889398458311426e+00
4.541032976950680677e+03 1.540641029032310483e+00
4.561050018124167764e+03 1.528016090230116975e+00
4.581067059297653032e+03 1.510326942462117072e+00
4.601084100471140118e+03 1.510334535255096755e+00
4.621101141644627205e+03 1.526127166210588859e+00
4.641118182818112473e+03 1.506727240028943537e+00
4.661135223991599560e+03 1.489479252694680511e+00
4.681152265165086646e+03 1.458889494565825284e+00
4.701169306338571914e+03 1.432490463312796392e+00
4.721186347512059001e+03 1.405903272589881903e+00
4.741203388685546088e+03 1.359891054917716557e+00
4.761220429859031356e+03 1.339366454060379574e+00
4.781237471032518442e+03 1.324585190554897096e+00
4.801254512206005529e+03 1.309178793601063484e+00
4.821271553379490797e+03 1.308844866398145790e+00
4.841288594552977884e+03 1.284496267332372543e+00
4.861305635726464971e+03 1.324048060092142487e+00
4.881322676899950238e+03 1.318344354604677582e+00
4.901339718073437325e+03 1.292125395538930466e+00
4.921356759246923502e+03 1.274032060286920176e+00
4.941373800420409680e+03 1.253966206640118486e+00
4.961390841593896766e+03 1.249168517043190096e+00
4.981407882767383853e+03 1.246873121833510067e+00
5.001424923940869121e+03 1.229730170131466904e+00
5.021441965114356208e+03 1.228239446786468791e+00
5.041459006287843295e+03 1.202886598573984278e+00
5.061476047461328562e+03 1.180311788403015205e+00
5.081493088634815649e+03 1.162786340772614890e+00
5.101510129808302736e+03 1.152991242620480916e+00
5.121527170981788004e+03 1.132736186872000506e+00
5.141544212155275090e+03 1.141660505082229715e+00
5.161561253328762177e+03 1.121255311074108585e+00
5.181578294502247445e+03 1.116893643721800222e+00
5.201595335675734532e+03 1.114513585517113770e+00
5.221612376849221619e+03 1.104164470003693888e+00
5.241629418022706886e+03 1.096721601751415198e+00
5.261646459196193973e+03 1.095285438132942657e+00
5.281663500369681060e+03 1.093823952310362113e+00
5.301680541543166328e+03 1.076713933569426684e+00
5.321697582716653415e+03 1.055729423828180247e+00
5.341714623890140501e+03 1.027383847999398414e+00
5.361731665063625769e+03 1.004751737391063271e+00
5.381748706237112856e+03 9.953928812434095219e-01
5.401765747410599943e+03 9.922568661266137902e-01
5.421782788584085210e+03 1.004535002193302162e+00
5.441799829757572297e+03 9.981154818363223713e-01
5.461816870931059384e+03 1.000000000000000000e+00
5.481833912104544652e+03 1.004031491635827500e+00
5.501850953278031739e+03 1.015131795691557759e+00
5.521867994451518825e+03 9.940300713104875951e-01
5.541885035625004093e+03 1.005242880438471653e+00
5.561902076798491180e+03 1.010931298543856327e+00
5.581919117971978267e+03 9.787919609483974881e-01
5.601936159145463535e+03 9.786243020195563025e-01
5.621953200318950621e+03 9.623243905770914042e-01
5.641970241492437708e+03 9.448362661948311869e-01
5.661987282665922976e+03 9.389190583148689928e-01
5.682004323839410063e+03 9.185907576230450955e-01
5.702021365012897149e+03 9.071890668715211214e-01
5.722038406186382417e+03 8.950771968034665349e-01
5.742055447359869504e+03 8.730983216002377034e-01
5.762072488533356591e+03 8.463857320689406327e-01
5.782089529706841859e+03 8.336129867370642987e-01
5.802106570880328945e+03 8.330965720243285189e-01
5.822123612053816032e+03 8.344009006848875920e-01
5.842140653227301300e+03 8.297277191204083246e-01
5.862157694400788387e+03 7.975704804975385365e-01
5.882174735574274564e+03 8.171932994643871240e-01
5.902191776747760741e+03 7.921148551494650025e-01
5.922208817921247828e+03 7.974429873237993682e-01
5.942225859094733096e+03 7.943290375340590348e-01
5.962242900268220183e+03 7.763187709102893352e-01
5.982259941441707269e+03 7.612584121432161011e-01
6.002276982615193447e+03 7.565975974900025491e-01
6.022294023788679624e+03 7.410842264662962364e-01
6.042311064962166711e+03 7.327532349676825207e-01
6.062328106135652888e+03 7.317997526240502815e-01
6.082345147309139065e+03 7.203555004355512992e-01
6.102362188482626152e+03 7.135793143768416336e-01
6.122379229656112329e+03 6.985117535941316458e-01
6.142396270829598507e+03 6.913503995187846307e-01
6.162413312003085593e+03 6.776077346440770865e-01
6.182430353176571771e+03 6.692689734667544021e-01
6.202447394350057948e+03 6.573868170628895946e-01
6.222464435523545035e+03 6.364900331223917185e-01
6.242481476697031212e+03 6.368214633263564739e-01
6.262498517870517389e+03 6.144512276688464114e-01
6.282515559044004476e+03 6.147554012430163084e-01
6.302532600217490653e+03 6.298489545273464607e-01
6.322549641390976831e+03 6.210499418922295067e-01
6.342566682564463918e+03 6.337884723504416673e-01
6.362583723737950095e+03 6.255902374837920554e-01
6.382600764911436272e+03 6.208049949775440446e-01
6.402617806084923359e+03 6.110752005336416159e-01
6.422634847258409536e+03 5.947586465033340986e-01
6.442651888431895713e+03 5.723019849216534061e-01
6.462668929605382800e+03 5.596061823670130941e-01
6.482685970778868978e+03 5.519092908783150842e-01
6.502703011952355155e+03 5.282829757057483366e-01
6.522720053125842242e+03 5.263726652195269695e-01
6.542737094299328419e+03 5.153057472972809583e-01
6.562754135472814596e+03 5.935977737260327292e-01
6.582771176646301683e+03 5.900271409115583898e-01
6.602788217819787860e+03 5.648644175526440492e-01
6.622805258993274037e+03 5.516285266992706493e-01
6.642822300166761124e+03 5.465455140738662010e-01
6.662839341340247302e+03 5.321217886029846467e-01
6.682856382513733479e+03 5.563773396674350780e-01
6.702873423687220566e+03 5.532742346375603137e-01
6.722890464860706743e+03 5.457859892676170110e-01
6.742907506034192920e+03 5.428298008298124699e-01
6.762924547207680007e+03 5.239026991244315479e-01
6.782941588381166184e+03 5.194726562162590433e-01
6.802958629554652362e+03 5.134672270279621031e-01
6.822975670728139448e+03 5.033045596120043763e-01
6.842992711901625626e+03 4.448158216416522315e-01
6.863009753075111803e+03 4.264486323707691318e-01
6.883026794248598890e+03 4.510860824191513241e-01
6.903043835422085067e+03 4.769698082976358555e-01
6.923060876595571244e+03 4.799083095996426462e-01
6.943077917769058331e+03 4.828610647537067146e-01
6.963094958942544508e+03 4.771327201141028485e-01
6.983112000116030686e+03 4.760957390236813525e-01
7.003129041289517772e+03 4.687114938397732300e-01
7.023146082463003950e+03 4.580594759462067733e-01
7.043163123636490127e+03 4.548022096740140241e-01
7.063180164809977214e+03 4.576506732057380455e-01
