3.496951508171632668e+03 1.007954871824036980e+00
3.517010339574897444e+03 5.078088521746547679e-01
3.537069170978163129e+03 3.997911364508835996e-01
3.557128002381428814e+03 1.996812307167332157e-01
3.577186833784693590e+03 1.649096085763439301e-01
3.597245665187959275e+03 2.965285143531485867e-01
3.617304496591224051e+03 2.584723813856937835e-01
3.637363327994489737e+03 5.731278347290745812e-01
3.657422159397754967e+03 7.410047559467105582e-01
3.677480990801020198e+03 7.920849387911790274e-01
3.697539822204285883e+03 7.942729586396144459e-01
3.717598653607550659e+03 7.888828857008801654e-01
3.737657485010816345e+03 8.813856937710603523e-01
3.757716316414081120e+03 7.551777970511709404e-01
3.777775147817346806e+03 9.687535012014274471e-01
3.797833979220612491e+03 1.032801103322764646e+00
3.817892810623877267e+03 8.608992222711957520e-01
3.837951642027142952e+03 9.211721382565792871e-01
3.858010473430407728e+03 9.706908563547693714e-01
3.878069304833673414e+03 7.273881392802808987e-01
3.898128136236938644e+03 7.568371177114583404e-01
3.918186967640203875e+03 9.905805240783132071e-01
3.938245799043469560e+03 1.011201000952611118e+00
3.958304630446734336e+03 9.250721567400792544e-01
3.978363461850000022e+03 7.298558287006099432e-01
3.998422293253265252e+03 8.990431234271251126e-01
4.018481124656530483e+03 1.090776733539021270e+00
4.038539956059796168e+03 1.254506419461703493e+00
4.058598787463060944e+03 1.036924345613012388e+00
4.078657618866326629e+03 1.300243129114355911e+00
4.098716450269592315e+03 1.379434973625467409e+00
4.118775281672857091e+03 1.285160593178166666e+00
4.138834113076121866e+03 1.406151806406665372e+00
4.158892944479387552e+03 1.444113005274906714e+00
4.178951775882653237e+03 1.255761875648699677e+00
4.199010607285918013e+03 1.119353646225811350e+00
4.219069438689183698e+03 1.099853553808311846e+00
4.239128270092449384e+03 1.615564528741842532e+00
4.259187101495714160e+03 2.133605846473205947e+00
4.279245932898978936e+03 1.932966033014374085e+00
4.299304764302245530e+03 1.459984999928909621e+00
4.319363595705510306e+03 1.281896122730439069e+00
4.339422427108775082e+03 1.172506504770164604e+00
4.359481258512040768e+03 9.996374390399955789e-01
4.379540089915306453e+03 9.281134033810585215e-01
4.399598921318571229e+03 1.100308532267925354e+00
4.419657752721836005e+03 1.115147939089758733e+00
4.439716584125102600e+03 1.030773605562111506e+00
4.459775415528367375e+03 9.968915729458431851e-01
4.479834246931632151e+03 1.000362560960004643e+00
4.499893078334897837e+03 5.928868383262478892e-01
4.519951909738163522e+03 5.298966345812065049e-01
4.540010741141428298e+03 1.000733652766126802e+00
4.560069572544693074e+03 1.518497717998663177e+00
4.580128403947959669e+03 1.609918530419575333e+00
4.600187235351224444e+03 1.753745752349537446e+00
4.620246066754489220e+03 1.824150825359361461e+00
4.640304898157755815e+03 1.360972089915118088e+00
4.660363729561020591e+03 9.930686875293247562e-01
4.680422560964285367e+03 1.239541893563476549e+00
4.700481392367551052e+03 1.736706809037009469e+00
4.720540223770816738e+03 1.739469736823397117e+00
4.740599055174081514e+03 1.435738558002644272e+00
4.760657886577346289e+03 1.113430395404717332e+00
4.780716717980612884e+03 1.118345584576230012e+00
4.800775549383877660e+03 1.288937980748723788e+00
4.820834380787142436e+03 1.449144782676694998e+00
4.840893212190408121e+03 2.015008601936501886e+00
4.860952043593673807e+03 2.273033995421778641e+00
4.881010874996938583e+03 2.103534258456201123e+00
4.901069706400203358e+03 2.040835738558002710e+00
4.921128537803469953e+03 2.078842079820283129e+00
4.941187369206734729e+03 2.400750714458362189e+00
4.961246200609999505e+03 2.594903885800406762e+00
4.981305032013266100e+03 2.151533419589666263e+00
5.001363863416530876e+03 1.951749534357982707e+00
5.021422694819795652e+03 2.042802098588144766e+00
5.041481526223060428e+03 1.792272119773079320e+00
5.061540357626327022e+03 1.592876743491675073e+00
5.081599189029591798e+03 1.526108654543386622e+00
5.101658020432856574e+03 1.432917691553040607e+00
5.121716851836123169e+03 1.311361665221162154e+00
5.141775683239387945e+03 1.201013748880326304e+00
5.161834514642652721e+03 1.109446490267726348e+00
5.181893346045918406e+03 1.132488305631780268e+00
5.201952177449184092e+03 1.370117867857193472e+00
5.222011008852448867e+03 1.466379935449930949e+00
5.242069840255713643e+03 1.184368646296901639e+00
5.262128671658980238e+03 9.494732202522286890e-01
5.282187503062245014e+03 8.158918999616112666e-01
5.302246334465509790e+03 7.144141441428633055e-01
5.322305165868776385e+03 7.861046734818646353e-01
5.342363997272041161e+03 9.841880767207428216e-01
5.362422828675305936e+03 1.074197034109166449e+00
5.382481660078570712e+03 1.105338887862027830e+00
5.402540491481837307e+03 9.940994981018866916e-01
5.422599322885102083e+03 7.079092317973070259e-01
5.442658154288366859e+03 6.043397125104857937e-01
5.462716985691633454e+03 3.568856724439452011e-01
5.482775817094898230e+03 1.671670481850624779e-01
5.502834648498163006e+03 1.917377333541865070e-01
5.522893479901428691e+03 2.850947634822913468e-01
5.542952311304694376e+03 5.552692192853995179e-01
5.563011142707959152e+03 1.077721695363485166e+00
5.583069974111223928e+03 1.423965990360143818e+00
5.603128805514490523e+03 1.383563903146460383e+00
5.623187636917755299e+03 1.104461987971506964e+00
5.643246468321020075e+03 9.178507955014005848e-01
5.663305299724286670e+03 7.231554177981887044e-01
5.683364131127551445e+03 6.438468428760325546e-01
5.703422962530816221e+03 5.665118081128346361e-01
5.723481793934080997e+03 4.250142891672472056e-01
5.743540625337347592e+03 4.414283480016492067e-01
5.763599456740612368e+03 4.994024142294513080e-01
5.783658288143877144e+03 5.562914990118436043e-01
5.803717119547143739e+03 7.055837231456073555e-01
5.823775950950408514e+03 9.606173488973883678e-01
5.843834782353673290e+03 9.028521462187026891e-01
5.863893613756938066e+03 8.127550367537286213e-01
5.883952445160204661e+03 7.988213214280635022e-01
5.904011276563469437e+03 7.796610410475878217e-01
5.924070107966734213e+03 9.937227190650190778e-01
5.944128939370000808e+03 1.380340665121635668e+00
5.964187770773265584e+03 2.795571069057199320e+00
5.984246602176530359e+03 4.598610893890491269e+00
6.004305433579796045e+03 3.708729899193834001e+00
6.024364264983061730e+03 2.823893122716221171e+00
6.044423096386326506e+03 2.727298707576812919e+00
6.064481927789591282e+03 2.123065986094720525e+00
6.084540759192857877e+03 1.537174583765799962e+00
6.104599590596122653e+03 1.209402058777529598e+00
6.124658421999387429e+03 1.111075881876217197e+00
6.144717253402654023e+03 8.307770179005588007e-01
6.164776084805918799e+03 5.205618983976227909e-01
6.184834916209183575e+03 7.099727368376151926e-01
6.204893747612448351e+03 1.858383689022222951e+00
6.224952579015714946e+03 6.269506490552086753e+00
6.245011410418979722e+03 1.140018199138384425e+01
6.265070241822244498e+03 1.108336413916653740e+01
6.285129073225511092e+03 6.794292863947221761e+00
6.305187904628775868e+03 3.262414513812861294e+00
6.325246736032040644e+03 1.706375385665334532e+00
6.345305567435306330e+03 1.107659278006057013e+00
6.365364398838572015e+03 9.097081028820039883e-01
6.385423230241836791e+03 7.306892923663146355e-01
6.405482061645101567e+03 6.305286280977635549e-01
6.425540893048368162e+03 6.017148422504372540e-01
6.445599724451632937e+03 5.346732685936900209e-01
6.465658555854897713e+03 4.698281034507272858e-01
6.485717387258164308e+03 3.912021383987601131e-01
6.505776218661429084e+03 3.424234712012853010e-01
6.525835050064693860e+03 3.182542334323859579e-01
6.545893881467958636e+03 2.994446419177341778e-01
6.565952712871225231e+03 2.705380120284930356e-01
6.586011544274490007e+03 2.688962506931312224e-01
6.606070375677754782e+03 2.669488362504087720e-01
6.626129207081021377e+03 2.984398504258313767e-01
6.646188038484286153e+03 3.220890620334693755e-01
6.666246869887550929e+03 3.657229181180953193e-01
6.686305701290816614e+03 4.224043123427125290e-01
6.706364532694082300e+03 4.239288811795316469e-01
6.726423364097347076e+03 4.759195541211095337e-01
6.746482195500611851e+03 5.422207214252200425e-01
6.766541026903878446e+03 5.689313693429826069e-01
6.786599858307143222e+03 5.841371760055734663e-01
6.806658689710407998e+03 7.808832269347248944e-01
6.826717521113674593e+03 1.370353887933118076e+00
6.846776352516939369e+03 1.788534542817738382e+00
6.866835183920204145e+03 1.559781325977847910e+00
6.886894015323468921e+03 1.011593419874027733e+00
6.906952846726735515e+03 8.237342357072783283e-01
6.927011678130000291e+03 8.777298707576812742e-01
6.947070509533265067e+03 2.017957431077872510e+00
6.967129340936531662e+03 7.412772098445963742e+00
6.987188172339796438e+03 1.087645913013805732e+01
7.007247003743061214e+03 1.173041104460210704e+01
7.027305835146325990e+03 8.347484111299106502e+00
7.047364666549592584e+03 4.315611448395490157e+00
7.067423497952857360e+03 2.429129995876757597e+00
7.087482329356122136e+03 1.860378485206090948e+00
7.107541160759388731e+03 1.510434646609699616e+00
7.127599992162653507e+03 1.198285299930331504e+00
7.147658823565918283e+03 1.021392518447954867e+00
7.167717654969183968e+03 7.474937085009881743e-01
7.187776486372449654e+03 5.223095844056132586e-01
7.207835317775714429e+03 3.563197929848008205e-01
7.227894149178979205e+03 3.102500959720188023e-01
7.247952980582245800e+03 2.712267001265408761e-01
7.268011811985510576e+03 2.092699017530888494e-01
7.288070643388775352e+03 9.529026203915658133e-02
7.308129474792041947e+03 1.287237854207839982e-01
7.328188306195306723e+03 1.209467817383020755e-01
7.348247137598571499e+03 2.674853909260233586e-01
7.368305969001836274e+03 6.328757482262948875e-01
7.388364800405102869e+03 7.520751283181436042e-01
7.408423631808367645e+03 7.950228200133651058e-01
