3.496960410581515134e+03 7.049147512498367130e-01
3.517037046804545298e+03 5.768672235456883124e-01
3.537113683027575462e+03 3.307043275082579004e-01
3.557190319250606080e+03 2.989028279183856412e-02
3.577266955473636244e+03 1.811624284418071884e-01
3.597343591696666408e+03 9.677614591267882926e-02
3.617420227919697027e+03 2.100228086720070386e-01
3.637496864142726736e+03 4.490779799583518583e-01
3.657573500365757354e+03 2.185179645955154792e-01
3.677650136588787973e+03 4.272529006991089284e-01
3.697726772811817682e+03 4.926754536569903364e-01
3.717803409034848301e+03 5.303974991129960515e-01
3.737880045257878919e+03 2.793635773706562575e-01
3.757956681480908628e+03 3.921603845849071512e-01
3.778033317703939247e+03 2.302398729853231962e-01
3.798109953926969865e+03 1.942369374842498608e-01
3.818186590149999574e+03 3.823731084686208259e-01
3.838263226373030193e+03 3.831482820679577017e-01
3.858339862596060357e+03 3.350229121855419212e-01
3.878416498819090521e+03 4.156756613979466497e-01
3.898493135042121139e+03 1.795923779771741724e-01
3.918569771265151303e+03 2.629081021114619277e-01
3.938646407488181467e+03 3.217651841862729234e-01
3.958723043711212085e+03 4.463360848896652522e-01
3.978799679934242249e+03 3.465129859514285426e-01
3.998876316157272413e+03 2.869058233859205775e-01
4.018952952380303032e+03 1.791185929583668512e-01
4.039029588603333195e+03 2.245899614715483883e-01
4.059106224826363359e+03 2.904536248655216202e-01
4.079182861049393978e+03 3.352557819448122589e-01
4.099259497272423687e+03 3.867669724718246771e-01
4.119336133495454305e+03 3.461980906393067325e-01
4.139412769718484924e+03 4.570856085489329312e-01
4.159489405941514633e+03 4.844123608010662552e-01
4.179566042164545252e+03 3.856775817524912275e-01
4.199642678387575870e+03 3.525139868202284421e-01
4.219719314610605579e+03 3.750105476722661590e-01
4.239795950833636198e+03 4.475541536412135368e-01
4.259872587056666816e+03 4.575786542241017107e-01
4.279949223279696525e+03 6.805062597133172408e-01
4.300025859502727144e+03 8.300172118022562939e-01
4.320102495725757763e+03 1.020643454410854467e+00
4.340179131948787472e+03 8.059992161526803311e-01
4.360255768171818090e+03 9.703829929403769983e-01
4.380332404394848709e+03 1.015270031118310046e+00
4.400409040617878418e+03 9.712835606942687994e-01
4.420485676840909036e+03 8.842383152850941119e-01
4.440562313063939655e+03 8.576503284234601177e-01
4.460638949286969364e+03 8.478572341326242601e-01
4.480715585509999983e+03 7.383913140008122600e-01
4.500792221733030601e+03 4.133922242060332763e-01
4.520868857956060310e+03 2.868317219726395084e-01
4.540945494179090929e+03 3.091339629335878580e-01
4.561022130402121547e+03 6.447476161546791262e-01
4.581098766625151256e+03 1.036211890064342445e+00
4.601175402848181875e+03 1.043343615677802871e+00
4.621252039071212494e+03 8.837143226324134515e-01
4.641328675294242203e+03 1.144700856592348659e+00
4.661405311517271912e+03 1.233103200138779387e+00
4.681481947740303440e+03 8.769481068802233992e-01
4.701558583963333149e+03 8.192717929900632523e-01
4.721635220186362858e+03 9.652119564557820608e-01
4.741711856409393476e+03 1.242061047285696329e+00
4.761788492632424095e+03 1.347626291866762971e+00
4.781865128855453804e+03 1.116752559104443598e+00
4.801941765078484423e+03 9.478573769099137847e-01
4.822018401301515041e+03 7.712299478220395743e-01
4.842095037524544750e+03 5.363250410663178425e-01
4.862171673747575369e+03 5.002320844841777747e-01
4.882248309970605987e+03 6.762098055159150300e-01
4.902324946193635697e+03 9.104229563037243844e-01
4.922401582416666315e+03 9.647347233654319787e-01
4.942478218639696934e+03 9.073796583767792523e-01
4.962554854862726643e+03 9.836098810451011643e-01
4.982631491085757261e+03 1.074090348041059739e+00
5.002708127308787880e+03 1.055586768257467334e+00
5.022784763531817589e+03 9.780287167962488093e-01
5.042861399754848208e+03 1.058412330817835478e+00
5.062938035977878826e+03 1.040621566652365271e+00
5.083014672200908535e+03 1.004068438865977075e+00
5.103091308423939154e+03 9.862084277150705569e-01
5.123167944646969772e+03 1.017619431417999598e+00
5.143244580869999481e+03 1.137526297792020413e+00
5.163321217093030100e+03 1.287892557234061153e+00
5.183397853316060718e+03 1.242406568326428706e+00
5.203474489539090428e+03 1.189404782896422708e+00
5.223551125762121046e+03 1.266882522132264599e+00
5.243627761985151665e+03 1.440425818988380069e+00
5.263704398208181374e+03 1.667376031833624150e+00
5.283781034431211992e+03 1.467152299820885908e+00
5.303857670654242611e+03 1.284188914342906607e+00
5.323934306877272320e+03 1.195070185746114788e+00
5.344010943100302939e+03 1.007476532767744848e+00
5.364087579323333557e+03 1.006504219425849556e+00
5.384164215546363266e+03 1.070617290472542837e+00
5.404240851769393885e+03 1.174189007148144892e+00
5.424317487992424503e+03 1.149348614310710337e+00
5.444394124215454212e+03 1.066165137640876504e+00
5.464470760438484831e+03 8.766543426069561828e-01
5.484547396661515450e+03 5.006124431835623501e-01
5.504624032884545159e+03 2.479666015364263565e-01
5.524700669107575777e+03 1.911104003974919696e-01
5.544777305330605486e+03 3.574153883934914067e-01
5.564853941553636105e+03 5.524867163579226803e-01
5.584930577776666723e+03 9.239789460608816007e-01
5.605007213999696432e+03 1.576027121973924583e+00
5.625083850222727051e+03 1.890482680043946706e+00
5.645160486445757670e+03 1.752220008381026428e+00
5.665237122668787379e+03 1.523713523079591736e+00
5.685313758891817997e+03 1.373705991577567342e+00
5.705390395114848616e+03 1.458075947523634674e+00
5.725467031337878325e+03 1.373042791067567325e+00
5.745543667560908943e+03 1.251645686733776630e+00
5.765620303783938652e+03 1.093559816188517164e+00
5.785696940006969271e+03 9.959315611340228136e-01
5.805773576229999890e+03 9.586602635811543038e-01
5.825850212453029599e+03 1.006131570700101285e+00
5.845926848676060217e+03 1.228195944696644837e+00
5.866003484899090836e+03 1.476242929847092711e+00
5.886080121122120545e+03 1.602437708053281451e+00
5.906156757345151163e+03 1.457336361163720673e+00
5.926233393568181782e+03 1.334375131622813626e+00
5.946310029791211491e+03 1.268758972660290807e+00
5.966386666014242110e+03 1.423600229300326925e+00
5.986463302237272728e+03 1.634260267293363711e+00
6.006539938460302437e+03 1.884010585508247848e+00
6.026616574683333056e+03 1.896243743677642701e+00
6.046693210906363674e+03 1.842237520015591157e+00
6.066769847129393384e+03 1.812190753314396163e+00
6.086846483352424002e+03 1.486864132417369477e+00
6.106923119575454621e+03 1.211632351334931856e+00
6.126999755798484330e+03 9.723847305399908603e-01
6.147076392021514948e+03 7.159877011642773459e-01
6.167153028244545567e+03 5.318709607412425155e-01
6.187229664467575276e+03 5.208701133580289078e-01
6.207306300690605894e+03 1.071826257171881736e+00
6.227382936913636513e+03 2.177665991092124553e+00
6.247459573136666222e+03 4.539385472268010702e+00
6.267536209359696841e+03 8.965899786048231235e+00
6.287612845582727459e+03 1.183492375335794300e+01
6.307689481805757168e+03 1.013627735345160374e+01
6.327766118028787787e+03 6.888702961129595792e+00
6.347842754251818405e+03 4.364697458492857507e+00
6.367919390474848115e+03 2.885514744253749431e+00
6.387996026697878733e+03 2.122844866049915957e+00
6.408072662920908442e+03 1.792111983083746640e+00
6.428149299143939061e+03 1.527013106241295048e+00
6.448225935366969679e+03 1.316656469988570555e+00
6.468302571589999388e+03 1.190159360871740901e+00
6.488379207813030007e+03 1.121194360582616900e+00
6.508455844036060626e+03 1.049647233011822500e+00
6.528532480259090335e+03 9.829845165168337173e-01
6.548609116482120953e+03 9.819668713855035369e-01
6.568685752705151572e+03 9.589465320467194243e-01
6.588762388928181281e+03 7.973997400025556459e-01
6.608839025151211899e+03 7.500890573343622636e-01
6.628915661374242518e+03 7.129824890793220460e-01
6.648992297597272227e+03 8.410895906075387396e-01
6.669068933820302846e+03 8.211164755711626295e-01
6.689145570043332555e+03 8.612654493950883117e-01
6.709222206266363173e+03 9.153237867678291062e-01
6.729298842489393792e+03 9.878089611310245655e-01
6.749375478712423501e+03 1.011909767608544675e+00
6.769452114935454119e+03 1.108081694309539511e+00
6.789528751158484738e+03 1.215707572122163072e+00
6.809605387381514447e+03 1.181821881047956824e+00
6.829682023604545066e+03 1.096615250185075219e+00
6.849758659827575684e+03 1.096499600580532308e+00
6.869835296050605393e+03 1.248451758766347064e+00
6.889911932273636012e+03 1.216960442838041168e+00
6.909988568496666630e+03 1.138677439689088189e+00
6.930065204719696339e+03 1.230950118612233135e+00
6.950141840942726958e+03 1.336908000739586155e+00
6.970218477165757577e+03 1.600030126008096909e+00
6.990295113388787286e+03 2.499556319572695529e+00
7.010371749611817904e+03 3.524882869081077619e+00
7.030448385834848523e+03 3.985790804143111821e+00
7.050525022057878232e+03 3.583656426441496734e+00
7.070601658280908850e+03 2.746798040810031871e+00
7.090678294503939469e+03 1.968658957168954560e+00
7.110754930726969178e+03 1.538560933420808352e+00
7.130831566949999797e+03 1.276486079571211185e+00
7.150908203173030415e+03 1.222019399150332308e+00
7.170984839396060124e+03 1.203308435353655614e+00
7.191061475619090743e+03 1.145820587485713249e+00
7.211138111842121361e+03 1.077823974163021559e+00
7.231214748065151070e+03 9.500515069072081875e-01
7.251291384288181689e+03 7.543001307126084853e-01
7.271368020511212308e+03 5.355036433194861889e-01
7.291444656734242017e+03 3.790165928627060032e-01
7.311521292957272635e+03 2.143296998892761929e-01
7.331597929180302344e+03 1.926456845921174499e-01
7.351674565403332963e+03 3.420227115834501008e-01
7.371751201626363581e+03 6.685908880961576317e-01
7.391827837849393291e+03 1.075739782678687639e+00
7.411904474072423909e+03 1.459586531247166530e+00
7.431981110295454528e+03 1.449243744391529365e+00
7.452057746518485146e+03 1.008827205926970727e+00
