3.501028952245481378e+03 5.980587394988507999e-01
3.521052020256444848e+03 6.979324846896195478e-01
3.541075088267407409e+03 5.671505844182397338e-01
3.561098156278370425e+03 7.764979179893171102e-01
3.581121224289333441e+03 7.057053283801575372e-01
3.601144292300296001e+03 6.954557635269013049e-01
3.621167360311259472e+03 7.973320175936585708e-01
3.641190428322222033e+03 7.716598446653488708e-01
3.661213496333185503e+03 7.207398511260127982e-01
3.681236564344148064e+03 6.254207827318419843e-01
3.701259632355111535e+03 9.242673325932964090e-01
3.721282700366074096e+03 9.309910037308736230e-01
3.741305768377037111e+03 6.109025933809263398e-01
3.761328836388000127e+03 9.231130714449384822e-01
3.781351904398962688e+03 1.244650476473976086e+00
3.801374972409926158e+03 1.032084918895592063e+00
3.821398040420888719e+03 9.818207581502487180e-01
3.841421108431852190e+03 9.675575514265891686e-01
3.861444176442814751e+03 1.042804698099883964e+00
3.881467244453777766e+03 9.447616076636086158e-01
3.901490312464740782e+03 1.075512095583103678e+00
3.921513380475703343e+03 9.572637237138583721e-01
3.941536448486666814e+03 1.125029670394189774e+00
3.961559516497629374e+03 8.931671623726169518e-01
3.981582584508592845e+03 1.502963955297139220e+00
4.001605652519555406e+03 1.226039800249425493e+00
4.021628720530518422e+03 1.368300916166943937e+00
4.041651788541481437e+03 1.359123940347144233e+00
4.061674856552444453e+03 1.317705326552529810e+00
4.081697924563407469e+03 1.356822271654475998e+00
4.101720992574370030e+03 1.342967368391954963e+00
4.121744060585333500e+03 1.374016250809011019e+00
4.141767128596296970e+03 1.356856539674714313e+00
4.161790196607258622e+03 1.396441814386582880e+00
4.181813264618222092e+03 1.506744860196757907e+00
4.201836332629185563e+03 1.454451861313210026e+00
4.221859400640148124e+03 1.433545513299532947e+00
4.241882468651110685e+03 1.315850855523970742e+00
4.261905536662074155e+03 1.276847223342278737e+00
4.281928604673037626e+03 1.198237298729638578e+00
4.301951672683999277e+03 1.297432936913260004e+00
4.321974740694962748e+03 1.172864685411578289e+00
4.341997808705926218e+03 1.351417348162400334e+00
4.362020876716888779e+03 1.393754630466234934e+00
4.382043944727851340e+03 1.476074982083536824e+00
4.402067012738814810e+03 1.265092492813425062e+00
4.422090080749778281e+03 1.446914610261810230e+00
4.442113148760739932e+03 1.420880624153151750e+00
4.462136216771703403e+03 1.315489327910457362e+00
4.482159284782666873e+03 1.358984012597838076e+00
4.502182352793629434e+03 1.425558208915670866e+00
4.522205420804591995e+03 1.402752841447124865e+00
4.542228488815555465e+03 1.297821307809293501e+00
4.562251556826518936e+03 1.436629635120973969e+00
4.582274624837480587e+03 1.409912002008562704e+00
4.602297692848444058e+03 1.563886783944016035e+00
4.622320760859407528e+03 1.511913619916025020e+00
4.642343828870370999e+03 1.727173900379209925e+00
4.662366896881332650e+03 1.615340216331727197e+00
4.682389964892296121e+03 1.426763300960715242e+00
4.702413032903259591e+03 1.436212707541408840e+00
4.722436100914221242e+03 1.596275203272184973e+00
4.742459168925184713e+03 1.473896107130055588e+00
4.762482236936148183e+03 1.399240369372705572e+00
4.782505304947111654e+03 1.326617867482824176e+00
4.802528372958073305e+03 1.484881863284763348e+00
4.822551440969036776e+03 1.490918746183399257e+00
4.842574508980000246e+03 1.245803024221322053e+00
4.862597576990962807e+03 1.450294293757806274e+00
4.882620645001925368e+03 1.595128366861545022e+00
4.902643713012888838e+03 1.537254820882200335e+00
4.922666781023852309e+03 1.518575894184008845e+00
4.942689849034813960e+03 1.414341143624354924e+00
4.962712917045777431e+03 1.290704696706317822e+00
4.982735985056740901e+03 1.360269063356771779e+00
5.002759053067703462e+03 1.325498445488375365e+00
5.022782121078666023e+03 1.510165950883875174e+00
5.042805189089629494e+03 1.438610326690743957e+00
5.062828257100592964e+03 1.350279935457326053e+00
5.082851325111554615e+03 1.339162818558371715e+00
5.102874393122518086e+03 1.166802387064599156e+00
5.122897461133481556e+03 1.254412293172508353e+00
5.142920529144445027e+03 1.185703770327503959e+00
5.162943597155406678e+03 1.212866887703012431e+00
5.182966665166370149e+03 1.332805529670508360e+00
5.202989733177333619e+03 1.293883912283920301e+00
5.223012801188295271e+03 1.325381363085894382e+00
5.243035869199258741e+03 1.426700476256945294e+00
5.263058937210222211e+03 1.143326508666725028e+00
5.283082005221185682e+03 1.252258833667370341e+00
5.303105073232147333e+03 1.252129186324135501e+00
5.323128141243110804e+03 1.389439715584570134e+00
5.343151209254074274e+03 1.423815680086556235e+00
5.363174277265035926e+03 1.260517712111620448e+00
5.383197345275999396e+03 1.400174172924197658e+00
5.403220413286962867e+03 1.354212190779663816e+00
5.423243481297926337e+03 1.278368494987388138e+00
5.443266549308887988e+03 1.287612293446652290e+00
5.463289617319851459e+03 1.236323918689755441e+00
5.483312685330814929e+03 1.279639267404556247e+00
5.503335753341777490e+03 1.351969348855071251e+00
5.523358821352740051e+03 1.218916335542402196e+00
5.543381889363703522e+03 1.303823922687691095e+00
5.563404957374666992e+03 1.210974721852191127e+00
5.583428025385628644e+03 1.233217522655159160e+00
5.603451093396592114e+03 1.253784046134807317e+00
5.623474161407555584e+03 1.203674776840940819e+00
5.643497229418518145e+03 1.195755151797049276e+00
5.663520297429480706e+03 1.249240677784887898e+00
5.683543365440444177e+03 1.267408725414694404e+00
5.703566433451407647e+03 1.141378086149345883e+00
5.723589501462369299e+03 1.253335991770192059e+00
5.743612569473332769e+03 1.178270751170995334e+00
5.763635637484296240e+03 1.157409522717298689e+00
5.783658705495259710e+03 1.155710971180823332e+00
5.803681773506221361e+03 1.104984877522668940e+00
5.823704841517184832e+03 1.149615261514111975e+00
5.843727909528148302e+03 1.094024536816304405e+00
5.863750977539109954e+03 1.146539992264565599e+00
5.883774045550073424e+03 1.068312955664720842e+00
5.903797113561036895e+03 1.305531612362896610e+00
5.923820181572000365e+03 1.252570387084703141e+00
5.943843249582962017e+03 1.223970582960706821e+00
5.963866317593925487e+03 1.191007203366307499e+00
5.983889385604888957e+03 1.187481138310527040e+00
6.003912453615850609e+03 1.164399056578557579e+00
6.023935521626814079e+03 1.050297971858644930e+00
6.043958589637777550e+03 1.079143363461015248e+00
6.063981657648741020e+03 1.069246473649377194e+00
6.084004725659702672e+03 1.103996245138795684e+00
6.104027793670666142e+03 1.071666081445032281e+00
6.124050861681629613e+03 1.078581139475639716e+00
6.144073929692592174e+03 1.071658656707313861e+00
6.164096997703554734e+03 1.158672870396748378e+00
6.184120065714518205e+03 1.062335756234666473e+00
6.204143133725481675e+03 1.087214053360790356e+00
6.224166201736443327e+03 9.941386835917179754e-01
6.244189269747406797e+03 1.150937721528472624e+00
6.264212337758370268e+03 1.080529619106385786e+00
6.284235405769332829e+03 1.072112136841799845e+00
6.304258473780295390e+03 9.767670818656151166e-01
6.324281541791258860e+03 9.842503607851398328e-01
6.344304609802222330e+03 9.849914067227915071e-01
6.364327677813183982e+03 1.107883095334317725e+00
6.384350745824147452e+03 1.087132095679054000e+00
6.404373813835110923e+03 1.046893729614811308e+00
6.424396881846074393e+03 1.002670392590431669e+00
6.444419949857036045e+03 9.903440714840039405e-01
6.464443017867999515e+03 1.077817762211465968e+00
6.484466085878962986e+03 1.074569439459716502e+00
6.504489153889924637e+03 1.091929047378736417e+00
6.524512221900888107e+03 1.091225410696511355e+00
6.544535289911851578e+03 1.116628008532279948e+00
6.564558357922815048e+03 2.036105814163612138e+00
6.584581425933776700e+03 1.555955450659876282e+00
6.604604493944740170e+03 1.230521771729751412e+00
6.624627561955703641e+03 1.156660195341422614e+00
6.644650629966665292e+03 1.034231410569947940e+00
6.664673697977628763e+03 9.580855850659052431e-01
6.684696765988592233e+03 9.737160857970708072e-01
6.704719833999555703e+03 1.010790656892817996e+00
6.724742902010517355e+03 9.973296074095683306e-01
6.744765970021480825e+03 9.227548564067147296e-01
6.764789038032444296e+03 8.661350630611531765e-01
6.784812106043406857e+03 9.318040125110258476e-01
6.804835174054369418e+03 9.674984390916780974e-01
6.824858242065332888e+03 9.533985765978206794e-01
6.844881310076296359e+03 9.670786558437598490e-01
6.864904378087258010e+03 9.531255747032559844e-01
6.884927446098221480e+03 9.190285518860090708e-01
6.904950514109184951e+03 9.076673324562243295e-01
6.924973582120147512e+03 9.394337872170690495e-01
6.944996650131110073e+03 8.553577706962279814e-01
6.965019718142073543e+03 9.742255370312792317e-01
6.985042786153037014e+03 9.217037991126411089e-01
7.005065854163998665e+03 9.252431144695800747e-01
7.025088922174962136e+03 8.628156341674093621e-01
7.045111990185925606e+03 8.421820595948286137e-01
7.065135058196889076e+03 9.067643701229468611e-01
7.085158126207850728e+03 8.547186721187847169e-01
7.105181194218814198e+03 8.969477245920334241e-01
7.125204262229777669e+03 9.287658669500709063e-01
7.145227330240739320e+03 8.484830347027672026e-01
7.165250398251702791e+03 8.382994357884694381e-01
7.185273466262666261e+03 8.608991951355858818e-01
7.205296534273629732e+03 8.281223477980169667e-01
7.225319602284591383e+03 8.448888905134469551e-01
7.245342670295554854e+03 8.504174644452155984e-01
7.265365738306518324e+03 8.363358782288184967e-01
7.285388806317479975e+03 8.726776848251383001e-01
7.305411874328443446e+03 8.127640493742773753e-01
7.325434942339406916e+03 8.237303869841834381e-01
7.345458010350370387e+03 8.388258496926959129e-01
7.365481078361332038e+03 8.395790607775321934e-01
7.385504146372295509e+03 8.457395941158611929e-01
7.405527214383258979e+03 8.489970550063408172e-01
7.425550282394221540e+03 8.076178494350001458e-01
7.445573350405184101e+03 8.154435229900720561e-01
7.465596418416147571e+03 8.472059798152221655e-01
7.485619486427111042e+03 8.480195597290448584e-01
7.505642554438072693e+03 8.202146594478417763e-01
7.525665622449036164e+03 8.082415274033362129e-01
7.545688690459999634e+03 8.062285667811751599e-01
7.565711758470962195e+03 8.109718319158175648e-01
7.585734826481924756e+03 7.837635949803288815e-01
7.605757894492888227e+03 7.044057137126223944e-01
7.625780962503851697e+03 7.674545874484467456e-01
7.645804030514814258e+03 7.766858209669567081e-01
7.665827098525776819e+03 7.445341936586342690e-01
7.685850166536740289e+03 7.527873036528109907e-01
7.705873234547702850e+03 7.735274517683327078e-01
7.725896302558665411e+03 7.075021149079823157e-01
7.745919370569628882e+03 7.241612273799654664e-01
7.765942438580592352e+03 7.612023871559804311e-01
7.785965506591554913e+03 8.311716875789162406e-01
7.805988574602517474e+03 7.423855316763299239e-01
7.826011642613480944e+03 7.445143182068960641e-01
7.846034710624443505e+03 7.216213959466415417e-01
7.866057778635406066e+03 7.521956091700308100e-01
7.886080846646369537e+03 7.726076409917713717e-01
7.906103914657333007e+03 7.121297254743207406e-01
7.926126982668295568e+03 7.042863467754592044e-01
7.946150050679258129e+03 7.406575667558167320e-01
7.966173118690221600e+03 7.385601354637687521e-01
7.986196186701184160e+03 6.727771877332366923e-01
8.006219254712146721e+03 7.014472412987213801e-01
8.026242322723110192e+03 7.409522717298656636e-01
8.046265390734073662e+03 6.638326633173864399e-01
8.066288458745036223e+03 7.690009318616970457e-01
8.086311526755998784e+03 7.650809559132779603e-01
8.106334594766962255e+03 7.437248401339742188e-01
8.126357662777925725e+03 7.254327422709051509e-01
8.146380730788888286e+03 6.974758633199451552e-01
8.166403798799850847e+03 6.615052936095398017e-01
8.186426866810814317e+03 6.624787909511409278e-01
8.206449934821775969e+03 6.675361796046338503e-01
8.226473002832739439e+03 7.474209316835032091e-01
8.246496070843702910e+03 7.456755471860357920e-01
8.266519138854666380e+03 7.104286038363277767e-01
8.286542206865629851e+03 7.003353011553576923e-01
8.306565274876591502e+03 6.948660680119682631e-01
8.326588342887554973e+03 6.627552196477293212e-01
8.346611410898516624e+03 7.180075476456841965e-01
8.366634478909480094e+03 6.652496459542375229e-01
8.386657546920443565e+03 6.260430328660013810e-01
8.406680614931407035e+03 6.584600088777018412e-01
8.426703682942370506e+03 6.693780285790719153e-01
8.446726750953332157e+03 6.705874612400134493e-01
8.466749818964295628e+03 7.092546385763328631e-01
8.486772886975257279e+03 6.425716412942437117e-01
8.506795954986220750e+03 7.505824421173158401e-01
8.526819022997184220e+03 7.067764895794377278e-01
8.546842091008147690e+03 7.084667596776886844e-01
8.566865159019111161e+03 7.181851702172524776e-01
8.586888227030072812e+03 6.251256779642236916e-01
8.606911295041036283e+03 5.911433387880405954e-01
8.626934363051997934e+03 6.687072891962755339e-01
8.646957431062961405e+03 6.014794303923984842e-01
8.666980499073924875e+03 7.383390496198648512e-01
8.687003567084888346e+03 7.697445479008667713e-01
8.707026635095851816e+03 7.295547281986285437e-01
8.727049703106813467e+03 5.725466553384206403e-01
8.747072771117776938e+03 6.692592327755794157e-01
8.767095839128740408e+03 6.914863845159722189e-01
8.787118907139702060e+03 6.324083176252536243e-01
8.807141975150665530e+03 6.977894157051250934e-01
8.827165043161629001e+03 6.273480733034074719e-01
8.847188111172592471e+03 6.262963306489289783e-01
8.867211179183554123e+03 5.597004312516119517e-01
8.887234247194517593e+03 6.591643309203316647e-01
