3.863648143427913055e+03 2.207119238604377642e+00
3.883655409903739383e+03 2.157490944178948489e+00
3.903662676379566165e+03 2.312618932844592745e+00
3.923669942855392492e+03 2.395978978912844948e+00
3.943677209331218819e+03 2.379359171684990670e+00
3.963684475807045601e+03 2.336532336275404909e+00
3.983691742282871928e+03 2.303551284780592567e+00
4.003699008758698255e+03 2.353201082864943228e+00
4.023706275234524583e+03 2.347234114116359294e+00
4.043713541710350910e+03 2.233926886224956387e+00
4.063720808186177692e+03 2.197101647869873720e+00
4.083728074662004019e+03 2.202834078435115472e+00
4.103735341137830801e+03 2.310779628501305805e+00
4.123742607613657128e+03 2.458864427364606975e+00
4.143749874089483455e+03 2.484574721025246902e+00
4.163757140565309783e+03 2.429614186542165655e+00
4.183764407041136110e+03 2.340829731285087867e+00
4.203771673516962437e+03 2.228193640003687026e+00
4.223778939992788764e+03 2.181069112982226166e+00
4.243786206468616001e+03 2.276957635641557953e+00
4.263793472944442328e+03 2.327716725924077412e+00
4.283800739420268656e+03 2.177495723923272841e+00
4.303808005896094983e+03 2.056713379287393728e+00
4.323815272371921310e+03 2.016914259053986136e+00
4.343822538847747637e+03 2.000742691888827807e+00
4.363829805323573964e+03 1.969014858805863577e+00
4.383837071799400292e+03 1.924085262155925902e+00
4.403844338275226619e+03 1.900406767661195762e+00
4.423851604751053856e+03 1.858508148811548688e+00
4.443858871226880183e+03 1.917688071927811322e+00
4.463866137702706510e+03 2.093643021614069344e+00
4.483873404178532837e+03 2.107913739481095838e+00
4.503880670654359164e+03 1.986753449502030922e+00
4.523887937130185492e+03 1.934595805733573037e+00
4.543895203606012728e+03 2.020657304566777057e+00
4.563902470081839056e+03 2.054155481983382270e+00
4.583909736557665383e+03 1.967200839799446710e+00
4.603917003033491710e+03 1.885476184067464756e+00
4.623924269509318037e+03 1.890676806902408025e+00
4.643931535985144365e+03 1.923900923893583137e+00
4.663938802460970692e+03 1.893044211448592362e+00
4.683946068936797019e+03 1.862344179111538711e+00
4.703953335412623346e+03 1.847930721439600577e+00
4.723960601888449673e+03 1.789422898890463243e+00
4.743967868364276910e+03 1.708811613636790128e+00
4.763975134840103237e+03 1.649588460751040042e+00
4.783982401315929565e+03 1.659001946970939390e+00
4.803989667791755892e+03 1.685798694460961755e+00
4.823996934267582219e+03 1.662680703958608674e+00
4.844004200743409456e+03 1.609472865978742506e+00
4.864011467219235783e+03 1.564607706155022315e+00
4.884018733695062110e+03 1.548831287260187040e+00
4.904026000170888437e+03 1.588714420064486044e+00
4.924033266646714765e+03 1.577333571504893728e+00
4.944040533122541092e+03 1.515207498815259735e+00
4.964047799598367419e+03 1.478902649006082592e+00
4.984055066074193746e+03 1.511151834592076026e+00
5.004062332550020074e+03 1.583185903506260761e+00
5.024069599025846401e+03 1.609069931900878325e+00
5.044076865501672728e+03 1.593164639353609191e+00
5.064084131977499965e+03 1.565106887644198030e+00
5.084091398453326292e+03 1.536686169002297708e+00
5.104098664929152619e+03 1.549650205912364243e+00
5.124105931404978946e+03 1.599403592312278910e+00
5.144113197880806183e+03 1.624947714594837445e+00
5.164120464356632510e+03 1.606583812327335936e+00
5.184127730832458838e+03 1.595835912845522175e+00
5.204134997308285165e+03 1.598752698801883199e+00
5.224142263784111492e+03 1.584840869587204493e+00
5.244149530259937819e+03 1.548166527597314213e+00
5.264156796735764146e+03 1.507067251655170415e+00
5.284164063211590474e+03 1.490232111235906709e+00
5.304171329687416801e+03 1.481040780057833128e+00
5.324178596163243128e+03 1.463715133763510368e+00
5.344185862639069455e+03 1.418665635677447634e+00
5.364193129114896692e+03 1.360411482153038421e+00
5.384200395590723019e+03 1.328343965409659599e+00
5.404207662066549346e+03 1.338825961026323563e+00
5.424214928542375674e+03 1.362912283535086200e+00
5.444222195018202001e+03 1.383200911577177505e+00
5.464229461494029238e+03 1.367003169268572682e+00
5.484236727969855565e+03 1.333357803014175724e+00
5.504243994445681892e+03 1.305564323857857367e+00
5.524251260921508219e+03 1.265282335255834889e+00
5.544258527397334547e+03 1.233651194487470182e+00
5.564265793873160874e+03 1.219901680822377044e+00
5.584273060348987201e+03 1.215316062632595173e+00
5.604280326824813528e+03 1.221339682399855908e+00
5.624287593300639855e+03 1.228614518514168141e+00
5.644294859776466183e+03 1.234426883370160377e+00
5.664302126252292510e+03 1.219382923588527623e+00
5.684309392728119747e+03 1.196303120618398053e+00
5.704316659203946074e+03 1.176107477363506071e+00
5.724323925679772401e+03 1.160406914479281015e+00
5.744331192155598728e+03 1.126150992612603430e+00
5.764338458631425965e+03 1.085966067077920538e+00
5.784345725107252292e+03 1.064824114529377308e+00
5.804352991583078619e+03 1.079054197896096801e+00
5.824360258058904947e+03 1.141774068174162382e+00
5.844367524534731274e+03 1.258743220878836944e+00
5.864374791010557601e+03 1.346237011697323016e+00
5.884382057486383928e+03 1.321626222362515257e+00
5.904389323962210256e+03 1.250725322122957062e+00
5.924396590438036583e+03 1.197337372461984462e+00
5.944403856913862910e+03 1.157461135658650164e+00
5.964411123389689237e+03 1.127751309739667196e+00
5.984418389865515564e+03 1.100080178987558943e+00
6.004425656341342801e+03 1.082671632380565629e+00
6.024432922817169128e+03 1.069542017296801761e+00
6.044440189292995456e+03 1.057308808187881644e+00
6.064447455768822692e+03 1.054502951451337767e+00
6.084454722244649020e+03 1.049858606027534780e+00
6.104461988720475347e+03 1.039077561250762560e+00
6.124469255196301674e+03 1.019745401127399864e+00
6.144476521672128001e+03 9.943605542219580151e-01
6.164483788147954328e+03 9.505818482276203740e-01
6.184491054623780656e+03 9.157606767334934839e-01
6.204498321099606983e+03 8.803979096367313684e-01
6.224505587575433310e+03 8.800382053283547501e-01
6.244512854051259637e+03 8.707266761119635268e-01
6.264520120527085965e+03 8.868497488187262467e-01
6.284527387002912292e+03 9.210417529130228154e-01
6.304534653478738619e+03 9.711632967837867669e-01
6.324541919954565856e+03 1.022572464920673330e+00
6.344549186430392183e+03 1.053670166646683226e+00
6.364556452906218510e+03 1.057872426503274621e+00
6.384563719382045747e+03 1.039210216581145207e+00
6.404570985857872074e+03 1.005639445778042207e+00
6.424578252333698401e+03 9.582946916290039363e-01
6.444585518809524729e+03 8.934799942192233058e-01
6.464592785285351056e+03 8.140031826898215250e-01
6.484600051761177383e+03 7.848700700730093516e-01
6.504607318237003710e+03 8.023820418643614616e-01
6.524614584712830037e+03 8.739721714476345049e-01
6.544621851188656365e+03 9.689814169087126450e-01
6.564629117664482692e+03 1.057310439499937527e+00
6.584636384140309019e+03 1.022947666693583502e+00
6.604643650616135346e+03 9.577032668581085817e-01
6.624650917091962583e+03 9.275273305943604329e-01
6.644658183567788910e+03 9.369457107504282067e-01
6.664665450043615238e+03 9.447303318822812823e-01
6.684672716519442474e+03 9.143585640212495980e-01
6.704679982995268801e+03 8.667919514325774788e-01
6.724687249471095129e+03 8.424544068671711017e-01
6.744694515946921456e+03 8.198309634447439320e-01
6.764701782422747783e+03 8.289082140047103753e-01
6.784709048898574110e+03 8.341604901113941484e-01
6.804716315374400438e+03 8.156681813399107028e-01
6.824723581850226765e+03 8.067048556819006455e-01
6.844730848326053092e+03 7.960753894553620480e-01
6.864738114801879419e+03 7.868774811236802780e-01
6.884745381277705746e+03 7.700334500537111548e-01
6.904752647753532074e+03 7.602655612896175308e-01
6.924759914229358401e+03 7.463788023752200296e-01
6.944767180705185638e+03 7.313263301106763814e-01
6.964774447181011965e+03 7.244641343809620215e-01
6.984781713656838292e+03 7.333676724521149826e-01
7.004788980132665529e+03 7.444344118752993511e-01
7.024796246608491856e+03 7.677745722495876723e-01
7.044803513084318183e+03 7.814160930565648977e-01
7.064810779560144510e+03 7.827709792847838965e-01
7.084818046035970838e+03 7.566373082401947059e-01
7.104825312511797165e+03 7.184662893441882137e-01
7.124832578987623492e+03 6.718397203278612118e-01
7.144839845463449819e+03 6.583101075279342851e-01
7.164847111939276147e+03 6.765415695016423481e-01
7.184854378415102474e+03 7.145830325601729704e-01
7.204861644890928801e+03 7.611467144967362097e-01
7.224868911366755128e+03 7.883772278624837648e-01
7.244876177842582365e+03 7.741344647520551625e-01
7.264883444318408692e+03 7.460202918906662095e-01
7.284890710794235019e+03 7.183870891438629558e-01
7.304897977270062256e+03 6.862740587941179582e-01
7.324905243745888583e+03 6.585614111501810752e-01
7.344912510221714911e+03 6.393213904977704809e-01
7.364919776697541238e+03 6.286893141719420708e-01
7.384927043173367565e+03 6.246237582656544163e-01
7.404934309649193892e+03 6.223724660625918892e-01
7.424941576125020219e+03 6.161512128397311772e-01
7.444948842600846547e+03 6.107357462069956666e-01
7.464956109076672874e+03 6.045202025763312115e-01
7.484963375552499201e+03 6.031873390608700758e-01
7.504970642028325528e+03 5.918214985721942378e-01
7.524977908504151856e+03 5.869291121502568931e-01
7.544985174979978183e+03 5.638187220790746856e-01
7.564992441455805420e+03 5.429486276846854365e-01
7.584999707931631747e+03 5.349084466891298462e-01
7.605006974407458074e+03 5.295990153400429445e-01
7.625014240883285311e+03 5.228818432521185056e-01
7.645021507359111638e+03 5.108594812264530827e-01
7.665028773834937965e+03 5.110966739994144969e-01
7.685036040310764292e+03 5.286823810957033132e-01
7.705043306786590620e+03 5.288474698757837933e-01
7.725050573262416947e+03 5.441948017944729932e-01
7.745057839738243274e+03 5.568942102288160223e-01
7.765065106214069601e+03 5.736778011871059846e-01
7.785072372689895928e+03 5.793625158747054416e-01
7.805079639165722256e+03 5.825414536784864206e-01
7.825086905641548583e+03 5.838789664333075002e-01
7.845094172117374910e+03 5.804133255356617171e-01
7.865101438593202147e+03 5.667563888297538766e-01
7.885108705069028474e+03 5.627164222775830060e-01
7.905115971544854801e+03 5.494705168893815328e-01
7.925123238020682038e+03 5.456942741762487170e-01
7.945130504496508365e+03 5.372398363141484001e-01
7.965137770972334692e+03 5.249232671591599342e-01
7.985145037448161020e+03 5.208865039106629347e-01
8.005152303923987347e+03 5.167574083997888978e-01
8.025159570399813674e+03 5.207620348007802047e-01
8.045166836875640001e+03 5.207058361004464064e-01
8.065174103351466329e+03 5.305914240293898576e-01
8.085181369827292656e+03 5.284340138351576455e-01
8.105188636303118983e+03 5.287220219786672448e-01
8.125195902778945310e+03 5.231234405676312704e-01
8.145203169254772547e+03 5.074604794263002372e-01
8.165210435730598874e+03 4.965355825863962957e-01
8.185217702206424292e+03 5.011073346237011616e-01
8.205224968682250619e+03 5.063897380980399987e-01
8.225232235158076946e+03 4.921019211146429040e-01
8.245239501633903274e+03 4.687350072226342257e-01
8.265246768109729601e+03 4.812729454236395199e-01
8.285254034585555928e+03 4.755436143513046554e-01
8.305261301061384074e+03 4.717420047356988833e-01
8.325268567537210401e+03 4.631945005207964150e-01
8.345275834013036729e+03 4.589913434425742511e-01
8.365283100488863056e+03 4.581996677017342035e-01
8.385290366964689383e+03 4.488993945385303941e-01
8.405297633440515710e+03 4.275562048177539154e-01
8.425304899916343857e+03 4.486147305847356659e-01
8.445312166392170184e+03 4.389306096947245273e-01
8.465319432867996511e+03 4.492854445366135097e-01
8.485326699343822838e+03 4.442875937902475147e-01
8.505333965819649165e+03 4.451897909228904049e-01
8.525341232295475493e+03 4.461410089828198311e-01
8.545348498771301820e+03 4.511063150536661071e-01
8.565355765247128147e+03 4.382190313758404510e-01
8.585363031722954474e+03 4.433974683668201466e-01
8.605370298198780802e+03 4.341855307514557172e-01
8.625377564674607129e+03 4.296781339747652861e-01
8.645384831150433456e+03 4.328680831349250857e-01
8.665392097626259783e+03 4.182966328903504616e-01
8.685399364102086111e+03 4.214838755555081473e-01
