3.513445963831753943e+03 5.388739056864018107e-01
3.533518982515261996e+03 3.557208605677396052e-01
3.553592001198769594e+03 5.086739312816088709e-01
3.573665019882277193e+03 5.400138403712252400e-01
3.593738038565785246e+03 3.720628314934802949e-01
3.613811057249293299e+03 4.033192243704289970e-01
3.633884075932800897e+03 5.544827161254545222e-01
3.653957094616308495e+03 8.000095982026477204e-01
3.674030113299816549e+03 5.693777046787090734e-01
3.694103131983324602e+03 5.380648127521009405e-01
3.714176150666832655e+03 4.120501286870131841e-01
3.734249169350340253e+03 5.268933343445020290e-01
3.754322188033847851e+03 4.889452404764500493e-01
3.774395206717355904e+03 5.321281466700161777e-01
3.794468225400863957e+03 4.312034013186271109e-01
3.814541244084372011e+03 3.604089071320570881e-01
3.834614262767879154e+03 3.808765884432900317e-01
3.854687281451387207e+03 5.027320513610488151e-01
3.874760300134895260e+03 5.352876142897091682e-01
3.894833318818403313e+03 5.821340714864653432e-01
3.914906337501910912e+03 6.504732743379609827e-01
3.934979356185418510e+03 7.154604530351649228e-01
3.955052374868926563e+03 5.495687918588282317e-01
3.975125393552434616e+03 7.392327125705645541e-01
3.995198412235942669e+03 7.183977400380135991e-01
4.015271430919449813e+03 6.043295003720784431e-01
4.035344449602957866e+03 5.448769297127173949e-01
4.055417468286465919e+03 6.612654459964829590e-01
4.075490486969973972e+03 9.012418415277494432e-01
4.095563505653482025e+03 1.192903136360835337e+00
4.115636524336989169e+03 1.409062599240675562e+00
4.135709543020497222e+03 1.150769041175104368e+00
4.155782561704005275e+03 1.227148930926119874e+00
4.175855580387513328e+03 1.146627949966110283e+00
4.195928599071020471e+03 1.032376514975565929e+00
4.216001617754528525e+03 9.817117505699674007e-01
4.236074636438036578e+03 9.721332183128966742e-01
4.256147655121544631e+03 9.851552538902343947e-01
4.276220673805052684e+03 8.847125516051512761e-01
4.296293692488559827e+03 8.086445441920209198e-01
4.316366711172067880e+03 5.754886788607288528e-01
4.336439729855575933e+03 3.864809908189044685e-01
4.356512748539083987e+03 3.695843622764566350e-01
4.376585767222592040e+03 8.407584713025590961e-01
4.396658785906099183e+03 1.136360835541314840e+00
4.416731804589607236e+03 1.166173563942989100e+00
4.436804823273115289e+03 1.485381344885935651e+00
4.456877841956623342e+03 1.770749892168340445e+00
4.476950860640130486e+03 1.367198320196040040e+00
4.497023879323638539e+03 9.290932186920850544e-01
4.517096898007146592e+03 9.014394934044942520e-01
4.537169916690654645e+03 1.494873256326519018e+00
4.557242935374161789e+03 1.668086094692786459e+00
4.577315954057669842e+03 1.428497893135270758e+00
4.597388972741177895e+03 1.117272972883300186e+00
4.617461991424685948e+03 1.000000000000000000e+00
4.637535010108194001e+03 9.642472876190294473e-01
4.657608028791701145e+03 1.015272280864738974e+00
4.677681047475209198e+03 1.216666390175232371e+00
4.697754066158717251e+03 1.536084976087440657e+00
4.717827084842225304e+03 1.580820658176009808e+00
4.737900103525733357e+03 1.635235120415969412e+00
4.757973122209240501e+03 1.642654175573641018e+00
4.778046140892748554e+03 1.927335681140597945e+00
4.798119159576256607e+03 1.963387478255923302e+00
4.818192178259764660e+03 1.690097972764803558e+00
4.838265196943271803e+03 1.656528910734345272e+00
4.858338215626779856e+03 1.668510785535864072e+00
4.878411234310287909e+03 1.589145736265090481e+00
4.898484252993795963e+03 1.417267048066850998e+00
4.918557271677304016e+03 1.371076942036335788e+00
4.938630290360811159e+03 1.349350877109827263e+00
4.958703309044319212e+03 1.345864715111125598e+00
4.978776327727827265e+03 1.282634481483763578e+00
4.998849346411335318e+03 1.211735402437232434e+00
5.018922365094843371e+03 1.253077823649023204e+00
5.038995383778350515e+03 1.511548178237438256e+00
5.059068402461858568e+03 1.610862795470596298e+00
5.079141421145366621e+03 1.371982253989771250e+00
5.099214439828874674e+03 1.166320025405612748e+00
5.119287458512381818e+03 9.783661252174408185e-01
5.139360477195889871e+03 7.856742678111831024e-01
5.159433495879397924e+03 9.170061191504287335e-01
5.179506514562905977e+03 1.066256511373277815e+00
5.199579533246414030e+03 1.079343364442569619e+00
5.219652551929921174e+03 9.665143593851464043e-01
5.239725570613429227e+03 8.676760973945026878e-01
5.259798589296937280e+03 7.500120866255564067e-01
5.279871607980445333e+03 5.085714319570380226e-01
5.299944626663952477e+03 2.136086398043389178e-01
5.320017645347460530e+03 1.235413338894760932e-01
5.340090664030968583e+03 1.896204325589993245e-01
5.360163682714476636e+03 3.397394028732989568e-01
5.380236701397984689e+03 8.378245021969219497e-01
5.400309720081491832e+03 1.476264711319243306e+00
5.420382738764999885e+03 1.729778008977281845e+00
5.440455757448507939e+03 1.553113846533034526e+00
5.460528776132015992e+03 1.159524497931053943e+00
5.480601794815523135e+03 9.983614327628129725e-01
5.500674813499031188e+03 9.499074543670638082e-01
5.520747832182539241e+03 9.124629698971926661e-01
5.540820850866047294e+03 7.532195452584879991e-01
5.560893869549555347e+03 6.838144679277835536e-01
5.580966888233062491e+03 6.770856538864424845e-01
5.601039906916570544e+03 8.362191139318503330e-01
5.621112925600078597e+03 9.313015162790256873e-01
5.641185944283586650e+03 1.158282063921659777e+00
5.661258962967093794e+03 1.297813505737592132e+00
5.681331981650601847e+03 1.340595894339193128e+00
5.701405000334109900e+03 1.300900572100276431e+00
5.721478019017617953e+03 1.083020898012579725e+00
5.741551037701126006e+03 1.186761116140621963e+00
5.761624056384634059e+03 1.619270347004649668e+00
5.781697075068141203e+03 2.279009678780151482e+00
5.801770093751649256e+03 3.476274665010878007e+00
5.821843112435157309e+03 3.548220896116638379e+00
5.841916131118664453e+03 2.998772378031728802e+00
5.861989149802172506e+03 2.780172720249126428e+00
5.882062168485680559e+03 2.369118908696208337e+00
5.902135187169188612e+03 1.814498736829132985e+00
5.922208205852696665e+03 1.464129739260677576e+00
5.942281224536204718e+03 1.197581371429113251e+00
5.962354243219711861e+03 9.032084066035632741e-01
5.982427261903219915e+03 5.785393668504148490e-01
6.002500280586727968e+03 8.400394355782857536e-01
6.022573299270235111e+03 2.028838688577427884e+00
6.042646317953743164e+03 6.187522810543329754e+00
6.062719336637251217e+03 1.434508500926641439e+01
6.082792355320759270e+03 1.912441285068988606e+01
6.102865374004267323e+03 1.561697720604615469e+01
6.122938392687775377e+03 8.747773453978394897e+00
6.143011411371282520e+03 4.710219597396872793e+00
6.163084430054790573e+03 2.829230200448390242e+00
6.183157448738298626e+03 1.954928736307748993e+00
6.203230467421805770e+03 1.510627224768576360e+00
6.223303486105313823e+03 1.172721434089971870e+00
6.243376504788821876e+03 9.920185612649720097e-01
6.263449523472329929e+03 9.437095038795697555e-01
6.283522542155837982e+03 8.951904709992083431e-01
6.303595560839346035e+03 7.486799508951212934e-01
6.323668579522853179e+03 6.479336610151816833e-01
6.343741598206361232e+03 6.217516601335690840e-01
6.363814616889869285e+03 6.000464505609616195e-01
6.383887635573376429e+03 5.551037553856581486e-01
6.403960654256884482e+03 4.922171611123487556e-01
6.424033672940392535e+03 4.953829090374780031e-01
6.444106691623900588e+03 4.515154495513728494e-01
6.464179710307408641e+03 5.284746678547898036e-01
6.484252728990916694e+03 6.245941500732307139e-01
6.504325747674423837e+03 6.950596510520105076e-01
6.524398766357931891e+03 7.704755731667433105e-01
6.544471785041439944e+03 8.518715310199689306e-01
6.564544803724947997e+03 9.122174455035383378e-01
6.584617822408455140e+03 1.038648288676016662e+00
6.604690841091963193e+03 1.070717424174199017e+00
6.624763859775471246e+03 1.029391355455808066e+00
6.644836878458979299e+03 1.125775795465856266e+00
6.664909897142487353e+03 1.585224337250032089e+00
6.684982915825994496e+03 1.893010612531223824e+00
6.705055934509502549e+03 1.617380567550017245e+00
6.725128953193010602e+03 1.353846153846153921e+00
6.745201971876518655e+03 1.298084625338306930e+00
6.765274990560025799e+03 1.428588898315930056e+00
6.785348009243533852e+03 3.166926726610010068e+00
6.805421027927041905e+03 7.516231627144191130e+00
6.825494046610549958e+03 1.017235883532328167e+01
6.845567065294058011e+03 1.058580793167027778e+01
6.865640083977565155e+03 7.733037250505979898e+00
6.885713102661073208e+03 4.684065087663583427e+00
6.905786121344581261e+03 2.992553690686662549e+00
6.925859140028089314e+03 2.159853917725628847e+00
6.945932158711596458e+03 1.706788891680135478e+00
6.966005177395104511e+03 1.461258217720414976e+00
6.986078196078612564e+03 1.305661280613526598e+00
7.006151214762120617e+03 1.009769785332050418e+00
7.026224233445628670e+03 8.229849699256317486e-01
7.046297252129136723e+03 6.034686245420116668e-01
7.066370270812643867e+03 5.185309299117913939e-01
7.086443289496151920e+03 3.844049351351094823e-01
7.106516308179659973e+03 2.439925916095119218e-01
7.126589326863167116e+03 1.104688188759912204e-01
7.146662345546675169e+03 1.492633320219739768e-01
7.166735364230183222e+03 2.385281333984273500e-01
7.186808382913691275e+03 4.819755233982851439e-01
7.206881401597199329e+03 8.461543201391621416e-01
7.226954420280707382e+03 1.235194357678798927e+00
7.247027438964214525e+03 1.241008261564056747e+00
7.267100457647722578e+03 8.731852287216141928e-01
7.287173476331230631e+03 7.406921133583281858e-01
7.307246495014737775e+03 7.653213383449379847e-01
7.327319513698245828e+03 5.734454466600624745e-01
