1.010010729613733929e+03 1.896665170684632513e-04
1.030032188841201787e+03 3.485045800397948098e-04
1.050053648068669645e+03 5.233177984678722555e-04
1.070075107296137276e+03 5.475995973819448685e-04
1.090096566523605134e+03 4.383468404081176570e-04
1.110118025751072992e+03 4.740979358042114494e-04
1.130139484978540850e+03 1.052044933938989756e-03
1.150160944206008480e+03 1.567159454390274799e-03
1.170182403433476338e+03 2.260195420219623854e-03
1.190203862660944196e+03 3.138109407305753398e-03
1.210225321888412054e+03 3.833995283765309191e-03
1.230246781115879912e+03 4.702096363725980985e-03
1.250268240343347770e+03 5.918607335846237313e-03
1.270289699570815401e+03 1.095888924631041421e-02
1.290311158798283259e+03 1.270520485009481691e-02
1.310332618025751117e+03 1.676451578174573478e-02
1.330354077253218748e+03 1.897163773714125728e-02
1.350375536480686606e+03 2.176034562373371437e-02
1.370396995708154464e+03 2.839145137063949290e-02
1.390418454935622321e+03 4.010656277806457642e-02
1.410439914163090179e+03 5.194503173989628575e-02
1.430461373390558037e+03 5.855427820596299099e-02
1.450482832618025895e+03 6.225399310464697911e-02
1.470504291845493526e+03 5.530794963123610020e-02
1.490525751072961384e+03 3.584332528270169071e-02
1.510547210300429015e+03 2.474217398184586775e-02
1.530568669527896873e+03 2.028227494766224326e-02
1.550590128755364731e+03 1.389152400791746414e-02
1.570611587982832589e+03 1.757579829665582849e-02
1.590633047210300447e+03 1.769068323142495777e-02
1.610654506437768305e+03 1.654132801697636920e-02
1.630675965665236163e+03 2.185445759409770233e-02
1.650697424892704021e+03 2.463211553477898802e-02
1.670718884120171879e+03 1.780675306179097320e-02
1.690740343347639509e+03 1.182727698410021740e-02
1.710761802575107140e+03 9.760207483196144465e-03
1.730783261802574998e+03 8.376589913276279512e-03
1.750804721030042856e+03 8.532169883028038748e-03
1.770826180257510714e+03 6.443298173431877447e-03
1.790847639484978572e+03 6.293313868272296108e-03
1.810869098712446430e+03 8.139865672919525258e-03
1.830890557939914288e+03 1.355918316786734398e-02
1.850912017167382146e+03 1.753981106525162245e-02
1.870933476394850004e+03 1.816113801861070701e-02
1.890954935622317635e+03 1.747201324592647514e-02
1.910976394849785265e+03 1.727950435434539786e-02
1.930997854077253123e+03 1.657286362091642262e-02
1.951019313304720981e+03 9.207334678852433646e-03
1.971040772532188839e+03 6.968313284579883381e-03
1.991062231759656697e+03 7.088974180041869924e-03
2.011083690987124555e+03 8.377623697393100574e-03
2.031105150214592413e+03 1.292994134539803865e-02
2.051126609442059817e+03 1.791501633041659922e-02
2.071148068669527675e+03 1.659247179468554406e-02
2.091169527896995533e+03 1.234973811667103294e-02
2.111190987124463391e+03 1.137735584743058623e-02
2.131212446351931249e+03 1.073329731734967186e-02
2.151233905579399107e+03 1.041752750488355965e-02
2.171255364806866964e+03 9.932140568698004379e-03
2.191276824034334822e+03 9.908128111404830227e-03
2.211298283261802680e+03 1.206175400866977762e-02
2.231319742489270538e+03 1.205829919813633522e-02
2.251341201716738396e+03 1.004984084653558901e-02
2.271362660944206254e+03 1.063030608830098714e-02
2.291384120171674112e+03 9.698703165169386339e-03
2.311405579399141970e+03 8.134216827463115057e-03
2.331427038626609828e+03 1.283340445733467845e-02
2.351448497854077232e+03 2.195289991361352305e-02
2.371469957081545090e+03 2.699819509335187051e-02
2.391491416309012948e+03 3.054330089732979966e-02
2.411512875536480806e+03 3.329113021010332574e-02
2.431534334763948209e+03 2.823901166606567620e-02
2.451555793991416067e+03 2.463510728266537358e-02
2.471577253218883925e+03 2.282550515335545274e-02
2.491598712446351783e+03 1.825357479175151662e-02
2.511620171673819641e+03 1.444758182719072664e-02
2.531641630901287499e+03 2.015806779652223185e-02
2.551663090128755357e+03 3.970589684987690243e-02
2.571684549356223215e+03 7.076950116349353670e-02
2.591706008583691073e+03 8.980991083774129968e-02
2.611727467811158931e+03 7.269760582343434696e-02
2.631748927038626789e+03 4.703433019350051342e-02
2.651770386266094647e+03 3.352868005094986059e-02
2.671791845493562505e+03 3.414147277269460878e-02
2.691813304721030363e+03 3.737421428515838584e-02
2.711834763948498221e+03 6.205190582058072585e-02
2.731856223175966079e+03 8.426664236776772177e-02
2.751877682403433482e+03 9.074013494968571902e-02
2.771899141630901340e+03 1.114154865270820249e-01
2.791920600858369198e+03 1.377765015811578952e-01
2.811942060085837056e+03 1.655420751432640503e-01
2.831963519313304460e+03 1.756362960695450059e-01
2.851984978540772318e+03 1.418750729615515516e-01
2.872006437768240176e+03 1.179008604923250936e-01
2.892027896995708034e+03 1.068554544110284082e-01
2.912049356223175892e+03 1.253528615196237428e-01
2.932070815450643750e+03 2.008503166207062929e-01
2.952092274678111607e+03 3.536098132962537388e-01
2.972113733905579465e+03 3.161831445196470747e-01
2.992135193133047323e+03 1.748555620698511170e-01
3.012156652360515181e+03 1.582126819498958503e-01
3.032178111587983039e+03 2.144283575933194352e-01
3.052199570815450897e+03 2.517212505545077805e-01
3.072221030042918755e+03 2.518603768837051060e-01
3.092242489270386159e+03 2.299298207156328377e-01
3.112263948497854017e+03 1.899346783335970901e-01
3.132285407725321875e+03 1.420732624773981267e-01
3.152306866952789733e+03 1.405664280877977068e-01
3.172328326180257591e+03 2.023671840343262973e-01
3.192349785407725449e+03 3.111482656552790327e-01
3.212371244635193307e+03 3.614763656456805307e-01
3.232392703862661165e+03 2.764911719765381082e-01
3.252414163090129023e+03 1.839228605078902234e-01
3.272435622317596426e+03 1.595159309115719293e-01
3.292457081545064284e+03 1.988720727825525336e-01
3.312478540772532142e+03 3.316704368872851472e-01
3.332500000000000000e+03 5.663424795772510345e-01
3.352521459227467858e+03 6.918777255192916087e-01
3.372542918454935716e+03 6.672390311224793980e-01
3.392564377682403574e+03 6.482670172280058374e-01
3.412585836909871432e+03 6.639353969238112052e-01
3.432607296137339290e+03 7.697418393315293983e-01
3.452628755364807148e+03 9.607662065440998322e-01
3.472650214592275006e+03 1.057532420870765266e+00
3.492671673819742409e+03 8.662953302012830203e-01
3.512693133047210267e+03 6.842174760102418540e-01
3.532714592274678125e+03 6.550196250359944239e-01
3.552736051502145983e+03 6.816808136412808583e-01
3.572757510729613841e+03 7.573721648762442582e-01
3.592778969957081699e+03 7.600266034030564999e-01
3.612800429184549557e+03 7.486924641418293280e-01
3.632821888412017415e+03 8.241854248113377190e-01
3.652843347639484819e+03 7.589470967139414492e-01
3.672864806866952677e+03 6.084877307854942297e-01
3.692886266094420535e+03 4.210545635666979036e-01
3.712907725321888393e+03 3.997069864090464497e-01
3.732929184549356250e+03 1.414627526415324521e+00
3.752950643776824108e+03 2.107914090853669542e+00
3.772972103004291966e+03 2.079879992840039549e+00
3.792993562231759824e+03 1.591048622875035345e+00
3.813015021459227682e+03 7.891354737117909357e-01
3.833036480686695540e+03 6.520682816354801403e-01
3.853057939914163398e+03 7.261405998282647323e-01
3.873079399141630802e+03 1.005327944339091450e+00
3.893100858369098660e+03 1.795292974678126097e+00
3.913122317596566518e+03 3.004052965546582410e+00
3.933143776824034376e+03 4.191449814126394280e+00
3.953165236051502234e+03 4.205239223092427814e+00
3.973186695278970092e+03 3.399955769086093316e+00
3.993208154506437950e+03 2.505347725026395800e+00
4.013229613733905808e+03 2.430885176028660499e+00
4.033251072961373666e+03 3.249287895257045200e+00
4.053272532188841069e+03 3.684590131188112405e+00
4.073293991416308927e+03 4.083337656980830843e+00
4.093315450643776785e+03 3.396396542465569102e+00
4.113336909871244643e+03 2.241054330089732982e+00
4.133358369098712501e+03 1.860301846802792536e+00
4.153379828326180359e+03 1.819710125377130172e+00
4.173401287553648217e+03 2.009831261009087378e+00
4.193422746781116075e+03 2.907703313038132009e+00
4.213444206008583933e+03 2.655406937378883558e+00
4.233465665236051791e+03 1.890457407316130434e+00
4.253487124463519649e+03 1.596650383810188423e+00
4.273508583690987507e+03 1.604883430139800948e+00
4.293530042918455365e+03 1.950910754727259944e+00
4.313551502145923223e+03 1.802492626019191801e+00
4.333572961373391081e+03 1.736973736435637017e+00
4.353594420600858939e+03 1.883025835523260971e+00
4.373615879828326797e+03 1.896898128811835837e+00
4.393637339055794655e+03 1.869095043284035196e+00
4.413658798283262513e+03 2.058403289949854553e+00
4.433680257510730371e+03 1.920539682004373638e+00
4.453701716738198229e+03 1.669125719563034904e+00
4.473723175965665178e+03 1.492908915447614060e+00
4.493744635193133036e+03 1.587148390176327029e+00
4.513766094420600893e+03 2.208409191728689436e+00
4.533787553648068751e+03 3.712750695891065433e+00
4.553809012875536609e+03 4.451499700371227775e+00
4.573830472103004467e+03 4.828610396988666231e+00
4.593851931330472325e+03 5.342641714032224876e+00
4.613873390557940183e+03 5.455133509911096468e+00
4.633894849785408041e+03 5.549720216770390735e+00
4.653916309012874990e+03 5.208244590468433799e+00
4.673937768240342848e+03 4.670643773817892530e+00
4.693959227467810706e+03 4.272319100750499032e+00
4.713980686695278564e+03 3.838683630929990986e+00
4.734002145922746422e+03 3.334427864697504518e+00
4.754023605150214280e+03 2.563510533702399563e+00
4.774045064377682138e+03 1.607195954622454792e+00
4.794066523605149996e+03 2.170490068149331986e+00
4.814087982832617854e+03 3.973755892050628180e+00
4.834109442060085712e+03 3.817046153207584780e+00
4.854130901287553570e+03 3.150917564472069277e+00
4.874152360515021428e+03 4.476289765666952469e+00
4.894173819742489286e+03 5.664296443108148615e+00
4.914195278969957144e+03 5.082109957273715395e+00
4.934216738197425002e+03 3.218081104709230367e+00
4.954238197424892860e+03 2.945832695595326900e+00
4.974259656652360718e+03 3.552400013489779962e+00
4.994281115879828576e+03 2.893477626421290694e+00
5.014302575107296434e+03 2.198235497837743857e+00
5.034324034334764292e+03 3.916724603543142447e+00
5.054345493562232150e+03 4.376413508458352197e+00
5.074366952789700008e+03 3.147486101635116995e+00
5.094388412017167866e+03 2.590135792796976144e+00
5.114409871244635724e+03 3.060793510378050808e+00
5.134431330472103582e+03 3.945607649743045009e+00
5.154452789699570531e+03 4.358862526168875817e+00
5.174474248927038389e+03 4.951092412776897156e+00
5.194495708154506247e+03 5.006352519086741282e+00
5.214517167381974105e+03 5.128958407375796114e+00
5.234538626609441963e+03 4.887892144018969098e+00
5.254560085836909821e+03 4.817282872908111635e+00
5.274581545064377679e+03 5.277079436646025634e+00
5.294603004291845536e+03 5.591372507309126050e+00
5.314624463519313394e+03 5.662443543972792703e+00
5.334645922746781252e+03 5.406009956495458901e+00
5.354667381974249110e+03 5.018081493837505569e+00
5.374688841201716968e+03 4.892215359152426224e+00
5.394710300429184826e+03 4.737540761186788352e+00
5.414731759656652684e+03 4.424367082860974243e+00
5.434753218884120542e+03 4.036457428069637920e+00
5.454774678111588400e+03 3.685742599428759370e+00
5.474796137339056258e+03 4.069860199181793092e+00
5.494817596566524116e+03 4.469867203490739627e+00
5.514839055793991974e+03 4.503142210819322422e+00
5.534860515021458923e+03 4.278869426710284252e+00
5.554881974248926781e+03 3.950439974369416962e+00
5.574903433476394639e+03 3.563940909574371485e+00
5.594924892703862497e+03 3.394335459703173186e+00
5.614946351931330355e+03 3.513972947802332936e+00
5.634967811158798213e+03 3.664496844169690792e+00
5.654989270386266071e+03 3.700423760691299080e+00
5.675010729613733929e+03 3.647632932704155895e+00
5.695032188841201787e+03 3.562532913766579767e+00
5.715053648068669645e+03 3.493456159511462822e+00
5.735075107296137503e+03 3.447496218970262483e+00
5.755096566523605361e+03 3.413920934322929757e+00
5.775118025751073219e+03 3.345966815140721806e+00
5.795139484978541077e+03 2.981816035716787106e+00
5.815160944206008935e+03 2.627425890520056928e+00
5.835182403433476793e+03 2.930013982676009210e+00
5.855203862660944651e+03 3.306570820048926329e+00
5.875225321888412509e+03 3.485458276369277630e+00
5.895246781115880367e+03 3.463524412610869074e+00
5.915268240343348225e+03 3.369047958762779515e+00
5.935289699570816083e+03 3.338125231855596731e+00
5.955311158798283032e+03 3.322783201072955883e+00
5.975332618025750890e+03 3.299915429454935101e+00
5.995354077253218748e+03 3.250931313671113543e+00
6.015375536480686606e+03 3.200762950837533705e+00
6.035396995708154464e+03 3.142442350646082350e+00
6.055418454935622321e+03 3.103045707007162868e+00
6.075439914163090179e+03 3.411800185225058790e+00
6.095461373390558037e+03 3.711480840620840826e+00
6.115482832618025895e+03 3.767116455715905143e+00
6.135504291845493753e+03 3.565666044926156797e+00
6.155525751072961611e+03 3.396427024180430632e+00
6.175547210300429469e+03 3.680581461410148858e+00
6.195568669527897327e+03 3.937961279142464299e+00
6.215590128755365185e+03 3.962873271297638667e+00
6.235611587982833043e+03 3.822073041971376206e+00
6.255633047210300901e+03 3.547128622459965186e+00
6.275654506437768759e+03 3.275945127724870787e+00
6.295675965665236617e+03 3.120782822321435557e+00
6.315697424892703566e+03 3.047950980214123806e+00
6.335718884120171424e+03 2.987324146447129181e+00
6.355740343347639282e+03 2.735205991537756898e+00
6.375761802575107140e+03 2.295619518155428196e+00
6.395783261802574998e+03 1.493363222708488314e+00
6.415804721030042856e+03 1.021604466673757150e+00
6.435826180257510714e+03 1.270722312874698057e+00
6.455847639484978572e+03 2.302743419192325725e+00
6.475869098712446430e+03 4.479653131055809645e+00
6.495890557939914288e+03 6.712888836428632544e+00
6.515912017167382146e+03 7.872628587438420311e+00
6.535933476394850004e+03 8.109782814538869289e+00
6.555954935622317862e+03 7.724335044633013680e+00
6.575976394849785720e+03 6.970206393636974695e+00
6.595997854077253578e+03 6.121047429548326591e+00
6.616019313304721436e+03 5.313035537788247886e+00
6.636040772532189294e+03 4.637484207877512254e+00
6.656062231759657152e+03 4.092454932460302786e+00
6.676083690987125010e+03 3.663829489178342058e+00
6.696105150214592868e+03 3.344647670289018215e+00
6.716126609442060726e+03 3.135436096057611532e+00
6.736148068669527675e+03 3.011361248531040591e+00
6.756169527896995533e+03 2.958037703935643137e+00
6.776190987124463391e+03 2.922492133123376856e+00
6.796212446351931249e+03 2.884057933417557784e+00
6.816233905579399107e+03 2.842862868601758297e+00
6.836255364806866964e+03 2.802237876708597142e+00
6.856276824034334822e+03 2.766968586971466415e+00
6.876298283261802680e+03 2.735294193946720576e+00
6.896319742489270538e+03 2.702415448911348328e+00
6.916341201716738396e+03 2.707094067869159293e+00
6.936362660944206254e+03 2.730558502841933688e+00
6.956384120171674112e+03 2.736846167216202108e+00
6.976405579399141970e+03 2.727418237663984613e+00
6.996427038626609828e+03 2.707094067869159293e+00
7.016448497854077686e+03 2.680727384513213352e+00
7.036469957081545544e+03 2.660742404864622213e+00
7.056491416309013402e+03 2.643940494504211536e+00
7.076512875536481260e+03 2.613690959512500189e+00
7.096534334763949118e+03 2.571910970044905653e+00
7.116555793991416067e+03 2.538071207880106872e+00
7.136577253218883925e+03 2.557145173382588066e+00
7.156598712446351783e+03 2.595696306134996245e+00
7.176620171673819641e+03 2.613671503098757842e+00
7.196641630901287499e+03 2.576407217551241580e+00
7.216663090128755357e+03 2.509041849448864436e+00
7.236684549356223215e+03 2.484566459218059631e+00
7.256706008583691073e+03 2.501818785556595870e+00
7.276727467811158931e+03 2.536615479003935025e+00
7.296748927038626789e+03 2.542455256733864744e+00
7.316770386266094647e+03 2.510475398013370274e+00
7.336791845493562505e+03 2.457599934626449656e+00
7.356813304721030363e+03 2.459077908668999335e+00
7.376834763948498221e+03 2.578051868204847441e+00
7.396856223175966079e+03 2.669976418826544684e+00
7.416877682403433937e+03 2.683807334808561595e+00
7.436899141630901795e+03 2.659228047328374700e+00
7.456920600858369653e+03 2.601730972275907661e+00
7.476942060085837511e+03 2.545417236307224496e+00
7.496963519313305369e+03 2.497501472201973272e+00
7.516984978540772318e+03 2.454749180884981286e+00
7.537006437768240176e+03 2.409948064346251417e+00
7.557027896995708034e+03 2.365959642209522595e+00
7.577049356223175892e+03 2.318794052563447394e+00
7.597070815450643750e+03 2.294898722881001607e+00
7.617092274678111607e+03 2.428491388591277556e+00
7.637113733905579465e+03 2.585421633456730373e+00
7.657135193133047323e+03 2.560410089317909588e+00
7.677156652360515181e+03 2.410117724274081219e+00
7.697178111587983039e+03 2.348307162295026451e+00
7.717199570815450897e+03 2.328097785341278758e+00
7.737221030042918755e+03 2.313411759975303017e+00
7.757242489270386613e+03 2.292207900860492309e+00
7.777263948497854471e+03 2.268578540353898720e+00
7.797285407725322329e+03 2.267271069350440982e+00
7.817306866952790187e+03 2.268575492182412834e+00
7.837328326180258045e+03 2.254245908316189873e+00
7.857349785407725903e+03 2.236161171743061171e+00
7.877371244635193761e+03 2.213115827922288226e+00
7.897392703862660710e+03 2.186521828799123934e+00
7.917414163090128568e+03 2.166473291532309275e+00
7.937435622317596426e+03 2.151548665679145600e+00
7.957457081545064284e+03 2.140434319038489797e+00
7.977478540772532142e+03 2.128151874171480884e+00
7.997500000000000000e+03 2.117147975106167479e+00
8.017521459227467858e+03 2.102581541829992240e+00
8.037542918454935716e+03 2.089302409741696565e+00
8.057564377682403574e+03 2.074928530106854740e+00
8.077585836909871432e+03 2.053536722035296247e+00
8.097607296137339290e+03 2.042920719005284713e+00
8.117628755364807148e+03 2.034709982696762509e+00
8.137650214592275006e+03 2.028865016589834980e+00
8.157671673819742864e+03 2.038227313173029742e+00
8.177693133047210722e+03 2.039397940733169268e+00
8.197714592274678580e+03 2.018399217073911345e+00
8.217736051502146438e+03 1.970218132339931927e+00
8.237757510729614296e+03 1.893694695143938622e+00
8.257778969957082154e+03 1.683624639083525221e+00
8.277800429184550012e+03 1.150087683571263453e+00
8.297821888412017870e+03 5.508097110852269163e-01
8.317843347639483909e+03 2.780906318664926880e-01
8.337864806866951767e+03 3.070055152447486724e-01
8.357886266094419625e+03 5.946345047823865526e-01
8.377907725321887483e+03 1.106915522845721034e+00
8.397929184549355341e+03 1.734597978608321434e+00
8.417950643776823199e+03 2.243823496602909806e+00
8.437972103004291057e+03 2.222790983638452733e+00
8.457993562231758915e+03 2.045471130573289553e+00
8.478015021459226773e+03 2.065796727171789637e+00
8.498036480686694631e+03 2.322304832713754319e+00
8.518057939914162489e+03 2.775913867753458497e+00
8.538079399141630347e+03 3.418131302256684378e+00
8.558100858369098205e+03 4.186430059380974456e+00
8.578122317596566063e+03 4.909793580421140113e+00
8.598143776824033921e+03 5.465347478578488349e+00
8.618165236051501779e+03 5.787869963707302112e+00
8.638186695278969637e+03 5.851306303618633464e+00
8.658208154506437495e+03 5.744700072896697485e+00
8.678229613733905353e+03 5.505528864238333320e+00
8.698251072961373211e+03 5.171235248795648332e+00
8.718272532188841069e+03 4.757786456779522943e+00
8.738293991416308927e+03 4.270543378722983618e+00
8.758315450643776785e+03 3.788840838753024798e+00
8.778336909871244643e+03 3.301053629658838418e+00
8.798358369098712501e+03 2.803512271808694223e+00
8.818379828326180359e+03 2.422531889062122801e+00
8.838401287553648217e+03 2.180864357665956987e+00
8.858422746781116075e+03 2.036065316478025800e+00
8.878444206008583933e+03 1.936616776098184944e+00
8.898465665236051791e+03 1.862150270962988685e+00
8.918487124463519649e+03 1.810386547057282414e+00
8.938508583690987507e+03 1.739981762854852620e+00
8.958530042918455365e+03 1.648363002202466010e+00
8.978551502145923223e+03 1.592217564212650815e+00
8.998572961373391081e+03 1.612554575240546129e+00
9.018594420600858939e+03 1.664433221696754783e+00
9.038615879828326797e+03 1.699240551316939740e+00
9.058637339055794655e+03 1.702181907091733004e+00
9.078658798283262513e+03 1.627768128837777439e+00
9.098680257510730371e+03 1.508596103010036993e+00
9.118701716738198229e+03 1.464708983934190689e+00
9.138723175965666087e+03 1.499769960334857766e+00
9.158744635193133945e+03 1.562349180366143786e+00
9.178766094420601803e+03 1.617201220825107422e+00
9.198787553648069661e+03 1.642482690277241142e+00
9.218809012875537519e+03 1.638709313396129907e+00
9.238830472103005377e+03 1.615335026473693425e+00
9.258851931330473235e+03 1.548131730297787056e+00
9.278873390557939274e+03 1.471538898559447084e+00
9.298894849785407132e+03 1.454631534436555240e+00
9.318916309012874990e+03 1.479145448366569138e+00
9.338937768240342848e+03 1.512722094962864361e+00
9.358959227467810706e+03 1.536392119374177856e+00
9.378980686695278564e+03 1.541705211984113033e+00
9.399002145922746422e+03 1.509283627816964346e+00
9.419023605150214280e+03 1.474869252899654093e+00
9.439045064377682138e+03 1.494563748291078298e+00
9.459066523605149996e+03 1.532876669684572590e+00
9.479087982832617854e+03 1.544374048257094234e+00
9.499109442060085712e+03 1.542596640007055875e+00
9.519130901287553570e+03 1.526703344168393928e+00
9.539152360515021428e+03 1.512694726274200541e+00
9.559173819742489286e+03 1.508347709461264952e+00
9.579195278969957144e+03 1.503150966205506478e+00
9.599216738197425002e+03 1.491085460351720071e+00
9.619238197424892860e+03 1.477419275339384663e+00
9.639259656652360718e+03 1.463868726279388799e+00
9.659281115879828576e+03 1.447951239632974119e+00
9.679302575107296434e+03 1.431379433792418387e+00
9.699324034334764292e+03 1.414991037078736413e+00
9.719345493562232150e+03 1.405250118684123750e+00
9.739366952789700008e+03 1.397176160964207936e+00
9.759388412017167866e+03 1.385172591360833483e+00
9.779409871244635724e+03 1.372468072025049723e+00
9.799431330472103582e+03 1.367734002288074180e+00
9.819452789699571440e+03 1.367734002288074180e+00
9.839474248927039298e+03 1.363025290743676177e+00
9.859495708154507156e+03 1.357540268290974517e+00
9.879517167381975014e+03 1.353646910191788511e+00
9.899538626609442872e+03 1.320590463244240453e+00
9.919560085836910730e+03 1.309952928449686915e+00
9.939581545064378588e+03 1.350609310023684895e+00
9.959603004291846446e+03 1.400449572866863557e+00
9.979624463519314304e+03 1.438002980722585589e+00
9.999645922746782162e+03 1.463030414265961365e+00
1.001966738197425002e+04 1.466395336167916508e+00
1.003968884120171788e+04 1.445464969375604536e+00
1.005971030042918574e+04 1.415832137844799998e+00
1.007973175965665178e+04 1.382019030966828099e+00
1.009975321888411963e+04 1.346672953250128923e+00
1.011977467811158749e+04 1.316009450628701449e+00
1.013979613733905535e+04 1.286811275380891573e+00
1.015981759656652321e+04 1.242448511843767811e+00
1.017983905579399107e+04 1.200912311240359243e+00
1.019986051502145892e+04 1.192620830814808519e+00
1.021988197424892678e+04 1.212724948570213179e+00
1.023990343347639464e+04 1.241682837108309734e+00
1.025992489270386250e+04 1.264748350744661742e+00
1.027994635193133036e+04 1.275713596401341965e+00
1.029996781115879821e+04 1.270579048814844958e+00
1.031998927038626607e+04 1.260385833655444987e+00
1.034001072961373393e+04 1.250841891993555999e+00
1.036003218884120179e+04 1.243803132223193497e+00
1.038005364806866964e+04 1.227460393227092883e+00
1.040007510729613750e+04 1.204365305841853084e+00
1.042009656652360536e+04 1.171577941096355824e+00
1.044011802575107322e+04 1.127281848203654180e+00
1.046013948497854108e+04 1.079651769106847015e+00
1.048016094420600893e+04 1.025822811737146401e+00
1.050018240343347679e+04 9.265161086134841018e-01
1.052020386266094465e+04 7.774280955802809201e-01
1.054022532188841251e+04 6.485138542636785797e-01
1.056024678111588037e+04 5.732941264978195228e-01
1.058026824034334822e+04 5.361655170087968880e-01
1.060028969957081608e+04 5.085302106221643026e-01
1.062031115879828394e+04 4.669074938323168333e-01
1.064033261802575180e+04 3.982532031742490042e-01
1.066035407725321966e+04 3.372188872487852929e-01
1.068037553648068751e+04 3.496976473304503341e-01
1.070039699570815537e+04 4.350602629988299941e-01
1.072041845493562323e+04 5.489001937858808411e-01
1.074043991416309109e+04 6.478978642046088199e-01
1.076046137339055895e+04 7.068308874459434676e-01
1.078048283261802680e+04 7.597053131574645901e-01
1.080050429184549466e+04 8.532221118250894465e-01
1.082052575107296252e+04 9.755926423625793653e-01
1.084054721030043038e+04 1.088040531601107253e+00
1.086056866952789642e+04 1.168957616148304623e+00
1.088059012875536428e+04 1.216918519133437071e+00
1.090061158798283213e+04 1.230269510243153119e+00
1.092063304721029999e+04 1.219710384795980040e+00
1.094065450643776785e+04 1.192655009248282161e+00
1.096067596566523571e+04 1.161478959834179481e+00
1.098069742489270357e+04 1.133730806247843503e+00
1.100071888412017142e+04 1.109835671129535628e+00
1.102074034334763928e+04 1.088948756994580602e+00
1.104076180257510714e+04 1.070300497824772767e+00
1.106078326180257500e+04 1.053187609118053647e+00
1.108080472103004286e+04 1.038736163247093947e+00
1.110082618025751071e+04 1.025662620597337815e+00
1.112084763948497857e+04 1.013337631038946585e+00
1.114086909871244643e+04 1.004623492452208389e+00
1.116089055793991429e+04 1.001734733849230841e+00
1.118091201716738215e+04 1.000000000000000000e+00
1.120093347639485000e+04 9.994253872474880840e-01
1.122095493562231786e+04 9.965547879640029860e-01
1.124097639484978572e+04 9.908384287519099720e-01
1.126099785407725358e+04 9.840147401790507731e-01
1.128101931330472144e+04 9.766809044378781390e-01
1.130104077253218929e+04 9.699567678486654687e-01
1.132106223175965715e+04 9.627265699380248565e-01
1.134108369098712501e+04 9.561006882382085958e-01
1.136110515021459287e+04 9.489688100716774377e-01
1.138112660944206073e+04 9.418950417275218090e-01
1.140114806866952858e+04 9.343346036209684291e-01
1.142116952789699644e+04 9.257691768899312112e-01
1.144119098712446430e+04 9.183366322763744094e-01
1.146121244635193216e+04 9.162243142911250526e-01
1.148123390557940002e+04 9.188644199264807133e-01
1.150125536480686787e+04 9.225730718045435097e-01
1.152127682403433573e+04 9.284388562741744400e-01
1.154129828326180359e+04 9.327206941010746100e-01
1.156131974248927145e+04 9.316492942510188335e-01
1.158134120171673931e+04 9.209862066997512864e-01
1.160136266094420716e+04 9.114901796994373528e-01
1.162138412017167502e+04 9.062571178046938680e-01
1.164140557939914288e+04 8.948689545679767710e-01
1.166142703862660892e+04 8.830853072945985538e-01
1.168144849785407678e+04 8.979884013832213352e-01
1.170146995708154464e+04 9.360163511701085071e-01
1.172149141630901249e+04 9.744783735475786024e-01
1.174151287553648035e+04 9.988618646508092835e-01
1.176153433476394821e+04 9.994338832148221829e-01
1.178155579399141607e+04 9.862893246549081505e-01
1.180157725321888393e+04 9.772424813931829268e-01
1.182159871244635178e+04 9.721958767967996407e-01
1.184162017167381964e+04 9.649446011046054483e-01
1.186164163090128750e+04 9.544522111565669764e-01
1.188166309012875536e+04 9.440702039291577474e-01
1.190168454935622321e+04 9.321918039208564322e-01
1.192170600858369107e+04 9.188728510391022120e-01
1.194172746781115893e+04 9.041811833131417897e-01
1.196174892703862679e+04 8.902353447806223841e-01
1.198177038626609465e+04 8.765067046801754413e-01
1.200179184549356250e+04 8.634873157153345469e-01
1.202181330472103036e+04 8.516353764297220907e-01
1.204183476394849822e+04 8.409184594671017532e-01
1.206185622317596608e+04 8.312940849908037055e-01
1.208187768240343394e+04 8.231938611123361671e-01
1.210189914163090179e+04 8.156491827009133555e-01
1.212192060085836965e+04 8.086339781621212364e-01
1.214194206008583751e+04 8.030702869431899371e-01
1.216196351931330537e+04 7.979967676411302557e-01
1.218198497854077323e+04 7.929627448589668948e-01
1.220200643776824108e+04 7.884102034622039179e-01
1.222202789699570894e+04 7.838838633692801761e-01
1.224204935622317680e+04 7.798351133790083489e-01
1.226207081545064466e+04 7.753574143204392533e-01
1.228209227467811252e+04 7.713504956197126949e-01
1.230211373390558037e+04 7.673664057777764835e-01
1.232213519313304823e+04 7.638409684624504203e-01
1.234215665236051609e+04 7.603283075254813062e-01
1.236217811158798395e+04 7.572717697813359239e-01
1.238219957081545181e+04 7.550961535967126714e-01
1.240222103004291966e+04 7.533603820720821131e-01
1.242224248927038752e+04 7.516287612490498704e-01
1.244226394849785356e+04 7.516287612490498704e-01
1.246228540772532142e+04 7.511951426414545940e-01
1.248230686695278928e+04 7.494633272542849944e-01
1.250232832618025714e+04 7.464517338258831458e-01
1.252234978540772499e+04 7.430240325622541331e-01
1.254237124463519285e+04 7.387596406530091420e-01
1.256239270386266071e+04 7.319871224482913386e-01
1.258241416309012857e+04 7.194730814030410038e-01
1.260243562231759643e+04 6.903092791528417926e-01
1.262245708154506428e+04 6.641365113871904313e-01
1.264247854077253214e+04 6.785179141686793480e-01
1.266250000000000000e+04 7.360658353157255585e-01
1.268252145922746786e+04 8.117049136524358000e-01
1.270254291845493572e+04 8.827477385161761614e-01
1.272256437768240357e+04 9.365638546528066710e-01
1.274258583690987143e+04 9.699722032702339236e-01
1.276260729613733929e+04 9.823148333104180230e-01
1.278262875536480715e+04 9.761257480991083479e-01
1.280265021459227501e+04 9.539261097289852831e-01
1.282267167381974286e+04 9.226228802237226301e-01
1.284269313304721072e+04 8.882384681835751028e-01
1.286271459227467858e+04 8.521753567657732731e-01
1.288273605150214644e+04 8.180482233700064887e-01
1.290275751072961430e+04 7.875381021435780005e-01
1.292277896995708215e+04 7.616717728943620536e-01
1.294280042918455001e+04 7.392003284242638639e-01
1.296282188841201787e+04 7.211266820069679451e-01
1.298284334763948573e+04 7.051135995143679169e-01
1.300286480686695359e+04 6.922377340282298563e-01
1.302288626609442144e+04 6.823457690082675997e-01
1.304290772532188930e+04 6.741462525650039339e-01
1.306292918454935716e+04 6.675788049611260933e-01
1.308295064377682502e+04 6.618385143601304144e-01
1.310297210300429288e+04 6.569050163823002553e-01
1.312299356223176073e+04 6.527598274345809415e-01
1.314301502145922859e+04 6.486357162684154298e-01
1.316303648068669645e+04 6.449143528667079517e-01
1.318305793991416431e+04 6.412136132635668506e-01
1.320307939914163217e+04 6.382649289062641840e-01
1.322310085836910002e+04 6.346028427117571535e-01
1.324312231759656606e+04 6.324164606448633430e-01
1.326314377682403392e+04 6.284216049206566845e-01
1.328316523605150178e+04 6.230225798166947326e-01
1.330318669527896964e+04 6.190870661544009002e-01
1.332320815450643750e+04 6.151798940014578942e-01
1.334322961373390535e+04 6.109459189523629430e-01
1.336325107296137321e+04 6.060419947234206850e-01
1.338327253218884107e+04 6.022178366024432128e-01
1.340329399141630893e+04 5.994462704649045071e-01
1.342331545064377679e+04 5.977245075581680833e-01
1.344333690987124464e+04 5.956651110182966669e-01
1.346335836909871250e+04 5.915655149334461127e-01
1.348337982832618036e+04 5.868171771597266995e-01
1.350340128755364822e+04 5.821071036663666431e-01
1.352342274678111607e+04 5.787634541101025487e-01
1.354344420600858393e+04 5.767687825732793483e-01
1.356346566523605179e+04 5.754428928314788694e-01
1.358348712446351965e+04 5.754428928314788694e-01
1.360350858369098751e+04 5.767687825732793483e-01
1.362353004291845536e+04 5.767687825732793483e-01
1.364355150214592322e+04 5.767687825732793483e-01
1.366357296137339108e+04 5.761058377023791088e-01
1.368359442060085894e+04 5.751121986525784546e-01
1.370361587982832680e+04 5.734602842711756798e-01
1.372363733905579465e+04 5.714807238823587099e-01
1.374365879828326251e+04 5.695097243155882172e-01
1.376368025751073037e+04 5.668943931803973602e-01
1.378370171673819823e+04 5.649412935142693604e-01
1.380372317596566609e+04 5.623434082967336822e-01
1.382374463519313394e+04 5.604039929749374815e-01
1.384376609442060180e+04 5.578305579840042716e-01
1.386378755364806966e+04 5.552689265507410044e-01
1.388380901287553752e+04 5.533522103783105051e-01
1.390383047210300538e+04 5.508099705040767624e-01
1.392385193133047323e+04 5.482806367176251694e-01
1.394387339055794109e+04 5.457616148304567094e-01
1.396389484978540895e+04 5.435640128983051378e-01
1.398391630901287681e+04 5.416910088020815417e-01
1.400393776824034285e+04 5.401350793951390505e-01
1.402395922746781071e+04 5.385834303992196315e-01
1.404398068669527856e+04 5.367261859981269367e-01
1.406400214592274642e+04 5.348731571533450468e-01
1.408402360515021428e+04 5.327234828537110722e-01
1.410404506437768214e+04 5.308880944907219401e-01
1.412406652360515000e+04 5.284466388396713565e-01
1.414408798283261785e+04 5.266241565644642630e-01
1.416410944206008571e+04 5.242058540457666949e-01
1.418413090128755357e+04 5.217985768281895309e-01
1.420415236051502143e+04 5.193979147912846095e-01
1.422417381974248929e+04 5.188003434705572570e-01
1.424419527896995714e+04 5.188003434705572570e-01
1.426421673819742500e+04 5.188003434705572570e-01
1.428423819742489286e+04 5.185022063573183626e-01
1.430425965665236072e+04 5.146399785201192234e-01
1.432428111587982858e+04 5.084564708140822953e-01
1.434430257510729643e+04 5.046644157757790294e-01
1.436432403433476429e+04 5.043737369544746274e-01
1.438434549356223215e+04 5.064102397808429856e-01
1.440436695278970001e+04 5.069928945177014645e-01
1.442438841201716787e+04 5.069928945177014645e-01
1.444440987124463572e+04 5.069928945177014645e-01
1.446443133047210358e+04 5.069928945177014645e-01
1.448445278969957144e+04 5.058275850439845067e-01
1.450447424892703930e+04 5.043737369544746274e-01
1.452449570815450716e+04 5.023435250352160653e-01
1.454451716738197501e+04 4.994613167581982704e-01
1.456453862660944287e+04 4.971677947062989045e-01
1.458456008583691073e+04 4.957364512020172587e-01
1.460458154506437859e+04 4.943116580236953106e-01
1.462460300429184645e+04 4.920417430871361630e-01
1.464462446351931430e+04 4.886554191300648831e-01
1.466464592274678216e+04 4.847329412649781788e-01
1.468466738197425002e+04 4.802892909304575797e-01
1.470468884120171788e+04 4.772564900110772279e-01
1.472471030042918574e+04 4.739728310638507414e-01
1.474473175965665359e+04 4.704377303963659940e-01
1.476475321888412145e+04 4.663945579113668582e-01
1.478477467811158931e+04 4.629159456984463517e-01
1.480479613733905717e+04 4.586732152631674553e-01
1.482481759656652321e+04 4.555144664921641495e-01
1.484483905579399107e+04 4.521194520036214692e-01
1.486486051502145892e+04 4.495228638803352439e-01
1.488488197424892678e+04 4.474571115786415421e-01
1.490490343347639464e+04 4.456590795300368613e-01
1.492492489270386250e+04 4.443785232322550738e-01
1.494494635193133036e+04 4.436119405308228125e-01
1.496496781115879821e+04 4.420796830939329736e-01
1.498498927038626607e+04 4.407590076710153348e-01
