2.429007118055555566e+03 6.015967557022549039e-01
2.449021354166666697e+03 5.342376416451006804e-01
2.469035590277777828e+03 8.361289053772863467e-01
2.489049826388888960e+03 1.031487531162204485e+00
2.509064062500000091e+03 1.237165805722655998e+00
2.529078298611111222e+03 1.470535445512623607e+00
2.549092534722222354e+03 1.661707965732029502e+00
2.569106770833333485e+03 1.656861411686961549e+00
2.589121006944444616e+03 1.580994982776724234e+00
2.609135243055555748e+03 1.283500052933834068e+00
2.629149479166666879e+03 9.694852457768783349e-01
2.649163715277778010e+03 8.659063534540927254e-01
2.669177951388889142e+03 7.242900743974678424e-01
2.689192187500000273e+03 8.446627436604667860e-01
2.709206423611110949e+03 1.225290165948512255e+00
2.729220659722222081e+03 1.538302809411447036e+00
2.749234895833333212e+03 1.882696362861621786e+00
2.769249131944444343e+03 2.138794020322824618e+00
2.789263368055555475e+03 2.091048832121380485e+00
2.809277604166666606e+03 1.970119321527644018e+00
2.829291840277777737e+03 2.071181502017325204e+00
2.849306076388888869e+03 2.064889722434564145e+00
2.869320312500000000e+03 2.118152085498879345e+00
2.889334548611111131e+03 2.133184540909188076e+00
2.909348784722222263e+03 2.201358044831378091e+00
2.929363020833333394e+03 2.244556574589423370e+00
2.949377256944444525e+03 2.293557104681271941e+00
2.969391493055555657e+03 2.238426798912086735e+00
2.989405729166666788e+03 2.092699764943635632e+00
3.009419965277777919e+03 2.086138230020679885e+00
3.029434201388889051e+03 2.097138295198995195e+00
3.049448437500000182e+03 2.151964561080558003e+00
3.069462673611111313e+03 2.171240388553180800e+00
3.089476909722222445e+03 2.210641245365463803e+00
3.109491145833333576e+03 2.230379349098448039e+00
3.129505381944444707e+03 2.180207116341785767e+00
3.149519618055555384e+03 2.163064842628275919e+00
3.169533854166666515e+03 2.087214237355312640e+00
3.189548090277777646e+03 2.082715049823735676e+00
3.209562326388888778e+03 2.084600699932221968e+00
3.229576562499999909e+03 2.092109015818739426e+00
3.249590798611111040e+03 2.081335756108017687e+00
3.269605034722222172e+03 2.071401149172818812e+00
3.289619270833333303e+03 2.066530106165302971e+00
3.309633506944444434e+03 2.099345692598719282e+00
3.329647743055555566e+03 2.125454694100834541e+00
3.349661979166666697e+03 2.154282723941200572e+00
3.369676215277777828e+03 2.121132957358688120e+00
3.389690451388888960e+03 2.087306541906077673e+00
3.409704687500000091e+03 2.073358005649038827e+00
3.429718923611111222e+03 2.070319867292428562e+00
3.449733159722222354e+03 2.047117140502972887e+00
3.469747395833333485e+03 1.986000978804991268e+00
3.489761631944444616e+03 1.957576451715112631e+00
3.509775868055555748e+03 1.964551284973534706e+00
3.529790104166666879e+03 1.966050009475344362e+00
3.549804340277778010e+03 2.022297765438689776e+00
3.569818576388889142e+03 2.042333127500464141e+00
3.589832812500000273e+03 2.003227645250629241e+00
3.609847048611111404e+03 1.939561240678652876e+00
3.629861284722222535e+03 1.898643951960944154e+00
3.649875520833333667e+03 1.865609848631839318e+00
3.669889756944444798e+03 1.817969774592287147e+00
3.689903993055555929e+03 1.809934004129968965e+00
3.709918229166667061e+03 1.833300241837922728e+00
3.729932465277778192e+03 1.882841412869966868e+00
3.749946701388889323e+03 1.837899645738901633e+00
3.769960937500000455e+03 1.771514212828674939e+00
3.789975173611111586e+03 1.725771091495661436e+00
3.809989409722222717e+03 1.696945322174906234e+00
3.830003645833333394e+03 1.671714532541498377e+00
3.850017881944444525e+03 1.676321848261113967e+00
3.870032118055555657e+03 1.684231029625239628e+00
3.890046354166666788e+03 1.686907861597426228e+00
3.910060590277777919e+03 1.729808379520144213e+00
3.930074826388889051e+03 1.706198005694248510e+00
3.950089062500000182e+03 1.680483464864178433e+00
3.970103298611111313e+03 1.621060432354515690e+00
3.990117534722222445e+03 1.586670394012335672e+00
4.010131770833333576e+03 1.587184662223740661e+00
4.030146006944444707e+03 1.599200077460471769e+00
4.050160243055555839e+03 1.621822604216546893e+00
4.070174479166666970e+03 1.648162932225477828e+00
4.090188715277778101e+03 1.638363579713644658e+00
4.110202951388888323e+03 1.635475765911137858e+00
4.130217187500000364e+03 1.589349863257401241e+00
4.150231423611110586e+03 1.566255264655984636e+00
4.170245659722222626e+03 1.475237703055883420e+00
4.190259895833332848e+03 1.413451674046634965e+00
4.210274131944444889e+03 1.384095059370663128e+00
4.230288368055555111e+03 1.364509163958124383e+00
4.250302604166667152e+03 1.342287502679657685e+00
4.270316840277777374e+03 1.358327396329745085e+00
4.290331076388889414e+03 1.387748812567885848e+00
4.310345312499999636e+03 1.399038977762891767e+00
4.330359548611111677e+03 1.440791905229975800e+00
4.350373784722221899e+03 1.472837784735991917e+00
4.370388020833333940e+03 1.486646545530444063e+00
4.390402256944444161e+03 1.494189145964388565e+00
4.410416493055556202e+03 1.492796665884275731e+00
4.430430729166666424e+03 1.494189145964388565e+00
4.450444965277778465e+03 1.451198960763784074e+00
4.470459201388888687e+03 1.421661881272235473e+00
4.490473437500000728e+03 1.428307432174050762e+00
4.510487673611110949e+03 1.456652841077559435e+00
4.530501909722222990e+03 1.435704982599650181e+00
4.550516145833333212e+03 1.432453225139841191e+00
4.570530381944445253e+03 1.444096784900632979e+00
4.590544618055555475e+03 1.446254074115656429e+00
4.610558854166667516e+03 1.463442311727914502e+00
4.630573090277777737e+03 1.470466876417769742e+00
4.650587326388889778e+03 1.469670420008311051e+00
4.670601562500000000e+03 1.451394118956830459e+00
4.690615798611112041e+03 1.409553784731470971e+00
4.710630034722222263e+03 1.353203175125844870e+00
4.730644270833334303e+03 1.302570173121894159e+00
4.750658506944444525e+03 1.280729032644540411e+00
4.770672743055555657e+03 1.265469018260100498e+00
4.790686979166666788e+03 1.228486540677861782e+00
4.810701215277777919e+03 1.211302070598287761e+00
4.830715451388889051e+03 1.190333113937346754e+00
4.850729687500000182e+03 1.217048688201632256e+00
4.870743923611111313e+03 1.218984446494819185e+00
4.890758159722222445e+03 1.212322695202461720e+00
4.910772395833333576e+03 1.227104609689265269e+00
4.930786631944444707e+03 1.224934134109846529e+00
4.950800868055555839e+03 1.233650320974946979e+00
4.970815104166666970e+03 1.223043209455602742e+00
4.990829340277778101e+03 1.221537326641692900e+00
5.010843576388889232e+03 1.222476195786617481e+00
5.030857812500000364e+03 1.213263071360459744e+00
5.050872048611111495e+03 1.239170133110697236e+00
5.070886284722222626e+03 1.237603593020569992e+00
5.090900520833333758e+03 1.235499049263127036e+00
5.110914756944444889e+03 1.250573701039499719e+00
5.130928993055556020e+03 1.236997020258399749e+00
5.150943229166667152e+03 1.223866038593851346e+00
5.170957465277778283e+03 1.217356118868670123e+00
5.190971701388889414e+03 1.210626928741263431e+00
5.210985937500000546e+03 1.189288753877261851e+00
5.231000173611111677e+03 1.172953485664726347e+00
5.251014409722221899e+03 1.153197674528125827e+00
5.271028645833333940e+03 1.125949371142281885e+00
5.291042881944444161e+03 1.113399343017650311e+00
5.311057118055556202e+03 1.089547093593423499e+00
5.331071354166666424e+03 1.079174699360310630e+00
5.351085590277778465e+03 1.052256055084341835e+00
5.371099826388888687e+03 1.048437283955547805e+00
5.391114062500000728e+03 1.023631095255659096e+00
5.411128298611110949e+03 1.013335181936036999e+00
5.431142534722222990e+03 1.008116395661761366e+00
5.451156770833333212e+03 9.918836043382384116e-01
5.471171006944445253e+03 9.599066706803446314e-01
5.491185243055555475e+03 9.389271649278875254e-01
5.511199479166667516e+03 9.118186370046306166e-01
5.531213715277777737e+03 8.876612174329763238e-01
5.551227951388889778e+03 8.874370492382612774e-01
5.571242187500000000e+03 8.756891288221146930e-01
5.591256423611112041e+03 8.879486801767876303e-01
5.611270659722222263e+03 8.943335178168503319e-01
5.631284895833334303e+03 9.098934278029594536e-01
5.651299131944444525e+03 9.069528685428727144e-01
5.671313368055556566e+03 9.107821887631830649e-01
5.691327604166666788e+03 9.148119417222971839e-01
5.711341840277778829e+03 9.029359251948849696e-01
5.731356076388889051e+03 8.891961102485552715e-01
5.751370312500001091e+03 8.914694394702548097e-01
5.771384548611111313e+03 8.796940160655127849e-01
5.791398784722222445e+03 8.734463166151581470e-01
5.811413020833333576e+03 8.730164411358809495e-01
5.831427256944444707e+03 8.595716239987311047e-01
5.851441493055555839e+03 8.435234417767382142e-01
5.871455729166666970e+03 8.501117261817524584e-01
5.891469965277778101e+03 8.361526408331974025e-01
5.911484201388889232e+03 8.231561600854775396e-01
5.931498437500000364e+03 8.157190505666934710e-01
5.951512673611111495e+03 8.098748538668258945e-01
5.971526909722222626e+03 8.171616388315071644e-01
5.991541145833333758e+03 8.093263011079936398e-01
6.011555381944444889e+03 8.073246109928314818e-01
6.031569618055556020e+03 7.862607125082461401e-01
6.051583854166667152e+03 7.676811250756802041e-01
6.071598090277778283e+03 7.642104739669141056e-01
6.091612326388889414e+03 7.558292207574472954e-01
6.111626562500000546e+03 7.513959650478455599e-01
6.131640798611111677e+03 7.509837969721846473e-01
6.151655034722222808e+03 7.381067470105568962e-01
6.171669270833333940e+03 7.534029297087657673e-01
6.191683506944445071e+03 7.524772469282363652e-01
6.211697743055556202e+03 7.690234969710920687e-01
6.231711979166667334e+03 7.612593656153114896e-01
6.251726215277778465e+03 7.618105556470228246e-01
6.271740451388888687e+03 7.443408833432481053e-01
6.291754687500000728e+03 7.364373532781489651e-01
6.311768923611110949e+03 7.098694662950874035e-01
6.331783159722222990e+03 7.135669228714475176e-01
6.351797395833333212e+03 7.125436609943950339e-01
6.371811631944445253e+03 7.196933077693681291e-01
6.391825868055555475e+03 7.199423416797995356e-01
6.411840104166667516e+03 7.267611990850924020e-01
6.431854340277777737e+03 7.356514459602064848e-01
6.451868576388889778e+03 7.538855506456231259e-01
6.471882812500000000e+03 7.690340460626081676e-01
6.491897048611112041e+03 7.713021007385493233e-01
6.511911284722222263e+03 7.772227783519077837e-01
6.531925520833334303e+03 7.711928422907050606e-01
6.551939756944444525e+03 7.953619412136804234e-01
6.571953993055556566e+03 7.809940785688800347e-01
6.591968229166666788e+03 7.609428928698311889e-01
6.611982465277778829e+03 7.499059058712098658e-01
6.631996701388889051e+03 7.652152749338138049e-01
6.652010937500001091e+03 7.499164549627258536e-01
6.672025173611111313e+03 7.436657414862237747e-01
6.692039409722223354e+03 7.399422889343419962e-01
6.712053645833333576e+03 7.224466206550458347e-01
6.732067881944445617e+03 7.175492049187399690e-01
6.752082118055555839e+03 7.034371577432027012e-01
6.772096354166667879e+03 6.888187541748970188e-01
6.792110590277778101e+03 6.845331857465195569e-01
6.812124826388890142e+03 6.851273256508316756e-01
6.832139062500000364e+03 6.832699320374777674e-01
6.852153298611112405e+03 6.975929610433353467e-01
6.872167534722222626e+03 6.903246369888068612e-01
6.892181770833334667e+03 6.856461149014581036e-01
6.912196006944444889e+03 6.687807548402433522e-01
6.932210243055556930e+03 6.560453641075449926e-01
6.952224479166667152e+03 6.523407492190845813e-01
6.972238715277779193e+03 6.622297690088034816e-01
6.992252951388889414e+03 6.483234291178283648e-01
7.012267187500001455e+03 6.871467231696100075e-01
7.032281423611111677e+03 6.602359907122783422e-01
7.052295659722221899e+03 6.755743697765513867e-01
7.072309895833333940e+03 6.808990237192554806e-01
7.092324131944444161e+03 6.944738207340134251e-01
7.112338368055556202e+03 6.904274906310879922e-01
7.132352604166666424e+03 6.844065966483274810e-01
7.152366840277778465e+03 6.951956799963228129e-01
7.172381076388888687e+03 7.044287723457072214e-01
7.192395312500000728e+03 6.946471272374904471e-01
7.212409548611110949e+03 6.961582845971583389e-01
7.232423784722222990e+03 6.898714028068870796e-01
7.252438020833333212e+03 6.779611017320477107e-01
7.272452256944445253e+03 6.733432369209161328e-01
7.292466493055555475e+03 6.604232370866874868e-01
7.312480729166667516e+03 6.627651354032407793e-01
7.332494965277777737e+03 6.598694097820971827e-01
7.352509201388889778e+03 6.534981352596979098e-01
7.372523437500000000e+03 6.291346316502129943e-01
7.392537673611112041e+03 6.369304102805417589e-01
7.412551909722222263e+03 6.257958441853972431e-01
7.432566145833334303e+03 5.973713170955184948e-01
7.452580381944444525e+03 5.914822867567081088e-01
7.472594618055556566e+03 5.566808338454036775e-01
7.492608854166666788e+03 5.520821834509619386e-01
7.512623090277778829e+03 5.646849570331734514e-01
7.532637326388889051e+03 5.609004704518062434e-01
7.552651562500001091e+03 5.736965184607215607e-01
7.572665798611111313e+03 5.674910153764309850e-01
7.592680034722223354e+03 5.706161837380480106e-01
7.612694270833333576e+03 5.580891375627905493e-01
7.632708506944445617e+03 5.732918854504291950e-01
7.652722743055555839e+03 5.913451485670000451e-01
7.672736979166667879e+03 5.994415763055347401e-01
7.692751215277778101e+03 6.168080182137598566e-01
7.712765451388890142e+03 6.397417431695573420e-01
7.732779687500000364e+03 6.179710555533995953e-01
7.752793923611112405e+03 6.100856096451849897e-01
7.772808159722222626e+03 6.230805833798309656e-01
7.792822395833334667e+03 6.334386609887436848e-01
7.812836631944444889e+03 6.138753707723101360e-01
7.832850868055556930e+03 6.252050950605008151e-01
7.852865104166667152e+03 6.307723781080731840e-01
7.872879340277779193e+03 6.141839316991533071e-01
7.892893576388889414e+03 6.129444134460225735e-01
7.912907812500001455e+03 6.067264775038738733e-01
7.932922048611111677e+03 5.690153591004940559e-01
7.952936284722223718e+03 5.868828828557294264e-01
7.972950520833333940e+03 5.661169962064713790e-01
7.992964756944445980e+03 5.611404622837953271e-01
8.012978993055556202e+03 5.536374209430359183e-01
8.032993229166668243e+03 5.653943834376248256e-01
8.053007465277778465e+03 5.105006787210130126e-01
8.073021701388888687e+03 5.728156693191353011e-01
8.093035937500000728e+03 4.909415327905322091e-01
8.113050173611110949e+03 5.359676926537256803e-01
8.133064409722222990e+03 4.973474686136269973e-01
8.153078645833333212e+03 4.840002305730002341e-01
8.173092881944445253e+03 5.366307030555065305e-01
