3.410000000000000000e+03 6.391031357266853119e-01
3.430000000000000000e+03 1.216666524219463863e+00
3.450000000000000000e+03 6.110207095681872147e-01
3.470000000000000000e+03 4.544095874842819516e-01
3.490000000000000000e+03 9.645405675813397695e-01
3.510000000000000000e+03 1.072366821214459032e+00
3.530000000000000000e+03 7.940937169267551221e-01
3.550000000000000000e+03 8.065168025948776798e-01
3.570000000000000000e+03 6.923500104650976983e-01
3.590000000000000000e+03 1.161350440203212653e+00
3.610000000000000000e+03 1.113254921485470117e+00
3.630000000000000000e+03 7.669778399304733041e-01
3.650000000000000000e+03 1.152588257547568773e+00
3.670000000000000000e+03 8.206595999705039723e-01
3.690000000000000000e+03 1.060385770071593736e+00
3.710000000000000000e+03 7.748749686465929987e-01
3.730000000000000000e+03 8.459903173086734673e-01
3.750000000000000000e+03 1.073763632329870932e+00
3.770000000000000000e+03 9.211444980255653059e-01
3.790000000000000000e+03 1.253601723092266029e+00
3.810000000000000000e+03 1.110284348016572054e+00
3.830000000000000000e+03 9.148393048155164520e-01
3.850000000000000000e+03 7.394000034738738014e-01
3.870000000000000000e+03 8.678334753881880026e-01
3.890000000000000000e+03 9.680763178244948808e-01
3.910000000000000000e+03 7.349653661364287105e-01
3.930000000000000000e+03 8.650018038481657179e-01
3.950000000000000000e+03 1.127535490402490792e+00
3.970000000000000000e+03 1.189482476162768476e+00
3.990000000000000000e+03 7.907042320371197031e-01
4.010000000000000000e+03 1.156313073049986873e+00
4.030000000000000000e+03 1.025935686720892859e+00
4.050000000000000000e+03 8.700681708483333221e-01
4.070000000000000000e+03 9.463133981689377805e-01
4.090000000000000000e+03 9.085862875769800118e-01
4.110000000000000000e+03 1.065822134314506897e+00
4.130000000000000000e+03 6.661880129597121947e-01
4.150000000000000000e+03 1.009914539525207156e+00
4.170000000000000000e+03 1.094642614424639060e+00
4.190000000000000000e+03 9.508115238359167165e-01
4.210000000000000000e+03 1.584136935266738488e+00
4.230000000000000000e+03 8.982605478672123223e-01
4.250000000000000000e+03 9.287291901868029997e-01
4.270000000000000000e+03 1.001741099995964168e+00
4.290000000000000000e+03 8.535434434525148717e-01
4.310000000000000000e+03 9.686917024659816855e-01
4.330000000000000000e+03 8.819088630713290966e-01
4.350000000000000000e+03 9.858364463349180706e-01
4.370000000000000000e+03 1.026161668781070846e+00
4.390000000000000000e+03 8.024514265818739611e-01
4.410000000000000000e+03 1.193894416676901438e+00
4.430000000000000000e+03 1.364183170023447467e+00
4.450000000000000000e+03 1.401332580505167735e+00
4.470000000000000000e+03 1.469055854778335668e+00
4.490000000000000000e+03 1.270436509623892318e+00
4.510000000000000000e+03 1.397309970465074658e+00
4.530000000000000000e+03 1.245515686056233529e+00
4.550000000000000000e+03 1.448082013450423533e+00
4.570000000000000000e+03 1.216746476335147209e+00
4.590000000000000000e+03 1.316920778691487826e+00
4.610000000000000000e+03 1.306431228233015940e+00
4.630000000000000000e+03 9.321473907359083544e-01
4.650000000000000000e+03 1.193585536707021832e+00
4.670000000000000000e+03 9.667772078169455385e-01
4.690000000000000000e+03 1.099856097219940487e+00
4.710000000000000000e+03 1.138997555839285969e+00
4.730000000000000000e+03 1.025414773205778785e+00
4.750000000000000000e+03 1.178374535886335117e+00
4.770000000000000000e+03 1.256687031950921796e+00
4.790000000000000000e+03 1.360047315517422861e+00
4.810000000000000000e+03 1.181168461391848723e+00
4.830000000000000000e+03 1.247253280366444228e+00
4.850000000000000000e+03 1.110929016692472127e+00
4.870000000000000000e+03 1.414123985861631017e+00
4.890000000000000000e+03 1.358854654926104466e+00
4.910000000000000000e+03 1.437937729562239308e+00
4.930000000000000000e+03 1.177309430933038747e+00
4.950000000000000000e+03 9.825237811363695117e-01
4.970000000000000000e+03 1.209298474106269117e+00
4.990000000000000000e+03 1.375651619074349519e+00
5.010000000000000000e+03 1.118073065574583635e+00
5.030000000000000000e+03 1.428274125453881105e+00
5.050000000000000000e+03 1.301734436435989739e+00
5.070000000000000000e+03 1.589149981062298211e+00
5.090000000000000000e+03 1.704953852090134170e+00
5.110000000000000000e+03 1.703795427605967028e+00
5.130000000000000000e+03 1.903454814075330459e+00
5.150000000000000000e+03 1.933739485302131467e+00
5.170000000000000000e+03 1.675477015564120764e+00
5.190000000000000000e+03 1.529516803040245954e+00
5.210000000000000000e+03 1.577397280915477706e+00
5.230000000000000000e+03 1.403185991814170919e+00
5.250000000000000000e+03 1.429172900145663005e+00
5.270000000000000000e+03 1.221153545367019921e+00
5.290000000000000000e+03 1.375867283432657295e+00
5.310000000000000000e+03 1.280150503988454425e+00
5.330000000000000000e+03 1.304078664958516098e+00
5.350000000000000000e+03 7.953662596472897972e-01
5.370000000000000000e+03 1.075175331475524798e+00
5.390000000000000000e+03 9.180374106508755183e-01
5.410000000000000000e+03 1.359710483376803891e+00
5.430000000000000000e+03 1.390725919358666074e+00
5.450000000000000000e+03 9.313670670790382689e-01
5.470000000000000000e+03 1.143755553982863216e+00
5.490000000000000000e+03 1.352293678145769285e+00
5.510000000000000000e+03 1.238465694744099066e+00
5.530000000000000000e+03 1.196568868920925288e+00
5.550000000000000000e+03 1.499192515231547285e+00
5.570000000000000000e+03 1.672829385103355326e+00
5.590000000000000000e+03 1.294896050267080323e+00
5.610000000000000000e+03 1.601864125600852562e+00
5.630000000000000000e+03 1.336088205683355179e+00
5.650000000000000000e+03 1.784722624438218164e+00
5.670000000000000000e+03 1.334056837876115953e+00
5.690000000000000000e+03 1.222680295901934056e+00
5.710000000000000000e+03 1.257736001842383322e+00
5.730000000000000000e+03 1.018787752529464852e+00
5.750000000000000000e+03 1.027248238371700761e+00
5.770000000000000000e+03 9.859574635402849063e-01
5.790000000000000000e+03 1.296846857288453281e+00
5.810000000000000000e+03 1.242287761744349517e+00
5.830000000000000000e+03 1.665778290974165632e+00
5.850000000000000000e+03 1.487968191702180087e+00
5.870000000000000000e+03 1.527527045368812120e+00
5.890000000000000000e+03 1.293534016063336400e+00
5.910000000000000000e+03 1.481705526935214179e+00
5.930000000000000000e+03 1.277323262803870429e+00
5.950000000000000000e+03 1.495848222512343506e+00
5.970000000000000000e+03 1.690797710628142658e+00
5.990000000000000000e+03 1.221973129311047179e+00
6.010000000000000000e+03 1.256821575631628329e+00
6.030000000000000000e+03 1.797426737583176060e+00
6.050000000000000000e+03 1.174923212651144189e+00
6.070000000000000000e+03 1.112649496130310611e+00
6.090000000000000000e+03 1.171263692401588452e+00
6.110000000000000000e+03 1.221650343242264736e+00
6.130000000000000000e+03 1.130722932845249051e+00
6.150000000000000000e+03 1.090308384338445569e+00
6.170000000000000000e+03 1.227595884481864630e+00
6.190000000000000000e+03 1.086360394717735378e+00
6.210000000000000000e+03 1.234397720748610094e+00
6.230000000000000000e+03 9.623239498376876533e-01
6.250000000000000000e+03 1.029189701139335167e+00
6.270000000000000000e+03 1.416535507432530983e+00
6.290000000000000000e+03 1.066774533485587151e+00
6.310000000000000000e+03 1.518085398038381273e+00
6.330000000000000000e+03 9.016975662927191326e-01
6.350000000000000000e+03 9.159990272305255088e-01
6.370000000000000000e+03 1.023364540864493799e+00
6.390000000000000000e+03 9.001477096197014749e-01
6.410000000000000000e+03 8.946694977111563363e-01
6.430000000000000000e+03 9.076543880783102258e-01
6.450000000000000000e+03 9.384824533217305254e-01
6.470000000000000000e+03 9.699131359784245454e-01
6.490000000000000000e+03 9.496289370542353447e-01
6.510000000000000000e+03 6.420013495511630586e-01
6.530000000000000000e+03 7.860127528491754889e-01
6.550000000000000000e+03 7.125470507883094884e-01
6.570000000000000000e+03 8.559043711702158941e-01
6.590000000000000000e+03 8.609900968513025665e-01
6.610000000000000000e+03 9.650752069271841815e-01
6.630000000000000000e+03 1.082219204273806357e+00
6.650000000000000000e+03 8.975114021209675830e-01
6.670000000000000000e+03 9.717889450776535654e-01
6.690000000000000000e+03 1.041944819573085601e+00
6.710000000000000000e+03 9.337049310746764474e-01
6.730000000000000000e+03 8.908523955084552970e-01
6.750000000000000000e+03 7.485292375782451879e-01
6.770000000000000000e+03 9.968827518627906281e-01
6.790000000000000000e+03 7.130510021287973510e-01
6.810000000000000000e+03 8.814320092183629551e-01
6.830000000000000000e+03 7.507394780701965864e-01
6.850000000000000000e+03 1.060672455848242102e+00
6.870000000000000000e+03 5.953987588175790879e-01
6.890000000000000000e+03 7.655921015224538273e-01
6.910000000000000000e+03 8.267230832525289674e-01
6.930000000000000000e+03 9.954840489919690727e-01
6.950000000000000000e+03 1.040118045537564484e+00
6.970000000000000000e+03 1.019570718705662626e+00
6.990000000000000000e+03 1.000000000000000000e+00
7.010000000000000000e+03 1.038557071620311634e+00
7.030000000000000000e+03 1.153750978776646230e+00
7.050000000000000000e+03 1.391687809118825392e+00
7.070000000000000000e+03 1.637284085652152887e+00
7.090000000000000000e+03 1.900446265525304934e+00
7.110000000000000000e+03 1.860399309271745460e+00
7.130000000000000000e+03 2.203092710457736469e+00
7.150000000000000000e+03 1.905176650826467144e+00
7.170000000000000000e+03 1.670709388979332966e+00
7.190000000000000000e+03 1.365873682528618849e+00
7.210000000000000000e+03 1.516043771911729010e+00
7.230000000000000000e+03 1.430434819768835464e+00
7.250000000000000000e+03 1.022783557752716010e+00
7.270000000000000000e+03 1.048865463169484036e+00
7.290000000000000000e+03 8.795902305084879469e-01
7.310000000000000000e+03 9.698980528343958962e-01
7.330000000000000000e+03 1.120748315240170490e+00
7.350000000000000000e+03 1.347991270694017585e+00
7.370000000000000000e+03 1.045548719668634163e+00
7.390000000000000000e+03 1.060206980098160612e+00
7.410000000000000000e+03 1.483306287098527410e+00
7.430000000000000000e+03 6.919365707135946009e-01
7.450000000000000000e+03 6.966249344433583790e-01
7.470000000000000000e+03 7.881261193460558090e-01
7.490000000000000000e+03 8.774959279010445812e-01
7.510000000000000000e+03 7.951740619634304341e-01
7.530000000000000000e+03 9.456075634417251408e-01
7.550000000000000000e+03 6.890056520010309216e-01
7.570000000000000000e+03 9.744899964207224263e-01
7.590000000000000000e+03 8.668760265874769777e-01
7.610000000000000000e+03 9.578817454786038299e-01
7.630000000000000000e+03 7.102315612540752721e-01
7.650000000000000000e+03 7.591296275131477200e-01
7.670000000000000000e+03 7.573798894905203749e-01
7.690000000000000000e+03 4.469402563494002667e-01
7.710000000000000000e+03 3.548846093884555630e-01
7.730000000000000000e+03 8.490102121495533005e-01
7.750000000000000000e+03 6.561052132431447470e-01
7.770000000000000000e+03 8.825696604466582995e-01
7.790000000000000000e+03 1.965102032952046884e-01
7.810000000000000000e+03 3.609383757918253055e-01
7.830000000000000000e+03 9.086532667466535873e-01
7.850000000000000000e+03 7.380135715635908200e-01
7.870000000000000000e+03 3.382460241907586651e-01
7.890000000000000000e+03 4.522126444210510798e-01
7.910000000000000000e+03 7.187561547000377304e-01
7.930000000000000000e+03 3.726063127835605449e-01
7.950000000000000000e+03 4.760663313070696012e-01
7.970000000000000000e+03 9.100671736472194517e-01
7.990000000000000000e+03 9.062738392728550973e-01
8.010000000000000000e+03 9.621417962722366157e-01
8.030000000000000000e+03 1.346816176705903700e+00
8.050000000000000000e+03 1.020320782759186029e+00
8.070000000000000000e+03 1.017694918089641742e+00
8.090000000000000000e+03 8.305384082231299647e-01
8.110000000000000000e+03 9.371832118244554088e-01
8.130000000000000000e+03 8.630856973895876250e-01
8.150000000000000000e+03 9.341394303903253205e-01
8.170000000000000000e+03 1.242409729069025470e+00
8.190000000000000000e+03 1.049647021133134794e+00
8.210000000000000000e+03 1.169142678292592441e+00
8.230000000000000000e+03 1.064570744473407382e+00
8.250000000000000000e+03 1.265707587676129897e+00
8.270000000000000000e+03 1.146083855282153285e+00
8.290000000000000000e+03 1.436129434074794764e+00
8.310000000000000000e+03 1.073222045236580158e+00
8.330000000000000000e+03 8.233955533525607606e-01
8.350000000000000000e+03 5.138449392138904059e-01
8.370000000000000000e+03 6.743946324366956180e-01
8.390000000000000000e+03 2.416658810862485074e-01
8.410000000000000000e+03 -8.025144992342100880e-02
8.430000000000000000e+03 7.874372934511139066e-01
8.450000000000000000e+03 1.077693374569925311e+00
8.470000000000000000e+03 7.946809165334397518e-01
8.490000000000000000e+03 7.271685301482506691e-01
8.510000000000000000e+03 1.027964269915068174e+00
8.530000000000000000e+03 4.842905216288617143e-01
8.550000000000000000e+03 4.439582008583182193e-01
8.570000000000000000e+03 5.566617647155508442e-01
8.590000000000000000e+03 3.849805661366492715e-01
8.610000000000000000e+03 8.157207461923174918e-01
8.630000000000000000e+03 1.696420705449589728e-01
8.650000000000000000e+03 5.739249468945870625e-01
8.670000000000000000e+03 4.352044526323426976e-01
8.690000000000000000e+03 7.107292435037659839e-01
8.710000000000000000e+03 5.433151312671475885e-01
8.730000000000000000e+03 8.379306439626610370e-01
8.750000000000000000e+03 1.007240757454624491e+00
8.770000000000000000e+03 4.291096429835501991e-01
8.790000000000000000e+03 1.667615287275465930e+00
8.810000000000000000e+03 8.952854401235768034e-01
8.830000000000000000e+03 1.357446817760945279e-01
8.850000000000000000e+03 4.968117707396889626e-01
8.870000000000000000e+03 4.693811892028357247e-01
8.890000000000000000e+03 3.130466290350141234e-01
8.910000000000000000e+03 9.076582330923883557e-01
8.930000000000000000e+03 4.963059806638419613e-01
8.950000000000000000e+03 6.661802889987233911e-01
8.970000000000000000e+03 6.598974978205047748e-01
8.990000000000000000e+03 4.177638738468059665e-01
9.010000000000000000e+03 4.229492729816416996e-01
9.030000000000000000e+03 4.337949169168382468e-01
9.050000000000000000e+03 2.529216221768705308e-01
9.070000000000000000e+03 4.014826251279029479e-01
9.090000000000000000e+03 3.785193752125707300e-01
9.110000000000000000e+03 4.589702343950697316e-01
9.130000000000000000e+03 2.585233093003340699e-01
9.150000000000000000e+03 2.558583858198256178e-01
9.170000000000000000e+03 5.002033043240842192e-01
9.190000000000000000e+03 6.212363648070463595e-01
9.210000000000000000e+03 3.644676162331532132e-01
9.230000000000000000e+03 1.906589747580657856e-01
9.250000000000000000e+03 3.595173885936862601e-01
9.270000000000000000e+03 6.374102733728660430e-01
9.290000000000000000e+03 6.374102733728661541e-01
